Solving SHP


Execution #1/10000

Seed: 1
Estimated max possible cost 313.850076
for path: 
0 1 2 3 4 5 6 7 8 9 10 11 12 13 14 15 16 
Memory needed for path: 252892 locs, for costs: 330616 locs.
Desired precision: 10000
Mem constraint for cost_t: 32 bits
Rounded to pow of 2 bytes mem constraint (capped at 64bits) for cost_t: 32 bits
Bits needed for an int to preserve precision: 22
Bits used per cost_t: 22
Selected cost_t = (u)int32_t
Solving with cost_t = j
Memory [GB] needed: 0.00146716
Distances:
0, 5.08, 242.54, 232.423, 228.124, 218.013, 212.172, 212.044, 211.947, 211.88, 211.843, 211.837, 211.862, 211.917, 212.002, 212.117, 212.263, 
5.08, 0, 247.599, 237.481, 233.181, 223.068, 217.244, 217.119, 217.024, 216.959, 216.923, 216.917, 216.941, 216.995, 217.078, 217.191, 217.333, 
242.54, 247.599, 0, 10.16, 14.478, 24.638, 31.3255, 32.219, 33.2827, 34.501, 35.8581, 37.3389, 38.9292, 40.6162, 42.3883, 44.2354, 46.1484, 
232.423, 237.481, 10.16, 0, 4.318, 14.478, 21.9236, 23.1823, 24.6393, 26.2617, 28.0207, 29.8922, 31.8565, 33.8973, 36.0018, 38.1592, 40.3612, 
228.124, 233.181, 14.478, 4.318, 0, 10.16, 18.1765, 19.6764, 21.3738, 23.2254, 25.1973, 27.2633, 29.4037, 31.6034, 33.8507, 36.1368, 38.4548, 
218.013, 223.068, 24.638, 14.478, 10.16, 0, 11.1326, 13.4428, 15.8236, 18.2474, 20.6991, 23.1698, 25.654, 28.1482, 30.6499, 33.1575, 35.6696, 
212.172, 217.244, 31.3255, 21.9236, 18.1765, 11.1326, 0, 2.54, 5.08, 7.62, 10.16, 12.7, 15.24, 17.78, 20.32, 22.86, 25.4, 
212.044, 217.119, 32.219, 23.1823, 19.6764, 13.4428, 2.54, 0, 2.54, 5.08, 7.62, 10.16, 12.7, 15.24, 17.78, 20.32, 22.86, 
211.947, 217.024, 33.2827, 24.6393, 21.3738, 15.8236, 5.08, 2.54, 0, 2.54, 5.08, 7.62, 10.16, 12.7, 15.24, 17.78, 20.32, 
211.88, 216.959, 34.501, 26.2617, 23.2254, 18.2474, 7.62, 5.08, 2.54, 0, 2.54, 5.08, 7.62, 10.16, 12.7, 15.24, 17.78, 
211.843, 216.923, 35.8581, 28.0207, 25.1973, 20.6991, 10.16, 7.62, 5.08, 2.54, 0, 2.54, 5.08, 7.62, 10.16, 12.7, 15.24, 
211.837, 216.917, 37.3389, 29.8922, 27.2633, 23.1698, 12.7, 10.16, 7.62, 5.08, 2.54, 0, 2.54, 5.08, 7.62, 10.16, 12.7, 
211.862, 216.941, 38.9292, 31.8565, 29.4037, 25.654, 15.24, 12.7, 10.16, 7.62, 5.08, 2.54, 0, 2.54, 5.08, 7.62, 10.16, 
211.917, 216.995, 40.6162, 33.8973, 31.6034, 28.1482, 17.78, 15.24, 12.7, 10.16, 7.62, 5.08, 2.54, 0, 2.54, 5.08, 7.62, 
212.002, 217.078, 42.3883, 36.0018, 33.8507, 30.6499, 20.32, 17.78, 15.24, 12.7, 10.16, 7.62, 5.08, 2.54, 0, 2.54, 5.08, 
212.117, 217.191, 44.2354, 38.1592, 36.1368, 33.1575, 22.86, 20.32, 17.78, 15.24, 12.7, 10.16, 7.62, 5.08, 2.54, 0, 2.54, 
212.263, 217.333, 46.1484, 40.3612, 38.4548, 35.6696, 25.4, 22.86, 20.32, 17.78, 15.24, 12.7, 10.16, 7.62, 5.08, 2.54, 0, 
Scaled Distances:
0, 3.75908e+07, 3.55188e+09, 3.40215e+09, 3.33854e+09, 3.1889e+09, 3.10245e+09, 3.10056e+09, 3.09912e+09, 3.09813e+09, 3.09759e+09, 3.0975e+09, 3.09786e+09, 3.09867e+09, 3.09993e+09, 3.10164e+09, 3.1038e+09, 
3.75908e+07, 0, 3.62676e+09, 3.47701e+09, 3.41338e+09, 3.26371e+09, 3.17752e+09, 3.17567e+09, 3.17426e+09, 3.1733e+09, 3.17277e+09, 3.17268e+09, 3.17303e+09, 3.17382e+09, 3.17506e+09, 3.17673e+09, 3.17884e+09, 
3.55188e+09, 3.62676e+09, 0, 1.12772e+08, 1.76677e+08, 3.2704e+08, 4.26012e+08, 4.39234e+08, 4.54977e+08, 4.73007e+08, 4.93092e+08, 5.15006e+08, 5.38542e+08, 5.63509e+08, 5.89736e+08, 6.17071e+08, 6.45383e+08, 
3.40215e+09, 3.47701e+09, 1.12772e+08, 0, 2.63135e+07, 1.76677e+08, 2.86868e+08, 3.05496e+08, 3.27059e+08, 3.51069e+08, 3.77102e+08, 4.048e+08, 4.3387e+08, 4.64073e+08, 4.95218e+08, 5.27147e+08, 5.59736e+08, 
3.33854e+09, 3.41338e+09, 1.76677e+08, 2.63135e+07, 0, 1.12772e+08, 2.31413e+08, 2.5361e+08, 2.7873e+08, 3.06133e+08, 3.35316e+08, 3.65893e+08, 3.9757e+08, 4.30123e+08, 4.63383e+08, 4.97216e+08, 5.31521e+08, 
3.1889e+09, 3.26371e+09, 3.2704e+08, 1.76677e+08, 1.12772e+08, 0, 1.27167e+08, 1.61356e+08, 1.96591e+08, 2.32462e+08, 2.68745e+08, 3.0531e+08, 3.42076e+08, 3.78989e+08, 4.16013e+08, 4.53123e+08, 4.90302e+08, 
3.10245e+09, 3.17752e+09, 4.26012e+08, 2.86868e+08, 2.31413e+08, 1.27167e+08, 0, 0, 3.75908e+07, 7.51815e+07, 1.12772e+08, 1.50363e+08, 1.87954e+08, 2.25545e+08, 2.63135e+08, 3.00726e+08, 3.38317e+08, 
3.10056e+09, 3.17567e+09, 4.39234e+08, 3.05496e+08, 2.5361e+08, 1.61356e+08, 0, 0, 0, 3.75908e+07, 7.51815e+07, 1.12772e+08, 1.50363e+08, 1.87954e+08, 2.25545e+08, 2.63135e+08, 3.00726e+08, 
3.09912e+09, 3.17426e+09, 4.54977e+08, 3.27059e+08, 2.7873e+08, 1.96591e+08, 3.75908e+07, 0, 0, 0, 3.75908e+07, 7.51815e+07, 1.12772e+08, 1.50363e+08, 1.87954e+08, 2.25545e+08, 2.63135e+08, 
3.09813e+09, 3.1733e+09, 4.73007e+08, 3.51069e+08, 3.06133e+08, 2.32462e+08, 7.51815e+07, 3.75908e+07, 0, 0, 0, 3.75908e+07, 7.51815e+07, 1.12772e+08, 1.50363e+08, 1.87954e+08, 2.25545e+08, 
3.09759e+09, 3.17277e+09, 4.93092e+08, 3.77102e+08, 3.35316e+08, 2.68745e+08, 1.12772e+08, 7.51815e+07, 3.75908e+07, 0, 0, 0, 3.75908e+07, 7.51815e+07, 1.12772e+08, 1.50363e+08, 1.87954e+08, 
3.0975e+09, 3.17268e+09, 5.15006e+08, 4.048e+08, 3.65893e+08, 3.0531e+08, 1.50363e+08, 1.12772e+08, 7.51815e+07, 3.75908e+07, 0, 0, 0, 3.75908e+07, 7.51815e+07, 1.12772e+08, 1.50363e+08, 
3.09786e+09, 3.17303e+09, 5.38542e+08, 4.3387e+08, 3.9757e+08, 3.42076e+08, 1.87954e+08, 1.50363e+08, 1.12772e+08, 7.51815e+07, 3.75908e+07, 0, 0, 0, 3.75908e+07, 7.51815e+07, 1.12772e+08, 
3.09867e+09, 3.17382e+09, 5.63509e+08, 4.64073e+08, 4.30123e+08, 3.78989e+08, 2.25545e+08, 1.87954e+08, 1.50363e+08, 1.12772e+08, 7.51815e+07, 3.75908e+07, 0, 0, 0, 3.75908e+07, 7.51815e+07, 
3.09993e+09, 3.17506e+09, 5.89736e+08, 4.95218e+08, 4.63383e+08, 4.16013e+08, 2.63135e+08, 2.25545e+08, 1.87954e+08, 1.50363e+08, 1.12772e+08, 7.51815e+07, 3.75908e+07, 0, 0, 0, 3.75908e+07, 
3.10164e+09, 3.17673e+09, 6.17071e+08, 5.27147e+08, 4.97216e+08, 4.53123e+08, 3.00726e+08, 2.63135e+08, 2.25545e+08, 1.87954e+08, 1.50363e+08, 1.12772e+08, 7.51815e+07, 3.75908e+07, 0, 0, 0, 
3.1038e+09, 3.17884e+09, 6.45383e+08, 5.59736e+08, 5.31521e+08, 4.90302e+08, 3.38317e+08, 3.00726e+08, 2.63135e+08, 2.25545e+08, 1.87954e+08, 1.50363e+08, 1.12772e+08, 7.51815e+07, 3.75908e+07, 0, 0, 
Optimal total distance (scaled) for 17 points: 3.52042e+09
Optimal total distance for 17 points: 278.513939
Corresponding path (0-indexed):
Point #2
Point #3
Point #4
Point #5
Point #6
Point #7
Point #8
Point #9
Point #10
Point #11
Point #12
Point #13
Point #14
Point #15
Point #16
Point #0
Point #1
Execution time: 14 ms

Elapsed time: 14 ms


Execution #2/10000

Seed: 2
Estimated max possible cost 313.850076
for path: 
0 1 2 3 4 5 6 7 8 9 10 11 12 13 14 15 16 
Execution time: 12 ms

Elapsed time: 26 ms


Execution #3/10000

Seed: 3
Estimated max possible cost 313.850076
for path: 
0 1 2 3 4 5 6 7 8 9 10 11 12 13 14 15 16 
Execution time: 10 ms

Elapsed time: 36 ms


Execution #4/10000

Seed: 4
Estimated max possible cost 313.850076
for path: 
0 1 2 3 4 5 6 7 8 9 10 11 12 13 14 15 16 
Execution time: 14 ms

Elapsed time: 50 ms


Execution #5/10000

Seed: 5
Estimated max possible cost 313.850076
for path: 
0 1 2 3 4 5 6 7 8 9 10 11 12 13 14 15 16 
Execution time: 16 ms

Elapsed time: 66 ms


Execution #6/10000

Seed: 6
Estimated max possible cost 313.850076
for path: 
0 1 2 3 4 5 6 7 8 9 10 11 12 13 14 15 16 
Execution time: 17 ms

Elapsed time: 83 ms


Execution #7/10000

Seed: 7
Estimated max possible cost 313.850076
for path: 
0 1 2 3 4 5 6 7 8 9 10 11 12 13 14 15 16 
Execution time: 14 ms

Elapsed time: 97 ms


Execution #8/10000

Seed: 8
Estimated max possible cost 313.850076
for path: 
0 1 2 3 4 5 6 7 8 9 10 11 12 13 14 15 16 
Execution time: 11 ms

Elapsed time: 108 ms


Execution #9/10000

Seed: 9
Estimated max possible cost 313.850076
for path: 
0 1 2 3 4 5 6 7 8 9 10 11 12 13 14 15 16 
Execution time: 10 ms

Elapsed time: 118 ms


Execution #10/10000

Seed: 10
Estimated max possible cost 313.850076
for path: 
0 1 2 3 4 5 6 7 8 9 10 11 12 13 14 15 16 
Execution time: 10 ms

Elapsed time: 128 ms


Execution #11/10000

Seed: 11
Estimated max possible cost 313.850076
for path: 
0 1 2 3 4 5 6 7 8 9 10 11 12 13 14 15 16 
Execution time: 16 ms

Elapsed time: 144 ms


Execution #12/10000

Seed: 12
Estimated max possible cost 313.850076
for path: 
0 1 2 3 4 5 6 7 8 9 10 11 12 13 14 15 16 
Execution time: 27 ms

Elapsed time: 171 ms


Execution #13/10000

Seed: 13
Estimated max possible cost 313.850076
for path: 
0 1 2 3 4 5 6 7 8 9 10 11 12 13 14 15 16 
Execution time: 15 ms

Elapsed time: 186 ms


Execution #14/10000

Seed: 14
Estimated max possible cost 313.850076
for path: 
0 1 2 3 4 5 6 7 8 9 10 11 12 13 14 15 16 
Execution time: 10 ms

Elapsed time: 196 ms


Execution #15/10000

Seed: 15
Estimated max possible cost 313.850076
for path: 
0 1 2 3 4 5 6 7 8 9 10 11 12 13 14 15 16 
Execution time: 10 ms

Elapsed time: 206 ms


Execution #16/10000

Seed: 16
Estimated max possible cost 313.850076
for path: 
0 1 2 3 4 5 6 7 8 9 10 11 12 13 14 15 16 
Execution time: 11 ms

Elapsed time: 217 ms


Execution #17/10000

Seed: 17
Estimated max possible cost 313.850076
for path: 
0 1 2 3 4 5 6 7 8 9 10 11 12 13 14 15 16 
Execution time: 10 ms

Elapsed time: 227 ms


Execution #18/10000

Seed: 18
Estimated max possible cost 313.850076
for path: 
0 1 2 3 4 5 6 7 8 9 10 11 12 13 14 15 16 
Execution time: 10 ms

Elapsed time: 237 ms


Execution #19/10000

Seed: 19
Estimated max possible cost 313.850076
for path: 
0 1 2 3 4 5 6 7 8 9 10 11 12 13 14 15 16 
Execution time: 11 ms

Elapsed time: 248 ms


Execution #20/10000

Seed: 20
Estimated max possible cost 313.850076
for path: 
0 1 2 3 4 5 6 7 8 9 10 11 12 13 14 15 16 
Execution time: 17 ms

Elapsed time: 265 ms


Execution #21/10000

Seed: 21
Estimated max possible cost 313.850076
for path: 
0 1 2 3 4 5 6 7 8 9 10 11 12 13 14 15 16 
Execution time: 19 ms

Elapsed time: 284 ms


Execution #22/10000

Seed: 22
Estimated max possible cost 313.850076
for path: 
0 1 2 3 4 5 6 7 8 9 10 11 12 13 14 15 16 
Execution time: 13 ms

Elapsed time: 297 ms


Execution #23/10000

Seed: 23
Estimated max possible cost 313.850076
for path: 
0 1 2 3 4 5 6 7 8 9 10 11 12 13 14 15 16 
Execution time: 11 ms

Elapsed time: 308 ms


Execution #24/10000

Seed: 24
Estimated max possible cost 313.850076
for path: 
0 1 2 3 4 5 6 7 8 9 10 11 12 13 14 15 16 
Execution time: 11 ms

Elapsed time: 319 ms


Execution #25/10000

Seed: 25
Estimated max possible cost 313.850076
for path: 
0 1 2 3 4 5 6 7 8 9 10 11 12 13 14 15 16 
Execution time: 10 ms

Elapsed time: 329 ms


Execution #26/10000

Seed: 26
Estimated max possible cost 313.850076
for path: 
0 1 2 3 4 5 6 7 8 9 10 11 12 13 14 15 16 
Execution time: 11 ms

Elapsed time: 340 ms


Execution #27/10000

Seed: 27
Estimated max possible cost 313.850076
for path: 
0 1 2 3 4 5 6 7 8 9 10 11 12 13 14 15 16 
Execution time: 11 ms

Elapsed time: 351 ms


Execution #28/10000

Seed: 28
Estimated max possible cost 313.850076
for path: 
0 1 2 3 4 5 6 7 8 9 10 11 12 13 14 15 16 
Execution time: 10 ms

Elapsed time: 361 ms


Execution #29/10000

Seed: 29
Estimated max possible cost 313.850076
for path: 
0 1 2 3 4 5 6 7 8 9 10 11 12 13 14 15 16 
Execution time: 15 ms

Elapsed time: 376 ms


Execution #30/10000

Seed: 30
Estimated max possible cost 313.850076
for path: 
0 1 2 3 4 5 6 7 8 9 10 11 12 13 14 15 16 
Execution time: 18 ms

Elapsed time: 394 ms


Execution #31/10000

Seed: 31
Estimated max possible cost 313.850076
for path: 
0 1 2 3 4 5 6 7 8 9 10 11 12 13 14 15 16 
Execution time: 17 ms

Elapsed time: 411 ms


Execution #32/10000

Seed: 32
Estimated max possible cost 313.850076
for path: 
0 1 2 3 4 5 6 7 8 9 10 11 12 13 14 15 16 
Execution time: 17 ms

Elapsed time: 428 ms


Execution #33/10000

Seed: 33
Estimated max possible cost 313.850076
for path: 
0 1 2 3 4 5 6 7 8 9 10 11 12 13 14 15 16 
Execution time: 16 ms

Elapsed time: 444 ms


Execution #34/10000

Seed: 34
Estimated max possible cost 313.850076
for path: 
0 1 2 3 4 5 6 7 8 9 10 11 12 13 14 15 16 
Execution time: 28 ms

Elapsed time: 472 ms


Execution #35/10000

Seed: 35
Estimated max possible cost 313.850076
for path: 
0 1 2 3 4 5 6 7 8 9 10 11 12 13 14 15 16 
Execution time: 12 ms

Elapsed time: 484 ms


Execution #36/10000

Seed: 36
Estimated max possible cost 313.850076
for path: 
0 1 2 3 4 5 6 7 8 9 10 11 12 13 14 15 16 
Execution time: 14 ms

Elapsed time: 498 ms


Execution #37/10000

Seed: 37
Estimated max possible cost 313.850076
for path: 
0 1 2 3 4 5 6 7 8 9 10 11 12 13 14 15 16 
Execution time: 17 ms

Elapsed time: 515 ms


Execution #38/10000

Seed: 38
Estimated max possible cost 313.850076
for path: 
0 1 2 3 4 5 6 7 8 9 10 11 12 13 14 15 16 
Execution time: 17 ms

Elapsed time: 532 ms


Execution #39/10000

Seed: 39
Estimated max possible cost 313.850076
for path: 
0 1 2 3 4 5 6 7 8 9 10 11 12 13 14 15 16 
Execution time: 15 ms

Elapsed time: 547 ms


Execution #40/10000

Seed: 40
Estimated max possible cost 313.850076
for path: 
0 1 2 3 4 5 6 7 8 9 10 11 12 13 14 15 16 
Execution time: 18 ms

Elapsed time: 565 ms


Execution #41/10000

Seed: 41
Estimated max possible cost 313.850076
for path: 
0 1 2 3 4 5 6 7 8 9 10 11 12 13 14 15 16 
Execution time: 14 ms

Elapsed time: 579 ms


Execution #42/10000

Seed: 42
Estimated max possible cost 313.850076
for path: 
0 1 2 3 4 5 6 7 8 9 10 11 12 13 14 15 16 
Execution time: 12 ms

Elapsed time: 591 ms


Execution #43/10000

Seed: 43
Estimated max possible cost 313.850076
for path: 
0 1 2 3 4 5 6 7 8 9 10 11 12 13 14 15 16 
Execution time: 11 ms

Elapsed time: 602 ms


Execution #44/10000

Seed: 44
Estimated max possible cost 313.850076
for path: 
0 1 2 3 4 5 6 7 8 9 10 11 12 13 14 15 16 
Execution time: 11 ms

Elapsed time: 613 ms


Execution #45/10000

Seed: 45
Estimated max possible cost 313.850076
for path: 
0 1 2 3 4 5 6 7 8 9 10 11 12 13 14 15 16 
Execution time: 17 ms

Elapsed time: 630 ms


Execution #46/10000

Seed: 46
Estimated max possible cost 313.850076
for path: 
0 1 2 3 4 5 6 7 8 9 10 11 12 13 14 15 16 
Execution time: 11 ms

Elapsed time: 641 ms


Execution #47/10000

Seed: 47
Estimated max possible cost 313.850076
for path: 
0 1 2 3 4 5 6 7 8 9 10 11 12 13 14 15 16 
Execution time: 14 ms

Elapsed time: 655 ms


Execution #48/10000

Seed: 48
Estimated max possible cost 313.850076
for path: 
0 1 2 3 4 5 6 7 8 9 10 11 12 13 14 15 16 
Execution time: 31 ms

Elapsed time: 686 ms


Execution #49/10000

Seed: 49
Estimated max possible cost 313.850076
for path: 
0 1 2 3 4 5 6 7 8 9 10 11 12 13 14 15 16 
Execution time: 29 ms

Elapsed time: 715 ms


Execution #50/10000

Seed: 50
Estimated max possible cost 313.850076
for path: 
0 1 2 3 4 5 6 7 8 9 10 11 12 13 14 15 16 
Execution time: 32 ms

Elapsed time: 747 ms


Execution #51/10000

Seed: 51
Estimated max possible cost 313.850076
for path: 
0 1 2 3 4 5 6 7 8 9 10 11 12 13 14 15 16 
Execution time: 18 ms

Elapsed time: 765 ms


Execution #52/10000

Seed: 52
Estimated max possible cost 313.850076
for path: 
0 1 2 3 4 5 6 7 8 9 10 11 12 13 14 15 16 
Execution time: 11 ms

Elapsed time: 776 ms


Execution #53/10000

Seed: 53
Estimated max possible cost 313.850076
for path: 
0 1 2 3 4 5 6 7 8 9 10 11 12 13 14 15 16 
Execution time: 19 ms

Elapsed time: 795 ms


Execution #54/10000

Seed: 54
Estimated max possible cost 313.850076
for path: 
0 1 2 3 4 5 6 7 8 9 10 11 12 13 14 15 16 
Execution time: 13 ms

Elapsed time: 808 ms


Execution #55/10000

Seed: 55
Estimated max possible cost 313.850076
for path: 
0 1 2 3 4 5 6 7 8 9 10 11 12 13 14 15 16 
Execution time: 17 ms

Elapsed time: 825 ms


Execution #56/10000

Seed: 56
Estimated max possible cost 313.850076
for path: 
0 1 2 3 4 5 6 7 8 9 10 11 12 13 14 15 16 
Execution time: 12 ms

Elapsed time: 837 ms


Execution #57/10000

Seed: 57
Estimated max possible cost 313.850076
for path: 
0 1 2 3 4 5 6 7 8 9 10 11 12 13 14 15 16 
Execution time: 10 ms

Elapsed time: 847 ms


Execution #58/10000

Seed: 58
Estimated max possible cost 313.850076
for path: 
0 1 2 3 4 5 6 7 8 9 10 11 12 13 14 15 16 
Execution time: 10 ms

Elapsed time: 857 ms


Execution #59/10000

Seed: 59
Estimated max possible cost 313.850076
for path: 
0 1 2 3 4 5 6 7 8 9 10 11 12 13 14 15 16 
Execution time: 17 ms

Elapsed time: 874 ms


Execution #60/10000

Seed: 60
Estimated max possible cost 313.850076
for path: 
0 1 2 3 4 5 6 7 8 9 10 11 12 13 14 15 16 
Execution time: 16 ms

Elapsed time: 890 ms


Execution #61/10000

Seed: 61
Estimated max possible cost 313.850076
for path: 
0 1 2 3 4 5 6 7 8 9 10 11 12 13 14 15 16 
Execution time: 18 ms

Elapsed time: 908 ms


Execution #62/10000

Seed: 62
Estimated max possible cost 313.850076
for path: 
0 1 2 3 4 5 6 7 8 9 10 11 12 13 14 15 16 
Execution time: 17 ms

Elapsed time: 925 ms


Execution #63/10000

Seed: 63
Estimated max possible cost 313.850076
for path: 
0 1 2 3 4 5 6 7 8 9 10 11 12 13 14 15 16 
Execution time: 18 ms

Elapsed time: 943 ms


Execution #64/10000

Seed: 64
Estimated max possible cost 313.850076
for path: 
0 1 2 3 4 5 6 7 8 9 10 11 12 13 14 15 16 
Execution time: 17 ms

Elapsed time: 960 ms


Execution #65/10000

Seed: 65
Estimated max possible cost 313.850076
for path: 
0 1 2 3 4 5 6 7 8 9 10 11 12 13 14 15 16 
Execution time: 16 ms

Elapsed time: 976 ms


Execution #66/10000

Seed: 66
Estimated max possible cost 313.850076
for path: 
0 1 2 3 4 5 6 7 8 9 10 11 12 13 14 15 16 
Execution time: 18 ms

Elapsed time: 994 ms


Execution #67/10000

Seed: 67
Estimated max possible cost 313.850076
for path: 
0 1 2 3 4 5 6 7 8 9 10 11 12 13 14 15 16 
Execution time: 18 ms

Elapsed time: 1012 ms


Execution #68/10000

Seed: 68
Estimated max possible cost 313.850076
for path: 
0 1 2 3 4 5 6 7 8 9 10 11 12 13 14 15 16 
Execution time: 16 ms

Elapsed time: 1028 ms


Execution #69/10000

Seed: 69
Estimated max possible cost 313.850076
for path: 
0 1 2 3 4 5 6 7 8 9 10 11 12 13 14 15 16 
Execution time: 17 ms

Elapsed time: 1045 ms


Execution #70/10000

Seed: 70
Estimated max possible cost 313.850076
for path: 
0 1 2 3 4 5 6 7 8 9 10 11 12 13 14 15 16 
Execution time: 14 ms

Elapsed time: 1059 ms


Execution #71/10000

Seed: 71
Estimated max possible cost 313.850076
for path: 
0 1 2 3 4 5 6 7 8 9 10 11 12 13 14 15 16 
Execution time: 11 ms

Elapsed time: 1070 ms


Execution #72/10000

Seed: 72
Estimated max possible cost 313.850076
for path: 
0 1 2 3 4 5 6 7 8 9 10 11 12 13 14 15 16 
Execution time: 10 ms

Elapsed time: 1080 ms


Execution #73/10000

Seed: 73
Estimated max possible cost 313.850076
for path: 
0 1 2 3 4 5 6 7 8 9 10 11 12 13 14 15 16 
Execution time: 11 ms

Elapsed time: 1091 ms


Execution #74/10000

Seed: 74
Estimated max possible cost 313.850076
for path: 
0 1 2 3 4 5 6 7 8 9 10 11 12 13 14 15 16 
Execution time: 13 ms

Elapsed time: 1104 ms


Execution #75/10000

Seed: 75
Estimated max possible cost 313.850076
for path: 
0 1 2 3 4 5 6 7 8 9 10 11 12 13 14 15 16 
Execution time: 17 ms

Elapsed time: 1121 ms


Execution #76/10000

Seed: 76
Estimated max possible cost 313.850076
for path: 
0 1 2 3 4 5 6 7 8 9 10 11 12 13 14 15 16 
Execution time: 17 ms

Elapsed time: 1138 ms


Execution #77/10000

Seed: 77
Estimated max possible cost 313.850076
for path: 
0 1 2 3 4 5 6 7 8 9 10 11 12 13 14 15 16 
Execution time: 16 ms

Elapsed time: 1154 ms


Execution #78/10000

Seed: 78
Estimated max possible cost 313.850076
for path: 
0 1 2 3 4 5 6 7 8 9 10 11 12 13 14 15 16 
Execution time: 14 ms

Elapsed time: 1168 ms


Execution #79/10000

Seed: 79
Estimated max possible cost 313.850076
for path: 
0 1 2 3 4 5 6 7 8 9 10 11 12 13 14 15 16 
Execution time: 10 ms

Elapsed time: 1178 ms


Execution #80/10000

Seed: 80
Estimated max possible cost 313.850076
for path: 
0 1 2 3 4 5 6 7 8 9 10 11 12 13 14 15 16 
Execution time: 17 ms

Elapsed time: 1195 ms


Execution #81/10000

Seed: 81
Estimated max possible cost 313.850076
for path: 
0 1 2 3 4 5 6 7 8 9 10 11 12 13 14 15 16 
Execution time: 18 ms

Elapsed time: 1213 ms


Execution #82/10000

Seed: 82
Estimated max possible cost 313.850076
for path: 
0 1 2 3 4 5 6 7 8 9 10 11 12 13 14 15 16 
Execution time: 10 ms

Elapsed time: 1223 ms


Execution #83/10000

Seed: 83
Estimated max possible cost 313.850076
for path: 
0 1 2 3 4 5 6 7 8 9 10 11 12 13 14 15 16 
Execution time: 10 ms

Elapsed time: 1233 ms


Execution #84/10000

Seed: 84
Estimated max possible cost 313.850076
for path: 
0 1 2 3 4 5 6 7 8 9 10 11 12 13 14 15 16 
Execution time: 10 ms

Elapsed time: 1243 ms


Execution #85/10000

Seed: 85
Estimated max possible cost 313.850076
for path: 
0 1 2 3 4 5 6 7 8 9 10 11 12 13 14 15 16 
Execution time: 10 ms

Elapsed time: 1253 ms


Execution #86/10000

Seed: 86
Estimated max possible cost 313.850076
for path: 
0 1 2 3 4 5 6 7 8 9 10 11 12 13 14 15 16 
Execution time: 14 ms

Elapsed time: 1267 ms


Execution #87/10000

Seed: 87
Estimated max possible cost 313.850076
for path: 
0 1 2 3 4 5 6 7 8 9 10 11 12 13 14 15 16 
Execution time: 18 ms

Elapsed time: 1285 ms


Execution #88/10000

Seed: 88
Estimated max possible cost 313.850076
for path: 
0 1 2 3 4 5 6 7 8 9 10 11 12 13 14 15 16 
Execution time: 14 ms

Elapsed time: 1299 ms


Execution #89/10000

Seed: 89
Estimated max possible cost 313.850076
for path: 
0 1 2 3 4 5 6 7 8 9 10 11 12 13 14 15 16 
Execution time: 12 ms

Elapsed time: 1311 ms


Execution #90/10000

Seed: 90
Estimated max possible cost 313.850076
for path: 
0 1 2 3 4 5 6 7 8 9 10 11 12 13 14 15 16 
Execution time: 17 ms

Elapsed time: 1328 ms


Execution #91/10000

Seed: 91
Estimated max possible cost 313.850076
for path: 
0 1 2 3 4 5 6 7 8 9 10 11 12 13 14 15 16 
Execution time: 15 ms

Elapsed time: 1343 ms


Execution #92/10000

Seed: 92
Estimated max possible cost 313.850076
for path: 
0 1 2 3 4 5 6 7 8 9 10 11 12 13 14 15 16 
Execution time: 10 ms

Elapsed time: 1353 ms


Execution #93/10000

Seed: 93
Estimated max possible cost 313.850076
for path: 
0 1 2 3 4 5 6 7 8 9 10 11 12 13 14 15 16 
Execution time: 10 ms

Elapsed time: 1363 ms


Execution #94/10000

Seed: 94
Estimated max possible cost 313.850076
for path: 
0 1 2 3 4 5 6 7 8 9 10 11 12 13 14 15 16 
Execution time: 10 ms

Elapsed time: 1373 ms


Execution #95/10000

Seed: 95
Estimated max possible cost 313.850076
for path: 
0 1 2 3 4 5 6 7 8 9 10 11 12 13 14 15 16 
Execution time: 11 ms

Elapsed time: 1384 ms


Execution #96/10000

Seed: 96
Estimated max possible cost 313.850076
for path: 
0 1 2 3 4 5 6 7 8 9 10 11 12 13 14 15 16 
Execution time: 11 ms

Elapsed time: 1395 ms


Execution #97/10000

Seed: 97
Estimated max possible cost 313.850076
for path: 
0 1 2 3 4 5 6 7 8 9 10 11 12 13 14 15 16 
Execution time: 11 ms

Elapsed time: 1406 ms


Execution #98/10000

Seed: 98
Estimated max possible cost 313.850076
for path: 
0 1 2 3 4 5 6 7 8 9 10 11 12 13 14 15 16 
Execution time: 11 ms

Elapsed time: 1417 ms


Execution #99/10000

Seed: 99
Estimated max possible cost 313.850076
for path: 
0 1 2 3 4 5 6 7 8 9 10 11 12 13 14 15 16 
Execution time: 19 ms

Elapsed time: 1436 ms


Execution #100/10000

Seed: 100
Estimated max possible cost 313.850076
for path: 
0 1 2 3 4 5 6 7 8 9 10 11 12 13 14 15 16 
Execution time: 20 ms

Elapsed time: 1456 ms


Execution #101/10000

Seed: 101
Estimated max possible cost 313.850076
for path: 
0 1 2 3 4 5 6 7 8 9 10 11 12 13 14 15 16 
Execution time: 17 ms

Elapsed time: 1473 ms


Execution #102/10000

Seed: 102
Estimated max possible cost 313.850076
for path: 
0 1 2 3 4 5 6 7 8 9 10 11 12 13 14 15 16 
Execution time: 19 ms

Elapsed time: 1492 ms


Execution #103/10000

Seed: 103
Estimated max possible cost 313.850076
for path: 
0 1 2 3 4 5 6 7 8 9 10 11 12 13 14 15 16 
Execution time: 16 ms

Elapsed time: 1508 ms


Execution #104/10000

Seed: 104
Estimated max possible cost 313.850076
for path: 
0 1 2 3 4 5 6 7 8 9 10 11 12 13 14 15 16 
Execution time: 18 ms

Elapsed time: 1526 ms


Execution #105/10000

Seed: 105
Estimated max possible cost 313.850076
for path: 
0 1 2 3 4 5 6 7 8 9 10 11 12 13 14 15 16 
Execution time: 17 ms

Elapsed time: 1543 ms


Execution #106/10000

Seed: 106
Estimated max possible cost 313.850076
for path: 
0 1 2 3 4 5 6 7 8 9 10 11 12 13 14 15 16 
Execution time: 16 ms

Elapsed time: 1559 ms


Execution #107/10000

Seed: 107
Estimated max possible cost 313.850076
for path: 
0 1 2 3 4 5 6 7 8 9 10 11 12 13 14 15 16 
Execution time: 10 ms

Elapsed time: 1569 ms


Execution #108/10000

Seed: 108
Estimated max possible cost 313.850076
for path: 
0 1 2 3 4 5 6 7 8 9 10 11 12 13 14 15 16 
Execution time: 27 ms

Elapsed time: 1596 ms


Execution #109/10000

Seed: 109
Estimated max possible cost 313.850076
for path: 
0 1 2 3 4 5 6 7 8 9 10 11 12 13 14 15 16 
Execution time: 18 ms

Elapsed time: 1614 ms


Execution #110/10000

Seed: 110
Estimated max possible cost 313.850076
for path: 
0 1 2 3 4 5 6 7 8 9 10 11 12 13 14 15 16 
Execution time: 13 ms

Elapsed time: 1627 ms


Execution #111/10000

Seed: 111
Estimated max possible cost 313.850076
for path: 
0 1 2 3 4 5 6 7 8 9 10 11 12 13 14 15 16 
Execution time: 18 ms

Elapsed time: 1645 ms


Execution #112/10000

Seed: 112
Estimated max possible cost 313.850076
for path: 
0 1 2 3 4 5 6 7 8 9 10 11 12 13 14 15 16 
Execution time: 18 ms

Elapsed time: 1663 ms


Execution #113/10000

Seed: 113
Estimated max possible cost 313.850076
for path: 
0 1 2 3 4 5 6 7 8 9 10 11 12 13 14 15 16 
Execution time: 18 ms

Elapsed time: 1681 ms


Execution #114/10000

Seed: 114
Estimated max possible cost 313.850076
for path: 
0 1 2 3 4 5 6 7 8 9 10 11 12 13 14 15 16 
Execution time: 18 ms

Elapsed time: 1699 ms


Execution #115/10000

Seed: 115
Estimated max possible cost 313.850076
for path: 
0 1 2 3 4 5 6 7 8 9 10 11 12 13 14 15 16 
Execution time: 17 ms

Elapsed time: 1716 ms


Execution #116/10000

Seed: 116
Estimated max possible cost 313.850076
for path: 
0 1 2 3 4 5 6 7 8 9 10 11 12 13 14 15 16 
Execution time: 18 ms

Elapsed time: 1734 ms


Execution #117/10000

Seed: 117
Estimated max possible cost 313.850076
for path: 
0 1 2 3 4 5 6 7 8 9 10 11 12 13 14 15 16 
Execution time: 18 ms

Elapsed time: 1752 ms


Execution #118/10000

Seed: 118
Estimated max possible cost 313.850076
for path: 
0 1 2 3 4 5 6 7 8 9 10 11 12 13 14 15 16 
Execution time: 14 ms

Elapsed time: 1766 ms


Execution #119/10000

Seed: 119
Estimated max possible cost 313.850076
for path: 
0 1 2 3 4 5 6 7 8 9 10 11 12 13 14 15 16 
Execution time: 13 ms

Elapsed time: 1779 ms


Execution #120/10000

Seed: 120
Estimated max possible cost 313.850076
for path: 
0 1 2 3 4 5 6 7 8 9 10 11 12 13 14 15 16 
Execution time: 17 ms

Elapsed time: 1796 ms


Execution #121/10000

Seed: 121
Estimated max possible cost 313.850076
for path: 
0 1 2 3 4 5 6 7 8 9 10 11 12 13 14 15 16 
Execution time: 18 ms

Elapsed time: 1814 ms


Execution #122/10000

Seed: 122
Estimated max possible cost 313.850076
for path: 
0 1 2 3 4 5 6 7 8 9 10 11 12 13 14 15 16 
Execution time: 13 ms

Elapsed time: 1827 ms


Execution #123/10000

Seed: 123
Estimated max possible cost 313.850076
for path: 
0 1 2 3 4 5 6 7 8 9 10 11 12 13 14 15 16 
Execution time: 11 ms

Elapsed time: 1838 ms


Execution #124/10000

Seed: 124
Estimated max possible cost 313.850076
for path: 
0 1 2 3 4 5 6 7 8 9 10 11 12 13 14 15 16 
Execution time: 10 ms

Elapsed time: 1848 ms


Execution #125/10000

Seed: 125
Estimated max possible cost 313.850076
for path: 
0 1 2 3 4 5 6 7 8 9 10 11 12 13 14 15 16 
Execution time: 10 ms

Elapsed time: 1858 ms


Execution #126/10000

Seed: 126
Estimated max possible cost 313.850076
for path: 
0 1 2 3 4 5 6 7 8 9 10 11 12 13 14 15 16 
Execution time: 24 ms

Elapsed time: 1882 ms


Execution #127/10000

Seed: 127
Estimated max possible cost 313.850076
for path: 
0 1 2 3 4 5 6 7 8 9 10 11 12 13 14 15 16 
Execution time: 16 ms

Elapsed time: 1898 ms


Execution #128/10000

Seed: 128
Estimated max possible cost 313.850076
for path: 
0 1 2 3 4 5 6 7 8 9 10 11 12 13 14 15 16 
Execution time: 11 ms

Elapsed time: 1909 ms


Execution #129/10000

Seed: 129
Estimated max possible cost 313.850076
for path: 
0 1 2 3 4 5 6 7 8 9 10 11 12 13 14 15 16 
Execution time: 10 ms

Elapsed time: 1919 ms


Execution #130/10000

Seed: 130
Estimated max possible cost 313.850076
for path: 
0 1 2 3 4 5 6 7 8 9 10 11 12 13 14 15 16 
Execution time: 11 ms

Elapsed time: 1930 ms


Execution #131/10000

Seed: 131
Estimated max possible cost 313.850076
for path: 
0 1 2 3 4 5 6 7 8 9 10 11 12 13 14 15 16 
Execution time: 12 ms

Elapsed time: 1942 ms


Execution #132/10000

Seed: 132
Estimated max possible cost 313.850076
for path: 
0 1 2 3 4 5 6 7 8 9 10 11 12 13 14 15 16 
Execution time: 18 ms

Elapsed time: 1960 ms


Execution #133/10000

Seed: 133
Estimated max possible cost 313.850076
for path: 
0 1 2 3 4 5 6 7 8 9 10 11 12 13 14 15 16 
Execution time: 17 ms

Elapsed time: 1977 ms


Execution #134/10000

Seed: 134
Estimated max possible cost 313.850076
for path: 
0 1 2 3 4 5 6 7 8 9 10 11 12 13 14 15 16 
Execution time: 18 ms

Elapsed time: 1995 ms


Execution #135/10000

Seed: 135
Estimated max possible cost 313.850076
for path: 
0 1 2 3 4 5 6 7 8 9 10 11 12 13 14 15 16 
Execution time: 18 ms

Elapsed time: 2013 ms


Execution #136/10000

Seed: 136
Estimated max possible cost 313.850076
for path: 
0 1 2 3 4 5 6 7 8 9 10 11 12 13 14 15 16 
Execution time: 27 ms

Elapsed time: 2040 ms


Execution #137/10000

Seed: 137
Estimated max possible cost 313.850076
for path: 
0 1 2 3 4 5 6 7 8 9 10 11 12 13 14 15 16 
Execution time: 22 ms

Elapsed time: 2062 ms


Execution #138/10000

Seed: 138
Estimated max possible cost 313.850076
for path: 
0 1 2 3 4 5 6 7 8 9 10 11 12 13 14 15 16 
Execution time: 17 ms

Elapsed time: 2079 ms


Execution #139/10000

Seed: 139
Estimated max possible cost 313.850076
for path: 
0 1 2 3 4 5 6 7 8 9 10 11 12 13 14 15 16 
Execution time: 18 ms

Elapsed time: 2097 ms


Execution #140/10000

Seed: 140
Estimated max possible cost 313.850076
for path: 
0 1 2 3 4 5 6 7 8 9 10 11 12 13 14 15 16 
Execution time: 16 ms

Elapsed time: 2113 ms


Execution #141/10000

Seed: 141
Estimated max possible cost 313.850076
for path: 
0 1 2 3 4 5 6 7 8 9 10 11 12 13 14 15 16 
Execution time: 17 ms

Elapsed time: 2130 ms


Execution #142/10000

Seed: 142
Estimated max possible cost 313.850076
for path: 
0 1 2 3 4 5 6 7 8 9 10 11 12 13 14 15 16 
Execution time: 10 ms

Elapsed time: 2140 ms


Execution #143/10000

Seed: 143
Estimated max possible cost 313.850076
for path: 
0 1 2 3 4 5 6 7 8 9 10 11 12 13 14 15 16 
Execution time: 16 ms

Elapsed time: 2156 ms


Execution #144/10000

Seed: 144
Estimated max possible cost 313.850076
for path: 
0 1 2 3 4 5 6 7 8 9 10 11 12 13 14 15 16 
Execution time: 14 ms

Elapsed time: 2170 ms


Execution #145/10000

Seed: 145
Estimated max possible cost 313.850076
for path: 
0 1 2 3 4 5 6 7 8 9 10 11 12 13 14 15 16 
Execution time: 12 ms

Elapsed time: 2182 ms


Execution #146/10000

Seed: 146
Estimated max possible cost 313.850076
for path: 
0 1 2 3 4 5 6 7 8 9 10 11 12 13 14 15 16 
Execution time: 17 ms

Elapsed time: 2199 ms


Execution #147/10000

Seed: 147
Estimated max possible cost 313.850076
for path: 
0 1 2 3 4 5 6 7 8 9 10 11 12 13 14 15 16 
Execution time: 17 ms

Elapsed time: 2216 ms


Execution #148/10000

Seed: 148
Estimated max possible cost 313.850076
for path: 
0 1 2 3 4 5 6 7 8 9 10 11 12 13 14 15 16 
Execution time: 16 ms

Elapsed time: 2232 ms


Execution #149/10000

Seed: 149
Estimated max possible cost 313.850076
for path: 
0 1 2 3 4 5 6 7 8 9 10 11 12 13 14 15 16 
Execution time: 18 ms

Elapsed time: 2250 ms


Execution #150/10000

Seed: 150
Estimated max possible cost 313.850076
for path: 
0 1 2 3 4 5 6 7 8 9 10 11 12 13 14 15 16 
Execution time: 18 ms

Elapsed time: 2268 ms


Execution #151/10000

Seed: 151
Estimated max possible cost 313.850076
for path: 
0 1 2 3 4 5 6 7 8 9 10 11 12 13 14 15 16 
Execution time: 17 ms

Elapsed time: 2285 ms


Execution #152/10000

Seed: 152
Estimated max possible cost 313.850076
for path: 
0 1 2 3 4 5 6 7 8 9 10 11 12 13 14 15 16 
Execution time: 14 ms

Elapsed time: 2299 ms


Execution #153/10000

Seed: 153
Estimated max possible cost 313.850076
for path: 
0 1 2 3 4 5 6 7 8 9 10 11 12 13 14 15 16 
Execution time: 11 ms

Elapsed time: 2310 ms


Execution #154/10000

Seed: 154
Estimated max possible cost 313.850076
for path: 
0 1 2 3 4 5 6 7 8 9 10 11 12 13 14 15 16 
Execution time: 10 ms

Elapsed time: 2320 ms


Execution #155/10000

Seed: 155
Estimated max possible cost 313.850076
for path: 
0 1 2 3 4 5 6 7 8 9 10 11 12 13 14 15 16 
Execution time: 11 ms

Elapsed time: 2331 ms


Execution #156/10000

Seed: 156
Estimated max possible cost 313.850076
for path: 
0 1 2 3 4 5 6 7 8 9 10 11 12 13 14 15 16 
Execution time: 12 ms

Elapsed time: 2343 ms


Execution #157/10000

Seed: 157
Estimated max possible cost 313.850076
for path: 
0 1 2 3 4 5 6 7 8 9 10 11 12 13 14 15 16 
Execution time: 18 ms

Elapsed time: 2361 ms


Execution #158/10000

Seed: 158
Estimated max possible cost 313.850076
for path: 
0 1 2 3 4 5 6 7 8 9 10 11 12 13 14 15 16 
Execution time: 18 ms

Elapsed time: 2379 ms


Execution #159/10000

Seed: 159
Estimated max possible cost 313.850076
for path: 
0 1 2 3 4 5 6 7 8 9 10 11 12 13 14 15 16 
Execution time: 13 ms

Elapsed time: 2392 ms


Execution #160/10000

Seed: 160
Estimated max possible cost 313.850076
for path: 
0 1 2 3 4 5 6 7 8 9 10 11 12 13 14 15 16 
Execution time: 10 ms

Elapsed time: 2402 ms


Execution #161/10000

Seed: 161
Estimated max possible cost 313.850076
for path: 
0 1 2 3 4 5 6 7 8 9 10 11 12 13 14 15 16 
Execution time: 10 ms

Elapsed time: 2412 ms


Execution #162/10000

Seed: 162
Estimated max possible cost 313.850076
for path: 
0 1 2 3 4 5 6 7 8 9 10 11 12 13 14 15 16 
Execution time: 23 ms

Elapsed time: 2435 ms


Execution #163/10000

Seed: 163
Estimated max possible cost 313.850076
for path: 
0 1 2 3 4 5 6 7 8 9 10 11 12 13 14 15 16 
Execution time: 17 ms

Elapsed time: 2452 ms


Execution #164/10000

Seed: 164
Estimated max possible cost 313.850076
for path: 
0 1 2 3 4 5 6 7 8 9 10 11 12 13 14 15 16 
Execution time: 17 ms

Elapsed time: 2469 ms


Execution #165/10000

Seed: 165
Estimated max possible cost 313.850076
for path: 
0 1 2 3 4 5 6 7 8 9 10 11 12 13 14 15 16 
Execution time: 17 ms

Elapsed time: 2486 ms


Execution #166/10000

Seed: 166
Estimated max possible cost 313.850076
for path: 
0 1 2 3 4 5 6 7 8 9 10 11 12 13 14 15 16 
Execution time: 18 ms

Elapsed time: 2504 ms


Execution #167/10000

Seed: 167
Estimated max possible cost 313.850076
for path: 
0 1 2 3 4 5 6 7 8 9 10 11 12 13 14 15 16 
Execution time: 12 ms

Elapsed time: 2516 ms


Execution #168/10000

Seed: 168
Estimated max possible cost 313.850076
for path: 
0 1 2 3 4 5 6 7 8 9 10 11 12 13 14 15 16 
Execution time: 10 ms

Elapsed time: 2526 ms


Execution #169/10000

Seed: 169
Estimated max possible cost 313.850076
for path: 
0 1 2 3 4 5 6 7 8 9 10 11 12 13 14 15 16 
Execution time: 10 ms

Elapsed time: 2536 ms


Execution #170/10000

Seed: 170
Estimated max possible cost 313.850076
for path: 
0 1 2 3 4 5 6 7 8 9 10 11 12 13 14 15 16 
Execution time: 29 ms

Elapsed time: 2565 ms


Execution #171/10000

Seed: 171
Estimated max possible cost 313.850076
for path: 
0 1 2 3 4 5 6 7 8 9 10 11 12 13 14 15 16 
Execution time: 23 ms

Elapsed time: 2588 ms


Execution #172/10000

Seed: 172
Estimated max possible cost 313.850076
for path: 
0 1 2 3 4 5 6 7 8 9 10 11 12 13 14 15 16 
Execution time: 18 ms

Elapsed time: 2606 ms


Execution #173/10000

Seed: 173
Estimated max possible cost 313.850076
for path: 
0 1 2 3 4 5 6 7 8 9 10 11 12 13 14 15 16 
Execution time: 16 ms

Elapsed time: 2622 ms


Execution #174/10000

Seed: 174
Estimated max possible cost 313.850076
for path: 
0 1 2 3 4 5 6 7 8 9 10 11 12 13 14 15 16 
Execution time: 12 ms

Elapsed time: 2634 ms


Execution #175/10000

Seed: 175
Estimated max possible cost 313.850076
for path: 
0 1 2 3 4 5 6 7 8 9 10 11 12 13 14 15 16 
Execution time: 10 ms

Elapsed time: 2644 ms


Execution #176/10000

Seed: 176
Estimated max possible cost 313.850076
for path: 
0 1 2 3 4 5 6 7 8 9 10 11 12 13 14 15 16 
Execution time: 11 ms

Elapsed time: 2655 ms


Execution #177/10000

Seed: 177
Estimated max possible cost 313.850076
for path: 
0 1 2 3 4 5 6 7 8 9 10 11 12 13 14 15 16 
Execution time: 11 ms

Elapsed time: 2666 ms


Execution #178/10000

Seed: 178
Estimated max possible cost 313.850076
for path: 
0 1 2 3 4 5 6 7 8 9 10 11 12 13 14 15 16 
Execution time: 19 ms

Elapsed time: 2685 ms


Execution #179/10000

Seed: 179
Estimated max possible cost 313.850076
for path: 
0 1 2 3 4 5 6 7 8 9 10 11 12 13 14 15 16 
Execution time: 14 ms

Elapsed time: 2699 ms


Execution #180/10000

Seed: 180
Estimated max possible cost 313.850076
for path: 
0 1 2 3 4 5 6 7 8 9 10 11 12 13 14 15 16 
Execution time: 11 ms

Elapsed time: 2710 ms


Execution #181/10000

Seed: 181
Estimated max possible cost 313.850076
for path: 
0 1 2 3 4 5 6 7 8 9 10 11 12 13 14 15 16 
Execution time: 17 ms

Elapsed time: 2727 ms


Execution #182/10000

Seed: 182
Estimated max possible cost 313.850076
for path: 
0 1 2 3 4 5 6 7 8 9 10 11 12 13 14 15 16 
Execution time: 16 ms

Elapsed time: 2743 ms


Execution #183/10000

Seed: 183
Estimated max possible cost 313.850076
for path: 
0 1 2 3 4 5 6 7 8 9 10 11 12 13 14 15 16 
Execution time: 10 ms

Elapsed time: 2753 ms


Execution #184/10000

Seed: 184
Estimated max possible cost 313.850076
for path: 
0 1 2 3 4 5 6 7 8 9 10 11 12 13 14 15 16 
Execution time: 10 ms

Elapsed time: 2763 ms


Execution #185/10000

Seed: 185
Estimated max possible cost 313.850076
for path: 
0 1 2 3 4 5 6 7 8 9 10 11 12 13 14 15 16 
Execution time: 10 ms

Elapsed time: 2773 ms


Execution #186/10000

Seed: 186
Estimated max possible cost 313.850076
for path: 
0 1 2 3 4 5 6 7 8 9 10 11 12 13 14 15 16 
Execution time: 10 ms

Elapsed time: 2783 ms


Execution #187/10000

Seed: 187
Estimated max possible cost 313.850076
for path: 
0 1 2 3 4 5 6 7 8 9 10 11 12 13 14 15 16 
Execution time: 11 ms

Elapsed time: 2794 ms


Execution #188/10000

Seed: 188
Estimated max possible cost 313.850076
for path: 
0 1 2 3 4 5 6 7 8 9 10 11 12 13 14 15 16 
Execution time: 10 ms

Elapsed time: 2804 ms


Execution #189/10000

Seed: 189
Estimated max possible cost 313.850076
for path: 
0 1 2 3 4 5 6 7 8 9 10 11 12 13 14 15 16 
Execution time: 10 ms

Elapsed time: 2814 ms


Execution #190/10000

Seed: 190
Estimated max possible cost 313.850076
for path: 
0 1 2 3 4 5 6 7 8 9 10 11 12 13 14 15 16 
Execution time: 10 ms

Elapsed time: 2824 ms


Execution #191/10000

Seed: 191
Estimated max possible cost 313.850076
for path: 
0 1 2 3 4 5 6 7 8 9 10 11 12 13 14 15 16 
Execution time: 10 ms

Elapsed time: 2834 ms


Execution #192/10000

Seed: 192
Estimated max possible cost 313.850076
for path: 
0 1 2 3 4 5 6 7 8 9 10 11 12 13 14 15 16 
Execution time: 11 ms

Elapsed time: 2845 ms


Execution #193/10000

Seed: 193
Estimated max possible cost 313.850076
for path: 
0 1 2 3 4 5 6 7 8 9 10 11 12 13 14 15 16 
Execution time: 10 ms

Elapsed time: 2855 ms


Execution #194/10000

Seed: 194
Estimated max possible cost 313.850076
for path: 
0 1 2 3 4 5 6 7 8 9 10 11 12 13 14 15 16 
Execution time: 15 ms

Elapsed time: 2870 ms


Execution #195/10000

Seed: 195
Estimated max possible cost 313.850076
for path: 
0 1 2 3 4 5 6 7 8 9 10 11 12 13 14 15 16 
Execution time: 17 ms

Elapsed time: 2887 ms


Execution #196/10000

Seed: 196
Estimated max possible cost 313.850076
for path: 
0 1 2 3 4 5 6 7 8 9 10 11 12 13 14 15 16 
Execution time: 17 ms

Elapsed time: 2904 ms


Execution #197/10000

Seed: 197
Estimated max possible cost 313.850076
for path: 
0 1 2 3 4 5 6 7 8 9 10 11 12 13 14 15 16 
Execution time: 12 ms

Elapsed time: 2916 ms


Execution #198/10000

Seed: 198
Estimated max possible cost 313.850076
for path: 
0 1 2 3 4 5 6 7 8 9 10 11 12 13 14 15 16 
Execution time: 11 ms

Elapsed time: 2927 ms


Execution #199/10000

Seed: 199
Estimated max possible cost 313.850076
for path: 
0 1 2 3 4 5 6 7 8 9 10 11 12 13 14 15 16 
Execution time: 13 ms

