Solving SHP


Execution #1/10000

Seed: 1
Estimated max possible cost 316.390076
for path: 
0 1 2 3 4 5 6 7 8 9 10 11 12 13 14 15 16 17 
Memory needed for path: 741744 locs, for costs: 787644 locs.
Desired precision: 10000
Mem constraint for cost_t: 32 bits
Rounded to pow of 2 bytes mem constraint (capped at 64bits) for cost_t: 32 bits
Bits needed for an int to preserve precision: 22
Bits used per cost_t: 22
Selected cost_t = (u)int32_t
Solving with cost_t = j
Memory [GB] needed: 0.00362501
Distances:
0, 5.08, 242.54, 232.423, 228.124, 218.013, 212.172, 212.044, 211.947, 211.88, 211.843, 211.837, 211.862, 211.917, 212.002, 212.117, 212.263, 212.44, 
5.08, 0, 247.599, 237.481, 233.181, 223.068, 217.244, 217.119, 217.024, 216.959, 216.923, 216.917, 216.941, 216.995, 217.078, 217.191, 217.333, 217.505, 
242.54, 247.599, 0, 10.16, 14.478, 24.638, 31.3255, 32.219, 33.2827, 34.501, 35.8581, 37.3389, 38.9292, 40.6162, 42.3883, 44.2354, 46.1484, 48.1194, 
232.423, 237.481, 10.16, 0, 4.318, 14.478, 21.9236, 23.1823, 24.6393, 26.2617, 28.0207, 29.8922, 31.8565, 33.8973, 36.0018, 38.1592, 40.3612, 42.6009, 
228.124, 233.181, 14.478, 4.318, 0, 10.16, 18.1765, 19.6764, 21.3738, 23.2254, 25.1973, 27.2633, 29.4037, 31.6034, 33.8507, 36.1368, 38.4548, 40.7992, 
218.013, 223.068, 24.638, 14.478, 10.16, 0, 11.1326, 13.4428, 15.8236, 18.2474, 20.6991, 23.1698, 25.654, 28.1482, 30.6499, 33.1575, 35.6696, 38.1854, 
212.172, 217.244, 31.3255, 21.9236, 18.1765, 11.1326, 0, 2.54, 5.08, 7.62, 10.16, 12.7, 15.24, 17.78, 20.32, 22.86, 25.4, 27.94, 
212.044, 217.119, 32.219, 23.1823, 19.6764, 13.4428, 2.54, 0, 2.54, 5.08, 7.62, 10.16, 12.7, 15.24, 17.78, 20.32, 22.86, 25.4, 
211.947, 217.024, 33.2827, 24.6393, 21.3738, 15.8236, 5.08, 2.54, 0, 2.54, 5.08, 7.62, 10.16, 12.7, 15.24, 17.78, 20.32, 22.86, 
211.88, 216.959, 34.501, 26.2617, 23.2254, 18.2474, 7.62, 5.08, 2.54, 0, 2.54, 5.08, 7.62, 10.16, 12.7, 15.24, 17.78, 20.32, 
211.843, 216.923, 35.8581, 28.0207, 25.1973, 20.6991, 10.16, 7.62, 5.08, 2.54, 0, 2.54, 5.08, 7.62, 10.16, 12.7, 15.24, 17.78, 
211.837, 216.917, 37.3389, 29.8922, 27.2633, 23.1698, 12.7, 10.16, 7.62, 5.08, 2.54, 0, 2.54, 5.08, 7.62, 10.16, 12.7, 15.24, 
211.862, 216.941, 38.9292, 31.8565, 29.4037, 25.654, 15.24, 12.7, 10.16, 7.62, 5.08, 2.54, 0, 2.54, 5.08, 7.62, 10.16, 12.7, 
211.917, 216.995, 40.6162, 33.8973, 31.6034, 28.1482, 17.78, 15.24, 12.7, 10.16, 7.62, 5.08, 2.54, 0, 2.54, 5.08, 7.62, 10.16, 
212.002, 217.078, 42.3883, 36.0018, 33.8507, 30.6499, 20.32, 17.78, 15.24, 12.7, 10.16, 7.62, 5.08, 2.54, 0, 2.54, 5.08, 7.62, 
212.117, 217.191, 44.2354, 38.1592, 36.1368, 33.1575, 22.86, 20.32, 17.78, 15.24, 12.7, 10.16, 7.62, 5.08, 2.54, 0, 2.54, 5.08, 
212.263, 217.333, 46.1484, 40.3612, 38.4548, 35.6696, 25.4, 22.86, 20.32, 17.78, 15.24, 12.7, 10.16, 7.62, 5.08, 2.54, 0, 2.54, 
212.44, 217.505, 48.1194, 42.6009, 40.7992, 38.1854, 27.94, 25.4, 22.86, 20.32, 17.78, 15.24, 12.7, 10.16, 7.62, 5.08, 2.54, 0, 
Scaled Distances:
0, 3.74617e+07, 3.53968e+09, 3.39047e+09, 3.32707e+09, 3.17795e+09, 3.0918e+09, 3.08991e+09, 3.08848e+09, 3.08749e+09, 3.08695e+09, 3.08686e+09, 3.08722e+09, 3.08803e+09, 3.08929e+09, 3.09099e+09, 3.09314e+09, 3.09574e+09, 
3.74617e+07, 0, 3.61431e+09, 3.46507e+09, 3.40166e+09, 3.2525e+09, 3.16661e+09, 3.16477e+09, 3.16336e+09, 3.1624e+09, 3.16187e+09, 3.16178e+09, 3.16214e+09, 3.16292e+09, 3.16415e+09, 3.16582e+09, 3.16792e+09, 3.17046e+09, 
3.53968e+09, 3.61431e+09, 0, 1.12385e+08, 1.7607e+08, 3.25917e+08, 4.24549e+08, 4.37726e+08, 4.53415e+08, 4.71383e+08, 4.91398e+08, 5.13238e+08, 5.36693e+08, 5.61574e+08, 5.87711e+08, 6.14952e+08, 6.43166e+08, 6.72237e+08, 
3.39047e+09, 3.46507e+09, 1.12385e+08, 0, 2.62232e+07, 1.7607e+08, 2.85883e+08, 3.04447e+08, 3.25936e+08, 3.49864e+08, 3.75807e+08, 4.0341e+08, 4.3238e+08, 4.6248e+08, 4.93517e+08, 5.25337e+08, 5.57814e+08, 5.90845e+08, 
3.32707e+09, 3.40166e+09, 1.7607e+08, 2.62232e+07, 0, 1.12385e+08, 2.30618e+08, 2.52739e+08, 2.77773e+08, 3.05082e+08, 3.34165e+08, 3.64637e+08, 3.96205e+08, 4.28646e+08, 4.61791e+08, 4.95509e+08, 5.29696e+08, 5.64273e+08, 
3.17795e+09, 3.2525e+09, 3.25917e+08, 1.7607e+08, 1.12385e+08, 0, 1.2673e+08, 1.60802e+08, 1.95916e+08, 2.31663e+08, 2.67822e+08, 3.04262e+08, 3.40901e+08, 3.77687e+08, 4.14584e+08, 4.51567e+08, 4.88618e+08, 5.25723e+08, 
3.0918e+09, 3.16661e+09, 4.24549e+08, 2.85883e+08, 2.30618e+08, 1.2673e+08, 0, 0, 3.74617e+07, 7.49233e+07, 1.12385e+08, 1.49847e+08, 1.87308e+08, 2.2477e+08, 2.62232e+08, 2.99693e+08, 3.37155e+08, 3.74617e+08, 
3.08991e+09, 3.16477e+09, 4.37726e+08, 3.04447e+08, 2.52739e+08, 1.60802e+08, 0, 0, 0, 3.74617e+07, 7.49233e+07, 1.12385e+08, 1.49847e+08, 1.87308e+08, 2.2477e+08, 2.62232e+08, 2.99693e+08, 3.37155e+08, 
3.08848e+09, 3.16336e+09, 4.53415e+08, 3.25936e+08, 2.77773e+08, 1.95916e+08, 3.74617e+07, 0, 0, 0, 3.74617e+07, 7.49233e+07, 1.12385e+08, 1.49847e+08, 1.87308e+08, 2.2477e+08, 2.62232e+08, 2.99693e+08, 
3.08749e+09, 3.1624e+09, 4.71383e+08, 3.49864e+08, 3.05082e+08, 2.31663e+08, 7.49233e+07, 3.74617e+07, 0, 0, 0, 3.74617e+07, 7.49233e+07, 1.12385e+08, 1.49847e+08, 1.87308e+08, 2.2477e+08, 2.62232e+08, 
3.08695e+09, 3.16187e+09, 4.91398e+08, 3.75807e+08, 3.34165e+08, 2.67822e+08, 1.12385e+08, 7.49233e+07, 3.74617e+07, 0, 0, 0, 3.74617e+07, 7.49233e+07, 1.12385e+08, 1.49847e+08, 1.87308e+08, 2.2477e+08, 
3.08686e+09, 3.16178e+09, 5.13238e+08, 4.0341e+08, 3.64637e+08, 3.04262e+08, 1.49847e+08, 1.12385e+08, 7.49233e+07, 3.74617e+07, 0, 0, 0, 3.74617e+07, 7.49233e+07, 1.12385e+08, 1.49847e+08, 1.87308e+08, 
3.08722e+09, 3.16214e+09, 5.36693e+08, 4.3238e+08, 3.96205e+08, 3.40901e+08, 1.87308e+08, 1.49847e+08, 1.12385e+08, 7.49233e+07, 3.74617e+07, 0, 0, 0, 3.74617e+07, 7.49233e+07, 1.12385e+08, 1.49847e+08, 
3.08803e+09, 3.16292e+09, 5.61574e+08, 4.6248e+08, 4.28646e+08, 3.77687e+08, 2.2477e+08, 1.87308e+08, 1.49847e+08, 1.12385e+08, 7.49233e+07, 3.74617e+07, 0, 0, 0, 3.74617e+07, 7.49233e+07, 1.12385e+08, 
3.08929e+09, 3.16415e+09, 5.87711e+08, 4.93517e+08, 4.61791e+08, 4.14584e+08, 2.62232e+08, 2.2477e+08, 1.87308e+08, 1.49847e+08, 1.12385e+08, 7.49233e+07, 3.74617e+07, 0, 0, 0, 3.74617e+07, 7.49233e+07, 
3.09099e+09, 3.16582e+09, 6.14952e+08, 5.25337e+08, 4.95509e+08, 4.51567e+08, 2.99693e+08, 2.62232e+08, 2.2477e+08, 1.87308e+08, 1.49847e+08, 1.12385e+08, 7.49233e+07, 3.74617e+07, 0, 0, 0, 3.74617e+07, 
3.09314e+09, 3.16792e+09, 6.43166e+08, 5.57814e+08, 5.29696e+08, 4.88618e+08, 3.37155e+08, 2.99693e+08, 2.62232e+08, 2.2477e+08, 1.87308e+08, 1.49847e+08, 1.12385e+08, 7.49233e+07, 3.74617e+07, 0, 0, 0, 
3.09574e+09, 3.17046e+09, 6.72237e+08, 5.90845e+08, 5.64273e+08, 5.25723e+08, 3.74617e+08, 3.37155e+08, 2.99693e+08, 2.62232e+08, 2.2477e+08, 1.87308e+08, 1.49847e+08, 1.12385e+08, 7.49233e+07, 3.74617e+07, 0, 0, 
Optimal total distance (scaled) for 18 points: 3.51093e+09
Optimal total distance for 18 points: 281.230153
Corresponding path (0-indexed):
Point #2
Point #3
Point #4
Point #5
Point #6
Point #7
Point #8
Point #9
Point #10
Point #11
Point #12
Point #13
Point #14
Point #15
Point #16
Point #17
Point #0
Point #1
Execution time: 27 ms

Elapsed time: 27 ms


Execution #2/10000

Seed: 2
Estimated max possible cost 316.390076
for path: 
0 1 2 3 4 5 6 7 8 9 10 11 12 13 14 15 16 17 
Execution time: 34 ms

Elapsed time: 61 ms


Execution #3/10000

Seed: 3
Estimated max possible cost 316.390076
for path: 
0 1 2 3 4 5 6 7 8 9 10 11 12 13 14 15 16 17 
Execution time: 34 ms

Elapsed time: 95 ms


Execution #4/10000

Seed: 4
Estimated max possible cost 316.390076
for path: 
0 1 2 3 4 5 6 7 8 9 10 11 12 13 14 15 16 17 
Execution time: 24 ms

Elapsed time: 119 ms


Execution #5/10000

Seed: 5
Estimated max possible cost 316.390076
for path: 
0 1 2 3 4 5 6 7 8 9 10 11 12 13 14 15 16 17 
Execution time: 39 ms

Elapsed time: 158 ms


Execution #6/10000

Seed: 6
Estimated max possible cost 316.390076
for path: 
0 1 2 3 4 5 6 7 8 9 10 11 12 13 14 15 16 17 
Execution time: 36 ms

Elapsed time: 194 ms


Execution #7/10000

Seed: 7
Estimated max possible cost 316.390076
for path: 
0 1 2 3 4 5 6 7 8 9 10 11 12 13 14 15 16 17 
Execution time: 25 ms

Elapsed time: 219 ms


Execution #8/10000

Seed: 8
Estimated max possible cost 316.390076
for path: 
0 1 2 3 4 5 6 7 8 9 10 11 12 13 14 15 16 17 
Execution time: 26 ms

Elapsed time: 245 ms


Execution #9/10000

Seed: 9
Estimated max possible cost 316.390076
for path: 
0 1 2 3 4 5 6 7 8 9 10 11 12 13 14 15 16 17 
Execution time: 41 ms

Elapsed time: 286 ms


Execution #10/10000

Seed: 10
Estimated max possible cost 316.390076
for path: 
0 1 2 3 4 5 6 7 8 9 10 11 12 13 14 15 16 17 
Execution time: 26 ms

Elapsed time: 312 ms


Execution #11/10000

Seed: 11
Estimated max possible cost 316.390076
for path: 
0 1 2 3 4 5 6 7 8 9 10 11 12 13 14 15 16 17 
Execution time: 24 ms

Elapsed time: 336 ms


Execution #12/10000

Seed: 12
Estimated max possible cost 316.390076
for path: 
0 1 2 3 4 5 6 7 8 9 10 11 12 13 14 15 16 17 
Execution time: 26 ms

Elapsed time: 362 ms


Execution #13/10000

Seed: 13
Estimated max possible cost 316.390076
for path: 
0 1 2 3 4 5 6 7 8 9 10 11 12 13 14 15 16 17 
Execution time: 37 ms

Elapsed time: 399 ms


Execution #14/10000

Seed: 14
Estimated max possible cost 316.390076
for path: 
0 1 2 3 4 5 6 7 8 9 10 11 12 13 14 15 16 17 
Execution time: 38 ms

Elapsed time: 437 ms


Execution #15/10000

Seed: 15
Estimated max possible cost 316.390076
for path: 
0 1 2 3 4 5 6 7 8 9 10 11 12 13 14 15 16 17 
Execution time: 52 ms

Elapsed time: 489 ms


Execution #16/10000

Seed: 16
Estimated max possible cost 316.390076
for path: 
0 1 2 3 4 5 6 7 8 9 10 11 12 13 14 15 16 17 
Execution time: 41 ms

Elapsed time: 530 ms


Execution #17/10000

Seed: 17
Estimated max possible cost 316.390076
for path: 
0 1 2 3 4 5 6 7 8 9 10 11 12 13 14 15 16 17 
Execution time: 40 ms

Elapsed time: 570 ms


Execution #18/10000

Seed: 18
Estimated max possible cost 316.390076
for path: 
0 1 2 3 4 5 6 7 8 9 10 11 12 13 14 15 16 17 
Execution time: 29 ms

Elapsed time: 599 ms


Execution #19/10000

Seed: 19
Estimated max possible cost 316.390076
for path: 
0 1 2 3 4 5 6 7 8 9 10 11 12 13 14 15 16 17 
Execution time: 24 ms

Elapsed time: 623 ms


Execution #20/10000

Seed: 20
Estimated max possible cost 316.390076
for path: 
0 1 2 3 4 5 6 7 8 9 10 11 12 13 14 15 16 17 
Execution time: 47 ms

Elapsed time: 670 ms


Execution #21/10000

Seed: 21
Estimated max possible cost 316.390076
for path: 
0 1 2 3 4 5 6 7 8 9 10 11 12 13 14 15 16 17 
Execution time: 67 ms

Elapsed time: 737 ms


Execution #22/10000

Seed: 22
Estimated max possible cost 316.390076
for path: 
0 1 2 3 4 5 6 7 8 9 10 11 12 13 14 15 16 17 
Execution time: 52 ms

Elapsed time: 789 ms


Execution #23/10000

Seed: 23
Estimated max possible cost 316.390076
for path: 
0 1 2 3 4 5 6 7 8 9 10 11 12 13 14 15 16 17 
Execution time: 37 ms

Elapsed time: 826 ms


Execution #24/10000

Seed: 24
Estimated max possible cost 316.390076
for path: 
0 1 2 3 4 5 6 7 8 9 10 11 12 13 14 15 16 17 
Execution time: 31 ms

Elapsed time: 857 ms


Execution #25/10000

Seed: 25
Estimated max possible cost 316.390076
for path: 
0 1 2 3 4 5 6 7 8 9 10 11 12 13 14 15 16 17 
Execution time: 26 ms

Elapsed time: 883 ms


Execution #26/10000

Seed: 26
Estimated max possible cost 316.390076
for path: 
0 1 2 3 4 5 6 7 8 9 10 11 12 13 14 15 16 17 
Execution time: 28 ms

Elapsed time: 911 ms


Execution #27/10000

Seed: 27
Estimated max possible cost 316.390076
for path: 
0 1 2 3 4 5 6 7 8 9 10 11 12 13 14 15 16 17 
Execution time: 25 ms

Elapsed time: 936 ms


Execution #28/10000

Seed: 28
Estimated max possible cost 316.390076
for path: 
0 1 2 3 4 5 6 7 8 9 10 11 12 13 14 15 16 17 
Execution time: 26 ms

Elapsed time: 962 ms


Execution #29/10000

Seed: 29
Estimated max possible cost 316.390076
for path: 
0 1 2 3 4 5 6 7 8 9 10 11 12 13 14 15 16 17 
Execution time: 37 ms

Elapsed time: 999 ms


Execution #30/10000

Seed: 30
Estimated max possible cost 316.390076
for path: 
0 1 2 3 4 5 6 7 8 9 10 11 12 13 14 15 16 17 
Execution time: 42 ms

Elapsed time: 1041 ms


Execution #31/10000

Seed: 31
Estimated max possible cost 316.390076
for path: 
0 1 2 3 4 5 6 7 8 9 10 11 12 13 14 15 16 17 
Execution time: 35 ms

Elapsed time: 1076 ms


Execution #32/10000

Seed: 32
Estimated max possible cost 316.390076
for path: 
0 1 2 3 4 5 6 7 8 9 10 11 12 13 14 15 16 17 
Execution time: 24 ms

Elapsed time: 1100 ms


Execution #33/10000

Seed: 33
Estimated max possible cost 316.390076
for path: 
0 1 2 3 4 5 6 7 8 9 10 11 12 13 14 15 16 17 
Execution time: 29 ms

Elapsed time: 1129 ms


Execution #34/10000

Seed: 34
Estimated max possible cost 316.390076
for path: 
0 1 2 3 4 5 6 7 8 9 10 11 12 13 14 15 16 17 
Execution time: 39 ms

Elapsed time: 1168 ms


Execution #35/10000

Seed: 35
Estimated max possible cost 316.390076
for path: 
0 1 2 3 4 5 6 7 8 9 10 11 12 13 14 15 16 17 
Execution time: 29 ms

Elapsed time: 1197 ms


Execution #36/10000

Seed: 36
Estimated max possible cost 316.390076
for path: 
0 1 2 3 4 5 6 7 8 9 10 11 12 13 14 15 16 17 
Execution time: 39 ms

Elapsed time: 1236 ms


Execution #37/10000

Seed: 37
Estimated max possible cost 316.390076
for path: 
0 1 2 3 4 5 6 7 8 9 10 11 12 13 14 15 16 17 
Execution time: 25 ms

Elapsed time: 1261 ms


Execution #38/10000

Seed: 38
Estimated max possible cost 316.390076
for path: 
0 1 2 3 4 5 6 7 8 9 10 11 12 13 14 15 16 17 
Execution time: 29 ms

Elapsed time: 1290 ms


Execution #39/10000

Seed: 39
Estimated max possible cost 316.390076
for path: 
0 1 2 3 4 5 6 7 8 9 10 11 12 13 14 15 16 17 
Execution time: 34 ms

Elapsed time: 1324 ms


Execution #40/10000

Seed: 40
Estimated max possible cost 316.390076
for path: 
0 1 2 3 4 5 6 7 8 9 10 11 12 13 14 15 16 17 
Execution time: 37 ms

Elapsed time: 1361 ms


Execution #41/10000

Seed: 41
Estimated max possible cost 316.390076
for path: 
0 1 2 3 4 5 6 7 8 9 10 11 12 13 14 15 16 17 
Execution time: 25 ms

Elapsed time: 1386 ms


Execution #42/10000

Seed: 42
Estimated max possible cost 316.390076
for path: 
0 1 2 3 4 5 6 7 8 9 10 11 12 13 14 15 16 17 
Execution time: 25 ms

Elapsed time: 1411 ms


Execution #43/10000

Seed: 43
Estimated max possible cost 316.390076
for path: 
0 1 2 3 4 5 6 7 8 9 10 11 12 13 14 15 16 17 
Execution time: 25 ms

Elapsed time: 1436 ms


Execution #44/10000

Seed: 44
Estimated max possible cost 316.390076
for path: 
0 1 2 3 4 5 6 7 8 9 10 11 12 13 14 15 16 17 
Execution time: 41 ms

Elapsed time: 1477 ms


Execution #45/10000

Seed: 45
Estimated max possible cost 316.390076
for path: 
0 1 2 3 4 5 6 7 8 9 10 11 12 13 14 15 16 17 
Execution time: 41 ms

Elapsed time: 1518 ms


Execution #46/10000

Seed: 46
Estimated max possible cost 316.390076
for path: 
0 1 2 3 4 5 6 7 8 9 10 11 12 13 14 15 16 17 
Execution time: 42 ms

Elapsed time: 1560 ms


Execution #47/10000

Seed: 47
Estimated max possible cost 316.390076
for path: 
0 1 2 3 4 5 6 7 8 9 10 11 12 13 14 15 16 17 
Execution time: 35 ms

Elapsed time: 1595 ms


Execution #48/10000

Seed: 48
Estimated max possible cost 316.390076
for path: 
0 1 2 3 4 5 6 7 8 9 10 11 12 13 14 15 16 17 
Execution time: 49 ms

Elapsed time: 1644 ms


Execution #49/10000

Seed: 49
Estimated max possible cost 316.390076
for path: 
0 1 2 3 4 5 6 7 8 9 10 11 12 13 14 15 16 17 
Execution time: 40 ms

Elapsed time: 1684 ms


Execution #50/10000

Seed: 50
Estimated max possible cost 316.390076
for path: 
0 1 2 3 4 5 6 7 8 9 10 11 12 13 14 15 16 17 
Execution time: 41 ms

Elapsed time: 1725 ms


Execution #51/10000

Seed: 51
Estimated max possible cost 316.390076
for path: 
0 1 2 3 4 5 6 7 8 9 10 11 12 13 14 15 16 17 
Execution time: 41 ms

Elapsed time: 1766 ms


Execution #52/10000

Seed: 52
Estimated max possible cost 316.390076
for path: 
0 1 2 3 4 5 6 7 8 9 10 11 12 13 14 15 16 17 
Execution time: 36 ms

Elapsed time: 1802 ms


Execution #53/10000

Seed: 53
Estimated max possible cost 316.390076
for path: 
0 1 2 3 4 5 6 7 8 9 10 11 12 13 14 15 16 17 
Execution time: 47 ms

Elapsed time: 1849 ms


Execution #54/10000

Seed: 54
Estimated max possible cost 316.390076
for path: 
0 1 2 3 4 5 6 7 8 9 10 11 12 13 14 15 16 17 
Execution time: 23 ms

Elapsed time: 1872 ms


Execution #55/10000

Seed: 55
Estimated max possible cost 316.390076
for path: 
0 1 2 3 4 5 6 7 8 9 10 11 12 13 14 15 16 17 
Execution time: 26 ms

Elapsed time: 1898 ms


Execution #56/10000

Seed: 56
Estimated max possible cost 316.390076
for path: 
0 1 2 3 4 5 6 7 8 9 10 11 12 13 14 15 16 17 
Execution time: 39 ms

Elapsed time: 1937 ms


Execution #57/10000

Seed: 57
Estimated max possible cost 316.390076
for path: 
0 1 2 3 4 5 6 7 8 9 10 11 12 13 14 15 16 17 
Execution time: 24 ms

Elapsed time: 1961 ms


Execution #58/10000

Seed: 58
Estimated max possible cost 316.390076
for path: 
0 1 2 3 4 5 6 7 8 9 10 11 12 13 14 15 16 17 
Execution time: 36 ms

Elapsed time: 1997 ms


Execution #59/10000

Seed: 59
Estimated max possible cost 316.390076
for path: 
0 1 2 3 4 5 6 7 8 9 10 11 12 13 14 15 16 17 
Execution time: 41 ms

Elapsed time: 2038 ms


Execution #60/10000

Seed: 60
Estimated max possible cost 316.390076
for path: 
0 1 2 3 4 5 6 7 8 9 10 11 12 13 14 15 16 17 
Execution time: 57 ms

Elapsed time: 2095 ms


Execution #61/10000

Seed: 61
Estimated max possible cost 316.390076
for path: 
0 1 2 3 4 5 6 7 8 9 10 11 12 13 14 15 16 17 
Execution time: 43 ms

Elapsed time: 2138 ms


Execution #62/10000

Seed: 62
Estimated max possible cost 316.390076
for path: 
0 1 2 3 4 5 6 7 8 9 10 11 12 13 14 15 16 17 
Execution time: 37 ms

Elapsed time: 2175 ms


Execution #63/10000

Seed: 63
Estimated max possible cost 316.390076
for path: 
0 1 2 3 4 5 6 7 8 9 10 11 12 13 14 15 16 17 
Execution time: 34 ms

Elapsed time: 2209 ms


Execution #64/10000

Seed: 64
Estimated max possible cost 316.390076
for path: 
0 1 2 3 4 5 6 7 8 9 10 11 12 13 14 15 16 17 
Execution time: 37 ms

Elapsed time: 2246 ms


Execution #65/10000

Seed: 65
Estimated max possible cost 316.390076
for path: 
0 1 2 3 4 5 6 7 8 9 10 11 12 13 14 15 16 17 
Execution time: 40 ms

Elapsed time: 2286 ms


Execution #66/10000

Seed: 66
Estimated max possible cost 316.390076
for path: 
0 1 2 3 4 5 6 7 8 9 10 11 12 13 14 15 16 17 
Execution time: 41 ms

Elapsed time: 2327 ms


Execution #67/10000

Seed: 67
Estimated max possible cost 316.390076
for path: 
0 1 2 3 4 5 6 7 8 9 10 11 12 13 14 15 16 17 
Execution time: 28 ms

Elapsed time: 2355 ms


Execution #68/10000

Seed: 68
Estimated max possible cost 316.390076
for path: 
0 1 2 3 4 5 6 7 8 9 10 11 12 13 14 15 16 17 
Execution time: 23 ms

Elapsed time: 2378 ms


Execution #69/10000

Seed: 69
Estimated max possible cost 316.390076
for path: 
0 1 2 3 4 5 6 7 8 9 10 11 12 13 14 15 16 17 
Execution time: 39 ms

Elapsed time: 2417 ms


Execution #70/10000

Seed: 70
Estimated max possible cost 316.390076
for path: 
0 1 2 3 4 5 6 7 8 9 10 11 12 13 14 15 16 17 
Execution time: 30 ms

Elapsed time: 2447 ms


Execution #71/10000

Seed: 71
Estimated max possible cost 316.390076
for path: 
0 1 2 3 4 5 6 7 8 9 10 11 12 13 14 15 16 17 
Execution time: 37 ms

Elapsed time: 2484 ms


Execution #72/10000

Seed: 72
Estimated max possible cost 316.390076
for path: 
0 1 2 3 4 5 6 7 8 9 10 11 12 13 14 15 16 17 
Execution time: 38 ms

Elapsed time: 2522 ms


Execution #73/10000

Seed: 73
Estimated max possible cost 316.390076
for path: 
0 1 2 3 4 5 6 7 8 9 10 11 12 13 14 15 16 17 
Execution time: 38 ms

Elapsed time: 2560 ms


Execution #74/10000

Seed: 74
Estimated max possible cost 316.390076
for path: 
0 1 2 3 4 5 6 7 8 9 10 11 12 13 14 15 16 17 
Execution time: 26 ms

Elapsed time: 2586 ms


Execution #75/10000

Seed: 75
Estimated max possible cost 316.390076
for path: 
0 1 2 3 4 5 6 7 8 9 10 11 12 13 14 15 16 17 
Execution time: 61 ms

Elapsed time: 2647 ms


Execution #76/10000

Seed: 76
Estimated max possible cost 316.390076
for path: 
0 1 2 3 4 5 6 7 8 9 10 11 12 13 14 15 16 17 
Execution time: 33 ms

Elapsed time: 2680 ms


Execution #77/10000

Seed: 77
Estimated max possible cost 316.390076
for path: 
0 1 2 3 4 5 6 7 8 9 10 11 12 13 14 15 16 17 
Execution time: 24 ms

Elapsed time: 2704 ms


Execution #78/10000

Seed: 78
Estimated max possible cost 316.390076
for path: 
0 1 2 3 4 5 6 7 8 9 10 11 12 13 14 15 16 17 
Execution time: 34 ms

Elapsed time: 2738 ms


Execution #79/10000

Seed: 79
Estimated max possible cost 316.390076
for path: 
0 1 2 3 4 5 6 7 8 9 10 11 12 13 14 15 16 17 
Execution time: 31 ms

Elapsed time: 2769 ms


Execution #80/10000

Seed: 80
Estimated max possible cost 316.390076
for path: 
0 1 2 3 4 5 6 7 8 9 10 11 12 13 14 15 16 17 
Execution time: 34 ms

Elapsed time: 2803 ms


Execution #81/10000

Seed: 81
Estimated max possible cost 316.390076
for path: 
0 1 2 3 4 5 6 7 8 9 10 11 12 13 14 15 16 17 
Execution time: 24 ms

Elapsed time: 2827 ms


Execution #82/10000

Seed: 82
Estimated max possible cost 316.390076
for path: 
0 1 2 3 4 5 6 7 8 9 10 11 12 13 14 15 16 17 
Execution time: 25 ms

Elapsed time: 2852 ms


Execution #83/10000

Seed: 83
Estimated max possible cost 316.390076
for path: 
0 1 2 3 4 5 6 7 8 9 10 11 12 13 14 15 16 17 
Execution time: 24 ms

Elapsed time: 2876 ms


Execution #84/10000

Seed: 84
Estimated max possible cost 316.390076
for path: 
0 1 2 3 4 5 6 7 8 9 10 11 12 13 14 15 16 17 
Execution time: 25 ms

Elapsed time: 2901 ms


Execution #85/10000

Seed: 85
Estimated max possible cost 316.390076
for path: 
0 1 2 3 4 5 6 7 8 9 10 11 12 13 14 15 16 17 
Execution time: 31 ms

Elapsed time: 2932 ms


Execution #86/10000

Seed: 86
Estimated max possible cost 316.390076
for path: 
0 1 2 3 4 5 6 7 8 9 10 11 12 13 14 15 16 17 
Execution time: 37 ms

Elapsed time: 2969 ms


Execution #87/10000

Seed: 87
Estimated max possible cost 316.390076
for path: 
0 1 2 3 4 5 6 7 8 9 10 11 12 13 14 15 16 17 
Execution time: 25 ms

Elapsed time: 2994 ms


Execution #88/10000

Seed: 88
Estimated max possible cost 316.390076
for path: 
0 1 2 3 4 5 6 7 8 9 10 11 12 13 14 15 16 17 
Execution time: 59 ms

Elapsed time: 3053 ms


Execution #89/10000

Seed: 89
Estimated max possible cost 316.390076
for path: 
0 1 2 3 4 5 6 7 8 9 10 11 12 13 14 15 16 17 
Execution time: 42 ms

Elapsed time: 3095 ms


Execution #90/10000

Seed: 90
Estimated max possible cost 316.390076
for path: 
0 1 2 3 4 5 6 7 8 9 10 11 12 13 14 15 16 17 
Execution time: 25 ms

Elapsed time: 3120 ms


Execution #91/10000

Seed: 91
Estimated max possible cost 316.390076
for path: 
0 1 2 3 4 5 6 7 8 9 10 11 12 13 14 15 16 17 
Execution time: 25 ms

Elapsed time: 3145 ms


Execution #92/10000

Seed: 92
Estimated max possible cost 316.390076
for path: 
0 1 2 3 4 5 6 7 8 9 10 11 12 13 14 15 16 17 
Execution time: 25 ms

Elapsed time: 3170 ms


Execution #93/10000

Seed: 93
Estimated max possible cost 316.390076
for path: 
0 1 2 3 4 5 6 7 8 9 10 11 12 13 14 15 16 17 
Execution time: 27 ms

Elapsed time: 3197 ms


Execution #94/10000

Seed: 94
Estimated max possible cost 316.390076
for path: 
0 1 2 3 4 5 6 7 8 9 10 11 12 13 14 15 16 17 
Execution time: 40 ms

Elapsed time: 3237 ms


Execution #95/10000

Seed: 95
Estimated max possible cost 316.390076
for path: 
0 1 2 3 4 5 6 7 8 9 10 11 12 13 14 15 16 17 
Execution time: 25 ms

Elapsed time: 3262 ms


Execution #96/10000

Seed: 96
Estimated max possible cost 316.390076
for path: 
0 1 2 3 4 5 6 7 8 9 10 11 12 13 14 15 16 17 
Execution time: 27 ms

Elapsed time: 3289 ms


Execution #97/10000

Seed: 97
Estimated max possible cost 316.390076
for path: 
0 1 2 3 4 5 6 7 8 9 10 11 12 13 14 15 16 17 
Execution time: 36 ms

Elapsed time: 3325 ms


Execution #98/10000

Seed: 98
Estimated max possible cost 316.390076
for path: 
0 1 2 3 4 5 6 7 8 9 10 11 12 13 14 15 16 17 
Execution time: 23 ms

Elapsed time: 3348 ms


Execution #99/10000

Seed: 99
Estimated max possible cost 316.390076
for path: 
0 1 2 3 4 5 6 7 8 9 10 11 12 13 14 15 16 17 
Execution time: 30 ms

Elapsed time: 3378 ms


Execution #100/10000

Seed: 100
Estimated max possible cost 316.390076
for path: 
0 1 2 3 4 5 6 7 8 9 10 11 12 13 14 15 16 17 
Execution time: 26 ms

Elapsed time: 3404 ms


Execution #101/10000

Seed: 101
Estimated max possible cost 316.390076
for path: 
0 1 2 3 4 5 6 7 8 9 10 11 12 13 14 15 16 17 
Execution time: 37 ms

Elapsed time: 3441 ms


Execution #102/10000

Seed: 102
Estimated max possible cost 316.390076
for path: 
0 1 2 3 4 5 6 7 8 9 10 11 12 13 14 15 16 17 
Execution time: 24 ms

Elapsed time: 3465 ms


Execution #103/10000

Seed: 103
Estimated max possible cost 316.390076
for path: 
0 1 2 3 4 5 6 7 8 9 10 11 12 13 14 15 16 17 
Execution time: 27 ms

Elapsed time: 3492 ms


Execution #104/10000

Seed: 104
Estimated max possible cost 316.390076
for path: 
0 1 2 3 4 5 6 7 8 9 10 11 12 13 14 15 16 17 
Execution time: 43 ms

Elapsed time: 3535 ms


Execution #105/10000

Seed: 105
Estimated max possible cost 316.390076
for path: 
0 1 2 3 4 5 6 7 8 9 10 11 12 13 14 15 16 17 
Execution time: 58 ms

Elapsed time: 3593 ms


Execution #106/10000

Seed: 106
Estimated max possible cost 316.390076
for path: 
0 1 2 3 4 5 6 7 8 9 10 11 12 13 14 15 16 17 
Execution time: 51 ms

Elapsed time: 3644 ms


Execution #107/10000

Seed: 107
Estimated max possible cost 316.390076
for path: 
0 1 2 3 4 5 6 7 8 9 10 11 12 13 14 15 16 17 
Execution time: 47 ms

Elapsed time: 3691 ms


Execution #108/10000

Seed: 108
Estimated max possible cost 316.390076
for path: 
0 1 2 3 4 5 6 7 8 9 10 11 12 13 14 15 16 17 
Execution time: 30 ms

Elapsed time: 3721 ms


Execution #109/10000

Seed: 109
Estimated max possible cost 316.390076
for path: 
0 1 2 3 4 5 6 7 8 9 10 11 12 13 14 15 16 17 
Execution time: 30 ms

Elapsed time: 3751 ms


Execution #110/10000

Seed: 110
Estimated max possible cost 316.390076
for path: 
0 1 2 3 4 5 6 7 8 9 10 11 12 13 14 15 16 17 
Execution time: 24 ms

Elapsed time: 3775 ms


Execution #111/10000

Seed: 111
Estimated max possible cost 316.390076
for path: 
0 1 2 3 4 5 6 7 8 9 10 11 12 13 14 15 16 17 
Execution time: 38 ms

Elapsed time: 3813 ms


Execution #112/10000

Seed: 112
Estimated max possible cost 316.390076
for path: 
0 1 2 3 4 5 6 7 8 9 10 11 12 13 14 15 16 17 
Execution time: 41 ms

Elapsed time: 3854 ms


Execution #113/10000

Seed: 113
Estimated max possible cost 316.390076
for path: 
0 1 2 3 4 5 6 7 8 9 10 11 12 13 14 15 16 17 
Execution time: 32 ms

Elapsed time: 3886 ms


Execution #114/10000

Seed: 114
Estimated max possible cost 316.390076
for path: 
0 1 2 3 4 5 6 7 8 9 10 11 12 13 14 15 16 17 
Execution time: 41 ms

Elapsed time: 3927 ms


Execution #115/10000

Seed: 115
Estimated max possible cost 316.390076
for path: 
0 1 2 3 4 5 6 7 8 9 10 11 12 13 14 15 16 17 
Execution time: 32 ms

Elapsed time: 3959 ms


Execution #116/10000

Seed: 116
Estimated max possible cost 316.390076
for path: 
0 1 2 3 4 5 6 7 8 9 10 11 12 13 14 15 16 17 
Execution time: 41 ms

Elapsed time: 4000 ms


Execution #117/10000

Seed: 117
Estimated max possible cost 316.390076
for path: 
0 1 2 3 4 5 6 7 8 9 10 11 12 13 14 15 16 17 
Execution time: 40 ms

Elapsed time: 4040 ms


Execution #118/10000

Seed: 118
Estimated max possible cost 316.390076
for path: 
0 1 2 3 4 5 6 7 8 9 10 11 12 13 14 15 16 17 
Execution time: 41 ms

Elapsed time: 4081 ms


Execution #119/10000

Seed: 119
Estimated max possible cost 316.390076
for path: 
0 1 2 3 4 5 6 7 8 9 10 11 12 13 14 15 16 17 
Execution time: 42 ms

Elapsed time: 4123 ms


Execution #120/10000

Seed: 120
Estimated max possible cost 316.390076
for path: 
0 1 2 3 4 5 6 7 8 9 10 11 12 13 14 15 16 17 
Execution time: 33 ms

Elapsed time: 4156 ms


Execution #121/10000

Seed: 121
Estimated max possible cost 316.390076
for path: 
0 1 2 3 4 5 6 7 8 9 10 11 12 13 14 15 16 17 
Execution time: 25 ms

Elapsed time: 4181 ms


Execution #122/10000

Seed: 122
Estimated max possible cost 316.390076
for path: 
0 1 2 3 4 5 6 7 8 9 10 11 12 13 14 15 16 17 
Execution time: 36 ms

Elapsed time: 4217 ms


Execution #123/10000

Seed: 123
Estimated max possible cost 316.390076
for path: 
0 1 2 3 4 5 6 7 8 9 10 11 12 13 14 15 16 17 
Execution time: 38 ms

Elapsed time: 4255 ms


Execution #124/10000

Seed: 124
Estimated max possible cost 316.390076
for path: 
0 1 2 3 4 5 6 7 8 9 10 11 12 13 14 15 16 17 
Execution time: 30 ms

Elapsed time: 4285 ms


Execution #125/10000

Seed: 125
Estimated max possible cost 316.390076
for path: 
0 1 2 3 4 5 6 7 8 9 10 11 12 13 14 15 16 17 
Execution time: 31 ms

Elapsed time: 4316 ms


Execution #126/10000

Seed: 126
Estimated max possible cost 316.390076
for path: 
0 1 2 3 4 5 6 7 8 9 10 11 12 13 14 15 16 17 
Execution time: 35 ms

Elapsed time: 4351 ms


Execution #127/10000

Seed: 127
Estimated max possible cost 316.390076
for path: 
0 1 2 3 4 5 6 7 8 9 10 11 12 13 14 15 16 17 
Execution time: 24 ms

Elapsed time: 4375 ms


Execution #128/10000

Seed: 128
Estimated max possible cost 316.390076
for path: 
0 1 2 3 4 5 6 7 8 9 10 11 12 13 14 15 16 17 
Execution time: 30 ms

Elapsed time: 4405 ms


Execution #129/10000

Seed: 129
Estimated max possible cost 316.390076
for path: 
0 1 2 3 4 5 6 7 8 9 10 11 12 13 14 15 16 17 
Execution time: 38 ms

Elapsed time: 4443 ms


Execution #130/10000

Seed: 130
Estimated max possible cost 316.390076
for path: 
0 1 2 3 4 5 6 7 8 9 10 11 12 13 14 15 16 17 
Execution time: 36 ms

Elapsed time: 4479 ms


Execution #131/10000

Seed: 131
Estimated max possible cost 316.390076
for path: 
0 1 2 3 4 5 6 7 8 9 10 11 12 13 14 15 16 17 
Execution time: 57 ms

Elapsed time: 4536 ms


Execution #132/10000

Seed: 132
Estimated max possible cost 316.390076
for path: 
0 1 2 3 4 5 6 7 8 9 10 11 12 13 14 15 16 17 
Execution time: 43 ms

Elapsed time: 4579 ms


Execution #133/10000

Seed: 133
Estimated max possible cost 316.390076
for path: 
0 1 2 3 4 5 6 7 8 9 10 11 12 13 14 15 16 17 
Execution time: 27 ms

Elapsed time: 4606 ms


Execution #134/10000

Seed: 134
Estimated max possible cost 316.390076
for path: 
0 1 2 3 4 5 6 7 8 9 10 11 12 13 14 15 16 17 
Execution time: 35 ms

Elapsed time: 4641 ms


Execution #135/10000

Seed: 135
Estimated max possible cost 316.390076
for path: 
0 1 2 3 4 5 6 7 8 9 10 11 12 13 14 15 16 17 
Execution time: 43 ms

Elapsed time: 4684 ms


Execution #136/10000

Seed: 136
Estimated max possible cost 316.390076
for path: 
0 1 2 3 4 5 6 7 8 9 10 11 12 13 14 15 16 17 
Execution time: 45 ms

Elapsed time: 4729 ms


Execution #137/10000

Seed: 137
Estimated max possible cost 316.390076
for path: 
0 1 2 3 4 5 6 7 8 9 10 11 12 13 14 15 16 17 
Execution time: 26 ms

Elapsed time: 4755 ms


Execution #138/10000

Seed: 138
Estimated max possible cost 316.390076
for path: 
0 1 2 3 4 5 6 7 8 9 10 11 12 13 14 15 16 17 
Execution time: 39 ms

Elapsed time: 4794 ms


Execution #139/10000

Seed: 139
Estimated max possible cost 316.390076
for path: 
0 1 2 3 4 5 6 7 8 9 10 11 12 13 14 15 16 17 
Execution time: 44 ms

Elapsed time: 4838 ms


Execution #140/10000

Seed: 140
Estimated max possible cost 316.390076
for path: 
0 1 2 3 4 5 6 7 8 9 10 11 12 13 14 15 16 17 
Execution time: 38 ms

Elapsed time: 4876 ms


Execution #141/10000

Seed: 141
Estimated max possible cost 316.390076
for path: 
0 1 2 3 4 5 6 7 8 9 10 11 12 13 14 15 16 17 
Execution time: 41 ms

Elapsed time: 4917 ms


Execution #142/10000

Seed: 142
Estimated max possible cost 316.390076
for path: 
0 1 2 3 4 5 6 7 8 9 10 11 12 13 14 15 16 17 
Execution time: 27 ms

Elapsed time: 4944 ms


Execution #143/10000

Seed: 143
Estimated max possible cost 316.390076
for path: 
0 1 2 3 4 5 6 7 8 9 10 11 12 13 14 15 16 17 
Execution time: 25 ms

Elapsed time: 4969 ms


Execution #144/10000

Seed: 144
Estimated max possible cost 316.390076
for path: 
0 1 2 3 4 5 6 7 8 9 10 11 12 13 14 15 16 17 
Execution time: 41 ms

Elapsed time: 5010 ms


Execution #145/10000

Seed: 145
Estimated max possible cost 316.390076
for path: 
0 1 2 3 4 5 6 7 8 9 10 11 12 13 14 15 16 17 
Execution time: 50 ms

Elapsed time: 5060 ms


Execution #146/10000

Seed: 146
Estimated max possible cost 316.390076
for path: 
0 1 2 3 4 5 6 7 8 9 10 11 12 13 14 15 16 17 
Execution time: 53 ms

Elapsed time: 5113 ms


Execution #147/10000

Seed: 147
Estimated max possible cost 316.390076
for path: 
0 1 2 3 4 5 6 7 8 9 10 11 12 13 14 15 16 17 
Execution time: 44 ms

Elapsed time: 5157 ms


Execution #148/10000

Seed: 148
Estimated max possible cost 316.390076
for path: 
0 1 2 3 4 5 6 7 8 9 10 11 12 13 14 15 16 17 
Execution time: 33 ms

Elapsed time: 5190 ms


Execution #149/10000

Seed: 149
Estimated max possible cost 316.390076
for path: 
0 1 2 3 4 5 6 7 8 9 10 11 12 13 14 15 16 17 
Execution time: 44 ms

Elapsed time: 5234 ms


Execution #150/10000

Seed: 150
Estimated max possible cost 316.390076
for path: 
0 1 2 3 4 5 6 7 8 9 10 11 12 13 14 15 16 17 
Execution time: 29 ms

Elapsed time: 5263 ms


Execution #151/10000

Seed: 151
Estimated max possible cost 316.390076
for path: 
0 1 2 3 4 5 6 7 8 9 10 11 12 13 14 15 16 17 
Execution time: 41 ms

Elapsed time: 5304 ms


Execution #152/10000

Seed: 152
Estimated max possible cost 316.390076
for path: 
0 1 2 3 4 5 6 7 8 9 10 11 12 13 14 15 16 17 
Execution time: 43 ms

Elapsed time: 5347 ms


Execution #153/10000

Seed: 153
Estimated max possible cost 316.390076
for path: 
0 1 2 3 4 5 6 7 8 9 10 11 12 13 14 15 16 17 
Execution time: 39 ms

Elapsed time: 5386 ms


Execution #154/10000

Seed: 154
Estimated max possible cost 316.390076
for path: 
0 1 2 3 4 5 6 7 8 9 10 11 12 13 14 15 16 17 
Execution time: 40 ms

Elapsed time: 5426 ms


Execution #155/10000

Seed: 155
Estimated max possible cost 316.390076
for path: 
0 1 2 3 4 5 6 7 8 9 10 11 12 13 14 15 16 17 
Execution time: 41 ms

Elapsed time: 5467 ms


Execution #156/10000

Seed: 156
Estimated max possible cost 316.390076
for path: 
0 1 2 3 4 5 6 7 8 9 10 11 12 13 14 15 16 17 
Execution time: 27 ms

Elapsed time: 5494 ms


Execution #157/10000

Seed: 157
Estimated max possible cost 316.390076
for path: 
0 1 2 3 4 5 6 7 8 9 10 11 12 13 14 15 16 17 
Execution time: 36 ms

Elapsed time: 5530 ms


Execution #158/10000

Seed: 158
Estimated max possible cost 316.390076
for path: 
0 1 2 3 4 5 6 7 8 9 10 11 12 13 14 15 16 17 
Execution time: 32 ms

Elapsed time: 5562 ms


Execution #159/10000

Seed: 159
Estimated max possible cost 316.390076
for path: 
0 1 2 3 4 5 6 7 8 9 10 11 12 13 14 15 16 17 
Execution time: 25 ms

Elapsed time: 5587 ms


Execution #160/10000

Seed: 160
Estimated max possible cost 316.390076
for path: 
0 1 2 3 4 5 6 7 8 9 10 11 12 13 14 15 16 17 
Execution time: 25 ms

Elapsed time: 5612 ms


Execution #161/10000

Seed: 161
Estimated max possible cost 316.390076
for path: 
0 1 2 3 4 5 6 7 8 9 10 11 12 13 14 15 16 17 
Execution time: 25 ms

Elapsed time: 5637 ms


Execution #162/10000

Seed: 162
Estimated max possible cost 316.390076
for path: 
0 1 2 3 4 5 6 7 8 9 10 11 12 13 14 15 16 17 
Execution time: 24 ms

Elapsed time: 5661 ms


Execution #163/10000

Seed: 163
Estimated max possible cost 316.390076
for path: 
0 1 2 3 4 5 6 7 8 9 10 11 12 13 14 15 16 17 
Execution time: 24 ms

Elapsed time: 5685 ms


Execution #164/10000

Seed: 164
Estimated max possible cost 316.390076
for path: 
0 1 2 3 4 5 6 7 8 9 10 11 12 13 14 15 16 17 
Execution time: 24 ms

Elapsed time: 5709 ms


Execution #165/10000

Seed: 165
Estimated max possible cost 316.390076
for path: 
0 1 2 3 4 5 6 7 8 9 10 11 12 13 14 15 16 17 
Execution time: 26 ms

Elapsed time: 5735 ms


Execution #166/10000

Seed: 166
Estimated max possible cost 316.390076
for path: 
0 1 2 3 4 5 6 7 8 9 10 11 12 13 14 15 16 17 
Execution time: 26 ms

Elapsed time: 5761 ms


Execution #167/10000

Seed: 167
Estimated max possible cost 316.390076
for path: 
0 1 2 3 4 5 6 7 8 9 10 11 12 13 14 15 16 17 
Execution time: 27 ms

Elapsed time: 5788 ms


Execution #168/10000

Seed: 168
Estimated max possible cost 316.390076
for path: 
0 1 2 3 4 5 6 7 8 9 10 11 12 13 14 15 16 17 
Execution time: 42 ms

Elapsed time: 5830 ms


Execution #169/10000

Seed: 169
Estimated max possible cost 316.390076
for path: 
0 1 2 3 4 5 6 7 8 9 10 11 12 13 14 15 16 17 
Execution time: 25 ms

Elapsed time: 5855 ms


Execution #170/10000

Seed: 170
Estimated max possible cost 316.390076
for path: 
0 1 2 3 4 5 6 7 8 9 10 11 12 13 14 15 16 17 
Execution time: 28 ms

Elapsed time: 5883 ms


Execution #171/10000

Seed: 171
Estimated max possible cost 316.390076
for path: 
0 1 2 3 4 5 6 7 8 9 10 11 12 13 14 15 16 17 
Execution time: 38 ms

Elapsed time: 5921 ms


Execution #172/10000

Seed: 172
Estimated max possible cost 316.390076
for path: 
0 1 2 3 4 5 6 7 8 9 10 11 12 13 14 15 16 17 
Execution time: 24 ms

Elapsed time: 5945 ms


Execution #173/10000

Seed: 173
Estimated max possible cost 316.390076
for path: 
0 1 2 3 4 5 6 7 8 9 10 11 12 13 14 15 16 17 
Execution time: 28 ms

Elapsed time: 5973 ms


Execution #174/10000

Seed: 174
Estimated max possible cost 316.390076
for path: 
0 1 2 3 4 5 6 7 8 9 10 11 12 13 14 15 16 17 
Execution time: 49 ms

Elapsed time: 6022 ms


Execution #175/10000

Seed: 175
Estimated max possible cost 316.390076
for path: 
0 1 2 3 4 5 6 7 8 9 10 11 12 13 14 15 16 17 
Execution time: 58 ms

Elapsed time: 6080 ms


Execution #176/10000

Seed: 176
Estimated max possible cost 316.390076
for path: 
0 1 2 3 4 5 6 7 8 9 10 11 12 13 14 15 16 17 
Execution time: 38 ms

Elapsed time: 6118 ms


Execution #177/10000

Seed: 177
Estimated max possible cost 316.390076
for path: 
0 1 2 3 4 5 6 7 8 9 10 11 12 13 14 15 16 17 
Execution time: 24 ms

Elapsed time: 6142 ms


Execution #178/10000

Seed: 178
Estimated max possible cost 316.390076
for path: 
0 1 2 3 4 5 6 7 8 9 10 11 12 13 14 15 16 17 
Execution time: 32 ms

Elapsed time: 6174 ms


Execution #179/10000

Seed: 179
Estimated max possible cost 316.390076
for path: 
0 1 2 3 4 5 6 7 8 9 10 11 12 13 14 15 16 17 
Execution time: 29 ms

Elapsed time: 6203 ms


Execution #180/10000

Seed: 180
Estimated max possible cost 316.390076
for path: 
0 1 2 3 4 5 6 7 8 9 10 11 12 13 14 15 16 17 
Execution time: 42 ms

Elapsed time: 6245 ms


Execution #181/10000

Seed: 181
Estimated max possible cost 316.390076
for path: 
0 1 2 3 4 5 6 7 8 9 10 11 12 13 14 15 16 17 
Execution time: 42 ms

Elapsed time: 6287 ms


Execution #182/10000

Seed: 182
Estimated max possible cost 316.390076
for path: 
0 1 2 3 4 5 6 7 8 9 10 11 12 13 14 15 16 17 
Execution time: 30 ms

Elapsed time: 6317 ms


Execution #183/10000

Seed: 183
Estimated max possible cost 316.390076
for path: 
0 1 2 3 4 5 6 7 8 9 10 11 12 13 14 15 16 17 
Execution time: 41 ms

Elapsed time: 6358 ms


Execution #184/10000

Seed: 184
Estimated max possible cost 316.390076
for path: 
0 1 2 3 4 5 6 7 8 9 10 11 12 13 14 15 16 17 
Execution time: 43 ms

Elapsed time: 6401 ms


Execution #185/10000

Seed: 185
Estimated max possible cost 316.390076
for path: 
0 1 2 3 4 5 6 7 8 9 10 11 12 13 14 15 16 17 
Execution time: 43 ms

Elapsed time: 6444 ms


Execution #186/10000

Seed: 186
Estimated max possible cost 316.390076
for path: 
0 1 2 3 4 5 6 7 8 9 10 11 12 13 14 15 16 17 
Execution time: 40 ms

Elapsed time: 6484 ms


Execution #187/10000

Seed: 187
Estimated max possible cost 316.390076
for path: 
0 1 2 3 4 5 6 7 8 9 10 11 12 13 14 15 16 17 
Execution time: 25 ms

Elapsed time: 6509 ms


Execution #188/10000

Seed: 188
Estimated max possible cost 316.390076
for path: 
0 1 2 3 4 5 6 7 8 9 10 11 12 13 14 15 16 17 
Execution time: 24 ms

Elapsed time: 6533 ms


Execution #189/10000

Seed: 189
Estimated max possible cost 316.390076
for path: 
0 1 2 3 4 5 6 7 8 9 10 11 12 13 14 15 16 17 
Execution time: 30 ms

Elapsed time: 6563 ms


Execution #190/10000

Seed: 190
Estimated max possible cost 316.390076
for path: 
0 1 2 3 4 5 6 7 8 9 10 11 12 13 14 15 16 17 
Execution time: 42 ms

Elapsed time: 6605 ms


Execution #191/10000

Seed: 191
Estimated max possible cost 316.390076
for path: 
0 1 2 3 4 5 6 7 8 9 10 11 12 13 14 15 16 17 
Execution time: 26 ms

Elapsed time: 6631 ms


Execution #192/10000

Seed: 192
