Solving SHP


Execution #1/10000

Seed: 1
Estimated max possible cost 318.930076
for path: 
0 1 2 3 4 5 6 7 8 9 10 11 12 13 14 15 16 17 18 
Memory needed for path: 1196715 locs, for costs: 1436058 locs.
Desired precision: 10000
Mem constraint for cost_t: 32 bits
Rounded to pow of 2 bytes mem constraint (capped at 64bits) for cost_t: 32 bits
Bits needed for an int to preserve precision: 22
Bits used per cost_t: 22
Selected cost_t = (u)int32_t
Solving with cost_t = j
Memory [GB] needed: 0.00646426
Distances:
0, 5.08, 242.54, 232.423, 228.124, 218.013, 212.172, 212.044, 211.947, 211.88, 211.843, 211.837, 211.862, 211.917, 212.002, 212.117, 212.263, 212.44, 212.646, 
5.08, 0, 247.599, 237.481, 233.181, 223.068, 217.244, 217.119, 217.024, 216.959, 216.923, 216.917, 216.941, 216.995, 217.078, 217.191, 217.333, 217.505, 217.707, 
242.54, 247.599, 0, 10.16, 14.478, 24.638, 31.3255, 32.219, 33.2827, 34.501, 35.8581, 37.3389, 38.9292, 40.6162, 42.3883, 44.2354, 46.1484, 48.1194, 50.1417, 
232.423, 237.481, 10.16, 0, 4.318, 14.478, 21.9236, 23.1823, 24.6393, 26.2617, 28.0207, 29.8922, 31.8565, 33.8973, 36.0018, 38.1592, 40.3612, 42.6009, 44.8725, 
228.124, 233.181, 14.478, 4.318, 0, 10.16, 18.1765, 19.6764, 21.3738, 23.2254, 25.1973, 27.2633, 29.4037, 31.6034, 33.8507, 36.1368, 38.4548, 40.7992, 43.1658, 
218.013, 223.068, 24.638, 14.478, 10.16, 0, 11.1326, 13.4428, 15.8236, 18.2474, 20.6991, 23.1698, 25.654, 28.1482, 30.6499, 33.1575, 35.6696, 38.1854, 40.7042, 
212.172, 217.244, 31.3255, 21.9236, 18.1765, 11.1326, 0, 2.54, 5.08, 7.62, 10.16, 12.7, 15.24, 17.78, 20.32, 22.86, 25.4, 27.94, 30.48, 
212.044, 217.119, 32.219, 23.1823, 19.6764, 13.4428, 2.54, 0, 2.54, 5.08, 7.62, 10.16, 12.7, 15.24, 17.78, 20.32, 22.86, 25.4, 27.94, 
211.947, 217.024, 33.2827, 24.6393, 21.3738, 15.8236, 5.08, 2.54, 0, 2.54, 5.08, 7.62, 10.16, 12.7, 15.24, 17.78, 20.32, 22.86, 25.4, 
211.88, 216.959, 34.501, 26.2617, 23.2254, 18.2474, 7.62, 5.08, 2.54, 0, 2.54, 5.08, 7.62, 10.16, 12.7, 15.24, 17.78, 20.32, 22.86, 
211.843, 216.923, 35.8581, 28.0207, 25.1973, 20.6991, 10.16, 7.62, 5.08, 2.54, 0, 2.54, 5.08, 7.62, 10.16, 12.7, 15.24, 17.78, 20.32, 
211.837, 216.917, 37.3389, 29.8922, 27.2633, 23.1698, 12.7, 10.16, 7.62, 5.08, 2.54, 0, 2.54, 5.08, 7.62, 10.16, 12.7, 15.24, 17.78, 
211.862, 216.941, 38.9292, 31.8565, 29.4037, 25.654, 15.24, 12.7, 10.16, 7.62, 5.08, 2.54, 0, 2.54, 5.08, 7.62, 10.16, 12.7, 15.24, 
211.917, 216.995, 40.6162, 33.8973, 31.6034, 28.1482, 17.78, 15.24, 12.7, 10.16, 7.62, 5.08, 2.54, 0, 2.54, 5.08, 7.62, 10.16, 12.7, 
212.002, 217.078, 42.3883, 36.0018, 33.8507, 30.6499, 20.32, 17.78, 15.24, 12.7, 10.16, 7.62, 5.08, 2.54, 0, 2.54, 5.08, 7.62, 10.16, 
212.117, 217.191, 44.2354, 38.1592, 36.1368, 33.1575, 22.86, 20.32, 17.78, 15.24, 12.7, 10.16, 7.62, 5.08, 2.54, 0, 2.54, 5.08, 7.62, 
212.263, 217.333, 46.1484, 40.3612, 38.4548, 35.6696, 25.4, 22.86, 20.32, 17.78, 15.24, 12.7, 10.16, 7.62, 5.08, 2.54, 0, 2.54, 5.08, 
212.44, 217.505, 48.1194, 42.6009, 40.7992, 38.1854, 27.94, 25.4, 22.86, 20.32, 17.78, 15.24, 12.7, 10.16, 7.62, 5.08, 2.54, 0, 2.54, 
212.646, 217.707, 50.1417, 44.8725, 43.1658, 40.7042, 30.48, 27.94, 25.4, 22.86, 20.32, 17.78, 15.24, 12.7, 10.16, 7.62, 5.08, 2.54, 0, 
Scaled Distances:
0, 3.73335e+07, 3.52757e+09, 3.37887e+09, 3.31569e+09, 3.16707e+09, 3.08122e+09, 3.07934e+09, 3.07791e+09, 3.07692e+09, 3.07639e+09, 3.0763e+09, 3.07666e+09, 3.07746e+09, 3.07871e+09, 3.08041e+09, 3.08256e+09, 3.08515e+09, 3.08818e+09, 
3.73335e+07, 0, 3.60194e+09, 3.45321e+09, 3.39002e+09, 3.24137e+09, 3.15577e+09, 3.15394e+09, 3.15254e+09, 3.15158e+09, 3.15105e+09, 3.15096e+09, 3.15131e+09, 3.1521e+09, 3.15332e+09, 3.15498e+09, 3.15708e+09, 3.15961e+09, 3.16257e+09, 
3.52757e+09, 3.60194e+09, 0, 1.12e+08, 1.75467e+08, 3.24801e+08, 4.23096e+08, 4.36228e+08, 4.51863e+08, 4.6977e+08, 4.89717e+08, 5.11481e+08, 5.34856e+08, 5.59652e+08, 5.85699e+08, 6.12848e+08, 6.40965e+08, 6.69936e+08, 6.9966e+08, 
3.37887e+09, 3.45321e+09, 1.12e+08, 0, 2.61334e+07, 1.75467e+08, 2.84904e+08, 3.03405e+08, 3.2482e+08, 3.48666e+08, 3.74521e+08, 4.02029e+08, 4.309e+08, 4.60897e+08, 4.91828e+08, 5.23539e+08, 5.55905e+08, 5.88823e+08, 6.22213e+08, 
3.31569e+09, 3.39002e+09, 1.75467e+08, 2.61334e+07, 0, 1.12e+08, 2.29829e+08, 2.51874e+08, 2.76823e+08, 3.04038e+08, 3.33021e+08, 3.63389e+08, 3.94849e+08, 4.27179e+08, 4.60211e+08, 4.93813e+08, 5.27883e+08, 5.62342e+08, 5.97127e+08, 
3.16707e+09, 3.24137e+09, 3.24801e+08, 1.75467e+08, 1.12e+08, 0, 1.26296e+08, 1.60252e+08, 1.95245e+08, 2.30871e+08, 2.66906e+08, 3.03221e+08, 3.39735e+08, 3.76395e+08, 4.13166e+08, 4.50022e+08, 4.86946e+08, 5.23924e+08, 5.60946e+08, 
3.08122e+09, 3.15577e+09, 4.23096e+08, 2.84904e+08, 2.29829e+08, 1.26296e+08, 0, 0, 3.73335e+07, 7.46669e+07, 1.12e+08, 1.49334e+08, 1.86667e+08, 2.24001e+08, 2.61334e+08, 2.98668e+08, 3.36001e+08, 3.73335e+08, 4.10668e+08, 
3.07934e+09, 3.15394e+09, 4.36228e+08, 3.03405e+08, 2.51874e+08, 1.60252e+08, 0, 0, 0, 3.73335e+07, 7.46669e+07, 1.12e+08, 1.49334e+08, 1.86667e+08, 2.24001e+08, 2.61334e+08, 2.98668e+08, 3.36001e+08, 3.73335e+08, 
3.07791e+09, 3.15254e+09, 4.51863e+08, 3.2482e+08, 2.76823e+08, 1.95245e+08, 3.73335e+07, 0, 0, 0, 3.73335e+07, 7.46669e+07, 1.12e+08, 1.49334e+08, 1.86667e+08, 2.24001e+08, 2.61334e+08, 2.98668e+08, 3.36001e+08, 
3.07692e+09, 3.15158e+09, 4.6977e+08, 3.48666e+08, 3.04038e+08, 2.30871e+08, 7.46669e+07, 3.73335e+07, 0, 0, 0, 3.73335e+07, 7.46669e+07, 1.12e+08, 1.49334e+08, 1.86667e+08, 2.24001e+08, 2.61334e+08, 2.98668e+08, 
3.07639e+09, 3.15105e+09, 4.89717e+08, 3.74521e+08, 3.33021e+08, 2.66906e+08, 1.12e+08, 7.46669e+07, 3.73335e+07, 0, 0, 0, 3.73335e+07, 7.46669e+07, 1.12e+08, 1.49334e+08, 1.86667e+08, 2.24001e+08, 2.61334e+08, 
3.0763e+09, 3.15096e+09, 5.11481e+08, 4.02029e+08, 3.63389e+08, 3.03221e+08, 1.49334e+08, 1.12e+08, 7.46669e+07, 3.73335e+07, 0, 0, 0, 3.73335e+07, 7.46669e+07, 1.12e+08, 1.49334e+08, 1.86667e+08, 2.24001e+08, 
3.07666e+09, 3.15131e+09, 5.34856e+08, 4.309e+08, 3.94849e+08, 3.39735e+08, 1.86667e+08, 1.49334e+08, 1.12e+08, 7.46669e+07, 3.73335e+07, 0, 0, 0, 3.73335e+07, 7.46669e+07, 1.12e+08, 1.49334e+08, 1.86667e+08, 
3.07746e+09, 3.1521e+09, 5.59652e+08, 4.60897e+08, 4.27179e+08, 3.76395e+08, 2.24001e+08, 1.86667e+08, 1.49334e+08, 1.12e+08, 7.46669e+07, 3.73335e+07, 0, 0, 0, 3.73335e+07, 7.46669e+07, 1.12e+08, 1.49334e+08, 
3.07871e+09, 3.15332e+09, 5.85699e+08, 4.91828e+08, 4.60211e+08, 4.13166e+08, 2.61334e+08, 2.24001e+08, 1.86667e+08, 1.49334e+08, 1.12e+08, 7.46669e+07, 3.73335e+07, 0, 0, 0, 3.73335e+07, 7.46669e+07, 1.12e+08, 
3.08041e+09, 3.15498e+09, 6.12848e+08, 5.23539e+08, 4.93813e+08, 4.50022e+08, 2.98668e+08, 2.61334e+08, 2.24001e+08, 1.86667e+08, 1.49334e+08, 1.12e+08, 7.46669e+07, 3.73335e+07, 0, 0, 0, 3.73335e+07, 7.46669e+07, 
3.08256e+09, 3.15708e+09, 6.40965e+08, 5.55905e+08, 5.27883e+08, 4.86946e+08, 3.36001e+08, 2.98668e+08, 2.61334e+08, 2.24001e+08, 1.86667e+08, 1.49334e+08, 1.12e+08, 7.46669e+07, 3.73335e+07, 0, 0, 0, 3.73335e+07, 
3.08515e+09, 3.15961e+09, 6.69936e+08, 5.88823e+08, 5.62342e+08, 5.23924e+08, 3.73335e+08, 3.36001e+08, 2.98668e+08, 2.61334e+08, 2.24001e+08, 1.86667e+08, 1.49334e+08, 1.12e+08, 7.46669e+07, 3.73335e+07, 0, 0, 0, 
3.08818e+09, 3.16257e+09, 6.9966e+08, 6.22213e+08, 5.97127e+08, 5.60946e+08, 4.10668e+08, 3.73335e+08, 3.36001e+08, 2.98668e+08, 2.61334e+08, 2.24001e+08, 1.86667e+08, 1.49334e+08, 1.12e+08, 7.46669e+07, 3.73335e+07, 0, 0, 
Optimal total distance (scaled) for 19 points: 3.50195e+09
Optimal total distance for 19 points: 283.976562
Corresponding path (0-indexed):
Point #2
Point #3
Point #4
Point #5
Point #6
Point #7
Point #8
Point #9
Point #10
Point #11
Point #12
Point #13
Point #14
Point #15
Point #16
Point #17
Point #18
Point #0
Point #1
Execution time: 80 ms

Elapsed time: 80 ms


Execution #2/10000

Seed: 2
Estimated max possible cost 318.930076
for path: 
0 1 2 3 4 5 6 7 8 9 10 11 12 13 14 15 16 17 18 
Execution time: 64 ms

Elapsed time: 144 ms


Execution #3/10000

Seed: 3
Estimated max possible cost 318.930076
for path: 
0 1 2 3 4 5 6 7 8 9 10 11 12 13 14 15 16 17 18 
Execution time: 76 ms

Elapsed time: 220 ms


Execution #4/10000

Seed: 4
Estimated max possible cost 318.930076
for path: 
0 1 2 3 4 5 6 7 8 9 10 11 12 13 14 15 16 17 18 
Execution time: 73 ms

Elapsed time: 293 ms


Execution #5/10000

Seed: 5
Estimated max possible cost 318.930076
for path: 
0 1 2 3 4 5 6 7 8 9 10 11 12 13 14 15 16 17 18 
Execution time: 89 ms

Elapsed time: 382 ms


Execution #6/10000

Seed: 6
Estimated max possible cost 318.930076
for path: 
0 1 2 3 4 5 6 7 8 9 10 11 12 13 14 15 16 17 18 
Execution time: 78 ms

Elapsed time: 460 ms


Execution #7/10000

Seed: 7
Estimated max possible cost 318.930076
for path: 
0 1 2 3 4 5 6 7 8 9 10 11 12 13 14 15 16 17 18 
Execution time: 95 ms

Elapsed time: 555 ms


Execution #8/10000

Seed: 8
Estimated max possible cost 318.930076
for path: 
0 1 2 3 4 5 6 7 8 9 10 11 12 13 14 15 16 17 18 
Execution time: 60 ms

Elapsed time: 615 ms


Execution #9/10000

Seed: 9
Estimated max possible cost 318.930076
for path: 
0 1 2 3 4 5 6 7 8 9 10 11 12 13 14 15 16 17 18 
Execution time: 58 ms

Elapsed time: 673 ms


Execution #10/10000

Seed: 10
Estimated max possible cost 318.930076
for path: 
0 1 2 3 4 5 6 7 8 9 10 11 12 13 14 15 16 17 18 
Execution time: 59 ms

Elapsed time: 732 ms


Execution #11/10000

Seed: 11
Estimated max possible cost 318.930076
for path: 
0 1 2 3 4 5 6 7 8 9 10 11 12 13 14 15 16 17 18 
Execution time: 94 ms

Elapsed time: 826 ms


Execution #12/10000

Seed: 12
Estimated max possible cost 318.930076
for path: 
0 1 2 3 4 5 6 7 8 9 10 11 12 13 14 15 16 17 18 
Execution time: 62 ms

Elapsed time: 888 ms


Execution #13/10000

Seed: 13
Estimated max possible cost 318.930076
for path: 
0 1 2 3 4 5 6 7 8 9 10 11 12 13 14 15 16 17 18 
Execution time: 64 ms

Elapsed time: 952 ms


Execution #14/10000

Seed: 14
Estimated max possible cost 318.930076
for path: 
0 1 2 3 4 5 6 7 8 9 10 11 12 13 14 15 16 17 18 
Execution time: 79 ms

Elapsed time: 1031 ms


Execution #15/10000

Seed: 15
Estimated max possible cost 318.930076
for path: 
0 1 2 3 4 5 6 7 8 9 10 11 12 13 14 15 16 17 18 
Execution time: 69 ms

Elapsed time: 1100 ms


Execution #16/10000

Seed: 16
Estimated max possible cost 318.930076
for path: 
0 1 2 3 4 5 6 7 8 9 10 11 12 13 14 15 16 17 18 
Execution time: 60 ms

Elapsed time: 1160 ms


Execution #17/10000

Seed: 17
Estimated max possible cost 318.930076
for path: 
0 1 2 3 4 5 6 7 8 9 10 11 12 13 14 15 16 17 18 
Execution time: 68 ms

Elapsed time: 1228 ms


Execution #18/10000

Seed: 18
Estimated max possible cost 318.930076
for path: 
0 1 2 3 4 5 6 7 8 9 10 11 12 13 14 15 16 17 18 
Execution time: 75 ms

Elapsed time: 1303 ms


Execution #19/10000

Seed: 19
Estimated max possible cost 318.930076
for path: 
0 1 2 3 4 5 6 7 8 9 10 11 12 13 14 15 16 17 18 
Execution time: 62 ms

Elapsed time: 1365 ms


Execution #20/10000

Seed: 20
Estimated max possible cost 318.930076
for path: 
0 1 2 3 4 5 6 7 8 9 10 11 12 13 14 15 16 17 18 
Execution time: 61 ms

Elapsed time: 1426 ms


Execution #21/10000

Seed: 21
Estimated max possible cost 318.930076
for path: 
0 1 2 3 4 5 6 7 8 9 10 11 12 13 14 15 16 17 18 
Execution time: 93 ms

Elapsed time: 1519 ms


Execution #22/10000

Seed: 22
Estimated max possible cost 318.930076
for path: 
0 1 2 3 4 5 6 7 8 9 10 11 12 13 14 15 16 17 18 
Execution time: 91 ms

Elapsed time: 1610 ms


Execution #23/10000

Seed: 23
Estimated max possible cost 318.930076
for path: 
0 1 2 3 4 5 6 7 8 9 10 11 12 13 14 15 16 17 18 
Execution time: 82 ms

Elapsed time: 1692 ms


Execution #24/10000

Seed: 24
Estimated max possible cost 318.930076
for path: 
0 1 2 3 4 5 6 7 8 9 10 11 12 13 14 15 16 17 18 
Execution time: 65 ms

Elapsed time: 1757 ms


Execution #25/10000

Seed: 25
Estimated max possible cost 318.930076
for path: 
0 1 2 3 4 5 6 7 8 9 10 11 12 13 14 15 16 17 18 
Execution time: 86 ms

Elapsed time: 1843 ms


Execution #26/10000

Seed: 26
Estimated max possible cost 318.930076
for path: 
0 1 2 3 4 5 6 7 8 9 10 11 12 13 14 15 16 17 18 
Execution time: 76 ms

Elapsed time: 1919 ms


Execution #27/10000

Seed: 27
Estimated max possible cost 318.930076
for path: 
0 1 2 3 4 5 6 7 8 9 10 11 12 13 14 15 16 17 18 
Execution time: 75 ms

Elapsed time: 1994 ms


Execution #28/10000

Seed: 28
Estimated max possible cost 318.930076
for path: 
0 1 2 3 4 5 6 7 8 9 10 11 12 13 14 15 16 17 18 
Execution time: 68 ms

Elapsed time: 2062 ms


Execution #29/10000

Seed: 29
Estimated max possible cost 318.930076
for path: 
0 1 2 3 4 5 6 7 8 9 10 11 12 13 14 15 16 17 18 
Execution time: 88 ms

Elapsed time: 2150 ms


Execution #30/10000

Seed: 30
Estimated max possible cost 318.930076
for path: 
0 1 2 3 4 5 6 7 8 9 10 11 12 13 14 15 16 17 18 
Execution time: 79 ms

Elapsed time: 2229 ms


Execution #31/10000

Seed: 31
Estimated max possible cost 318.930076
for path: 
0 1 2 3 4 5 6 7 8 9 10 11 12 13 14 15 16 17 18 
Execution time: 66 ms

Elapsed time: 2295 ms


Execution #32/10000

Seed: 32
Estimated max possible cost 318.930076
for path: 
0 1 2 3 4 5 6 7 8 9 10 11 12 13 14 15 16 17 18 
Execution time: 76 ms

Elapsed time: 2371 ms


Execution #33/10000

Seed: 33
Estimated max possible cost 318.930076
for path: 
0 1 2 3 4 5 6 7 8 9 10 11 12 13 14 15 16 17 18 
Execution time: 99 ms

Elapsed time: 2470 ms


Execution #34/10000

Seed: 34
Estimated max possible cost 318.930076
for path: 
0 1 2 3 4 5 6 7 8 9 10 11 12 13 14 15 16 17 18 
Execution time: 65 ms

Elapsed time: 2535 ms


Execution #35/10000

Seed: 35
Estimated max possible cost 318.930076
for path: 
0 1 2 3 4 5 6 7 8 9 10 11 12 13 14 15 16 17 18 
Execution time: 90 ms

Elapsed time: 2625 ms


Execution #36/10000

Seed: 36
Estimated max possible cost 318.930076
for path: 
0 1 2 3 4 5 6 7 8 9 10 11 12 13 14 15 16 17 18 
Execution time: 99 ms

Elapsed time: 2724 ms


Execution #37/10000

Seed: 37
Estimated max possible cost 318.930076
for path: 
0 1 2 3 4 5 6 7 8 9 10 11 12 13 14 15 16 17 18 
Execution time: 90 ms

Elapsed time: 2814 ms


Execution #38/10000

Seed: 38
Estimated max possible cost 318.930076
for path: 
0 1 2 3 4 5 6 7 8 9 10 11 12 13 14 15 16 17 18 
Execution time: 75 ms

Elapsed time: 2889 ms


Execution #39/10000

Seed: 39
Estimated max possible cost 318.930076
for path: 
0 1 2 3 4 5 6 7 8 9 10 11 12 13 14 15 16 17 18 
Execution time: 61 ms

Elapsed time: 2950 ms


Execution #40/10000

Seed: 40
Estimated max possible cost 318.930076
for path: 
0 1 2 3 4 5 6 7 8 9 10 11 12 13 14 15 16 17 18 
Execution time: 77 ms

Elapsed time: 3027 ms


Execution #41/10000

Seed: 41
Estimated max possible cost 318.930076
for path: 
0 1 2 3 4 5 6 7 8 9 10 11 12 13 14 15 16 17 18 
Execution time: 70 ms

Elapsed time: 3097 ms


Execution #42/10000

Seed: 42
Estimated max possible cost 318.930076
for path: 
0 1 2 3 4 5 6 7 8 9 10 11 12 13 14 15 16 17 18 
Execution time: 89 ms

Elapsed time: 3186 ms


Execution #43/10000

Seed: 43
Estimated max possible cost 318.930076
for path: 
0 1 2 3 4 5 6 7 8 9 10 11 12 13 14 15 16 17 18 
Execution time: 63 ms

Elapsed time: 3249 ms


Execution #44/10000

Seed: 44
Estimated max possible cost 318.930076
for path: 
0 1 2 3 4 5 6 7 8 9 10 11 12 13 14 15 16 17 18 
Execution time: 63 ms

Elapsed time: 3312 ms


Execution #45/10000

Seed: 45
Estimated max possible cost 318.930076
for path: 
0 1 2 3 4 5 6 7 8 9 10 11 12 13 14 15 16 17 18 
Execution time: 66 ms

Elapsed time: 3378 ms


Execution #46/10000

Seed: 46
Estimated max possible cost 318.930076
for path: 
0 1 2 3 4 5 6 7 8 9 10 11 12 13 14 15 16 17 18 
Execution time: 91 ms

Elapsed time: 3469 ms


Execution #47/10000

Seed: 47
Estimated max possible cost 318.930076
for path: 
0 1 2 3 4 5 6 7 8 9 10 11 12 13 14 15 16 17 18 
Execution time: 92 ms

Elapsed time: 3561 ms


Execution #48/10000

Seed: 48
Estimated max possible cost 318.930076
for path: 
0 1 2 3 4 5 6 7 8 9 10 11 12 13 14 15 16 17 18 
Execution time: 86 ms

Elapsed time: 3647 ms


Execution #49/10000

Seed: 49
Estimated max possible cost 318.930076
for path: 
0 1 2 3 4 5 6 7 8 9 10 11 12 13 14 15 16 17 18 
Execution time: 60 ms

Elapsed time: 3707 ms


Execution #50/10000

Seed: 50
Estimated max possible cost 318.930076
for path: 
0 1 2 3 4 5 6 7 8 9 10 11 12 13 14 15 16 17 18 
Execution time: 70 ms

Elapsed time: 3777 ms


Execution #51/10000

Seed: 51
Estimated max possible cost 318.930076
for path: 
0 1 2 3 4 5 6 7 8 9 10 11 12 13 14 15 16 17 18 
Execution time: 53 ms

Elapsed time: 3830 ms


Execution #52/10000

Seed: 52
Estimated max possible cost 318.930076
for path: 
0 1 2 3 4 5 6 7 8 9 10 11 12 13 14 15 16 17 18 
Execution time: 56 ms

Elapsed time: 3886 ms


Execution #53/10000

Seed: 53
Estimated max possible cost 318.930076
for path: 
0 1 2 3 4 5 6 7 8 9 10 11 12 13 14 15 16 17 18 
Execution time: 125 ms

Elapsed time: 4011 ms


Execution #54/10000

Seed: 54
Estimated max possible cost 318.930076
for path: 
0 1 2 3 4 5 6 7 8 9 10 11 12 13 14 15 16 17 18 
Execution time: 89 ms

Elapsed time: 4100 ms


Execution #55/10000

Seed: 55
Estimated max possible cost 318.930076
for path: 
0 1 2 3 4 5 6 7 8 9 10 11 12 13 14 15 16 17 18 
Execution time: 72 ms

Elapsed time: 4172 ms


Execution #56/10000

Seed: 56
Estimated max possible cost 318.930076
for path: 
0 1 2 3 4 5 6 7 8 9 10 11 12 13 14 15 16 17 18 
Execution time: 84 ms

Elapsed time: 4256 ms


Execution #57/10000

Seed: 57
Estimated max possible cost 318.930076
for path: 
0 1 2 3 4 5 6 7 8 9 10 11 12 13 14 15 16 17 18 
Execution time: 59 ms

Elapsed time: 4315 ms


Execution #58/10000

Seed: 58
Estimated max possible cost 318.930076
for path: 
0 1 2 3 4 5 6 7 8 9 10 11 12 13 14 15 16 17 18 
Execution time: 74 ms

Elapsed time: 4389 ms


Execution #59/10000

Seed: 59
Estimated max possible cost 318.930076
for path: 
0 1 2 3 4 5 6 7 8 9 10 11 12 13 14 15 16 17 18 
Execution time: 85 ms

Elapsed time: 4474 ms


Execution #60/10000

Seed: 60
Estimated max possible cost 318.930076
for path: 
0 1 2 3 4 5 6 7 8 9 10 11 12 13 14 15 16 17 18 
Execution time: 77 ms

Elapsed time: 4551 ms


Execution #61/10000

Seed: 61
Estimated max possible cost 318.930076
for path: 
0 1 2 3 4 5 6 7 8 9 10 11 12 13 14 15 16 17 18 
Execution time: 64 ms

Elapsed time: 4615 ms


Execution #62/10000

Seed: 62
Estimated max possible cost 318.930076
for path: 
0 1 2 3 4 5 6 7 8 9 10 11 12 13 14 15 16 17 18 
Execution time: 78 ms

Elapsed time: 4693 ms


Execution #63/10000

Seed: 63
Estimated max possible cost 318.930076
for path: 
0 1 2 3 4 5 6 7 8 9 10 11 12 13 14 15 16 17 18 
Execution time: 75 ms

Elapsed time: 4768 ms


Execution #64/10000

Seed: 64
Estimated max possible cost 318.930076
for path: 
0 1 2 3 4 5 6 7 8 9 10 11 12 13 14 15 16 17 18 
Execution time: 61 ms

Elapsed time: 4829 ms


Execution #65/10000

Seed: 65
Estimated max possible cost 318.930076
for path: 
0 1 2 3 4 5 6 7 8 9 10 11 12 13 14 15 16 17 18 
Execution time: 82 ms

Elapsed time: 4911 ms


Execution #66/10000

Seed: 66
Estimated max possible cost 318.930076
for path: 
0 1 2 3 4 5 6 7 8 9 10 11 12 13 14 15 16 17 18 
Execution time: 61 ms

Elapsed time: 4972 ms


Execution #67/10000

Seed: 67
Estimated max possible cost 318.930076
for path: 
0 1 2 3 4 5 6 7 8 9 10 11 12 13 14 15 16 17 18 
Execution time: 74 ms

Elapsed time: 5046 ms


Execution #68/10000

Seed: 68
Estimated max possible cost 318.930076
for path: 
0 1 2 3 4 5 6 7 8 9 10 11 12 13 14 15 16 17 18 
Execution time: 97 ms

Elapsed time: 5143 ms


Execution #69/10000

Seed: 69
Estimated max possible cost 318.930076
for path: 
0 1 2 3 4 5 6 7 8 9 10 11 12 13 14 15 16 17 18 
Execution time: 86 ms

Elapsed time: 5229 ms


Execution #70/10000

Seed: 70
Estimated max possible cost 318.930076
for path: 
0 1 2 3 4 5 6 7 8 9 10 11 12 13 14 15 16 17 18 
Execution time: 86 ms

Elapsed time: 5315 ms


Execution #71/10000

Seed: 71
Estimated max possible cost 318.930076
for path: 
0 1 2 3 4 5 6 7 8 9 10 11 12 13 14 15 16 17 18 
Execution time: 92 ms

Elapsed time: 5407 ms


Execution #72/10000

Seed: 72
Estimated max possible cost 318.930076
for path: 
0 1 2 3 4 5 6 7 8 9 10 11 12 13 14 15 16 17 18 
Execution time: 83 ms

Elapsed time: 5490 ms


Execution #73/10000

Seed: 73
Estimated max possible cost 318.930076
for path: 
0 1 2 3 4 5 6 7 8 9 10 11 12 13 14 15 16 17 18 
Execution time: 72 ms

Elapsed time: 5562 ms


Execution #74/10000

Seed: 74
Estimated max possible cost 318.930076
for path: 
0 1 2 3 4 5 6 7 8 9 10 11 12 13 14 15 16 17 18 
Execution time: 54 ms

Elapsed time: 5616 ms


Execution #75/10000

Seed: 75
Estimated max possible cost 318.930076
for path: 
0 1 2 3 4 5 6 7 8 9 10 11 12 13 14 15 16 17 18 
Execution time: 84 ms

Elapsed time: 5700 ms


Execution #76/10000

Seed: 76
Estimated max possible cost 318.930076
for path: 
0 1 2 3 4 5 6 7 8 9 10 11 12 13 14 15 16 17 18 
Execution time: 55 ms

Elapsed time: 5755 ms


Execution #77/10000

Seed: 77
Estimated max possible cost 318.930076
for path: 
0 1 2 3 4 5 6 7 8 9 10 11 12 13 14 15 16 17 18 
Execution time: 73 ms

Elapsed time: 5828 ms


Execution #78/10000

Seed: 78
Estimated max possible cost 318.930076
for path: 
0 1 2 3 4 5 6 7 8 9 10 11 12 13 14 15 16 17 18 
Execution time: 80 ms

Elapsed time: 5908 ms


Execution #79/10000

Seed: 79
Estimated max possible cost 318.930076
for path: 
0 1 2 3 4 5 6 7 8 9 10 11 12 13 14 15 16 17 18 
Execution time: 60 ms

Elapsed time: 5968 ms


Execution #80/10000

Seed: 80
Estimated max possible cost 318.930076
for path: 
0 1 2 3 4 5 6 7 8 9 10 11 12 13 14 15 16 17 18 
Execution time: 83 ms

Elapsed time: 6051 ms


Execution #81/10000

Seed: 81
Estimated max possible cost 318.930076
for path: 
0 1 2 3 4 5 6 7 8 9 10 11 12 13 14 15 16 17 18 
Execution time: 80 ms

Elapsed time: 6131 ms


Execution #82/10000

Seed: 82
Estimated max possible cost 318.930076
for path: 
0 1 2 3 4 5 6 7 8 9 10 11 12 13 14 15 16 17 18 
Execution time: 81 ms

Elapsed time: 6212 ms


Execution #83/10000

Seed: 83
Estimated max possible cost 318.930076
for path: 
0 1 2 3 4 5 6 7 8 9 10 11 12 13 14 15 16 17 18 
Execution time: 66 ms

Elapsed time: 6278 ms


Execution #84/10000

Seed: 84
Estimated max possible cost 318.930076
for path: 
0 1 2 3 4 5 6 7 8 9 10 11 12 13 14 15 16 17 18 
Execution time: 64 ms

Elapsed time: 6342 ms


Execution #85/10000

Seed: 85
Estimated max possible cost 318.930076
for path: 
0 1 2 3 4 5 6 7 8 9 10 11 12 13 14 15 16 17 18 
Execution time: 84 ms

Elapsed time: 6426 ms


Execution #86/10000

Seed: 86
Estimated max possible cost 318.930076
for path: 
0 1 2 3 4 5 6 7 8 9 10 11 12 13 14 15 16 17 18 
Execution time: 58 ms

Elapsed time: 6484 ms


Execution #87/10000

Seed: 87
Estimated max possible cost 318.930076
for path: 
0 1 2 3 4 5 6 7 8 9 10 11 12 13 14 15 16 17 18 
Execution time: 60 ms

Elapsed time: 6544 ms


Execution #88/10000

Seed: 88
Estimated max possible cost 318.930076
for path: 
0 1 2 3 4 5 6 7 8 9 10 11 12 13 14 15 16 17 18 
Execution time: 92 ms

Elapsed time: 6636 ms


Execution #89/10000

Seed: 89
Estimated max possible cost 318.930076
for path: 
0 1 2 3 4 5 6 7 8 9 10 11 12 13 14 15 16 17 18 
Execution time: 94 ms

Elapsed time: 6730 ms


Execution #90/10000

Seed: 90
Estimated max possible cost 318.930076
for path: 
0 1 2 3 4 5 6 7 8 9 10 11 12 13 14 15 16 17 18 
Execution time: 102 ms

Elapsed time: 6832 ms


Execution #91/10000

Seed: 91
Estimated max possible cost 318.930076
for path: 
0 1 2 3 4 5 6 7 8 9 10 11 12 13 14 15 16 17 18 
Execution time: 64 ms

Elapsed time: 6896 ms


Execution #92/10000

Seed: 92
Estimated max possible cost 318.930076
for path: 
0 1 2 3 4 5 6 7 8 9 10 11 12 13 14 15 16 17 18 
Execution time: 89 ms

Elapsed time: 6985 ms


Execution #93/10000

Seed: 93
Estimated max possible cost 318.930076
for path: 
0 1 2 3 4 5 6 7 8 9 10 11 12 13 14 15 16 17 18 
Execution time: 81 ms

Elapsed time: 7066 ms


Execution #94/10000

Seed: 94
Estimated max possible cost 318.930076
for path: 
0 1 2 3 4 5 6 7 8 9 10 11 12 13 14 15 16 17 18 
Execution time: 53 ms

Elapsed time: 7119 ms


Execution #95/10000

Seed: 95
Estimated max possible cost 318.930076
for path: 
0 1 2 3 4 5 6 7 8 9 10 11 12 13 14 15 16 17 18 
Execution time: 59 ms

Elapsed time: 7178 ms


Execution #96/10000

Seed: 96
Estimated max possible cost 318.930076
for path: 
0 1 2 3 4 5 6 7 8 9 10 11 12 13 14 15 16 17 18 
Execution time: 76 ms

Elapsed time: 7254 ms


Execution #97/10000

Seed: 97
Estimated max possible cost 318.930076
for path: 
0 1 2 3 4 5 6 7 8 9 10 11 12 13 14 15 16 17 18 
Execution time: 67 ms

Elapsed time: 7321 ms


Execution #98/10000

Seed: 98
Estimated max possible cost 318.930076
for path: 
0 1 2 3 4 5 6 7 8 9 10 11 12 13 14 15 16 17 18 
Execution time: 118 ms

Elapsed time: 7439 ms


Execution #99/10000

Seed: 99
Estimated max possible cost 318.930076
for path: 
0 1 2 3 4 5 6 7 8 9 10 11 12 13 14 15 16 17 18 
Execution time: 68 ms

Elapsed time: 7507 ms


Execution #100/10000

Seed: 100
Estimated max possible cost 318.930076
for path: 
0 1 2 3 4 5 6 7 8 9 10 11 12 13 14 15 16 17 18 
Execution time: 55 ms

Elapsed time: 7562 ms


Execution #101/10000

Seed: 101
Estimated max possible cost 318.930076
for path: 
0 1 2 3 4 5 6 7 8 9 10 11 12 13 14 15 16 17 18 
Execution time: 57 ms

Elapsed time: 7619 ms


Execution #102/10000

Seed: 102
Estimated max possible cost 318.930076
for path: 
0 1 2 3 4 5 6 7 8 9 10 11 12 13 14 15 16 17 18 
Execution time: 76 ms

Elapsed time: 7695 ms


Execution #103/10000

Seed: 103
Estimated max possible cost 318.930076
for path: 
0 1 2 3 4 5 6 7 8 9 10 11 12 13 14 15 16 17 18 
Execution time: 74 ms

Elapsed time: 7769 ms


Execution #104/10000

Seed: 104
Estimated max possible cost 318.930076
for path: 
0 1 2 3 4 5 6 7 8 9 10 11 12 13 14 15 16 17 18 
Execution time: 76 ms

Elapsed time: 7845 ms


Execution #105/10000

Seed: 105
Estimated max possible cost 318.930076
for path: 
0 1 2 3 4 5 6 7 8 9 10 11 12 13 14 15 16 17 18 
Execution time: 96 ms

Elapsed time: 7941 ms


Execution #106/10000

Seed: 106
Estimated max possible cost 318.930076
for path: 
0 1 2 3 4 5 6 7 8 9 10 11 12 13 14 15 16 17 18 
Execution time: 80 ms

Elapsed time: 8021 ms


Execution #107/10000

Seed: 107
Estimated max possible cost 318.930076
for path: 
0 1 2 3 4 5 6 7 8 9 10 11 12 13 14 15 16 17 18 
Execution time: 63 ms

Elapsed time: 8084 ms


Execution #108/10000

Seed: 108
Estimated max possible cost 318.930076
for path: 
0 1 2 3 4 5 6 7 8 9 10 11 12 13 14 15 16 17 18 
Execution time: 76 ms

Elapsed time: 8160 ms


Execution #109/10000

Seed: 109
Estimated max possible cost 318.930076
for path: 
0 1 2 3 4 5 6 7 8 9 10 11 12 13 14 15 16 17 18 
Execution time: 61 ms

Elapsed time: 8221 ms


Execution #110/10000

Seed: 110
Estimated max possible cost 318.930076
for path: 
0 1 2 3 4 5 6 7 8 9 10 11 12 13 14 15 16 17 18 
Execution time: 81 ms

Elapsed time: 8302 ms


Execution #111/10000

Seed: 111
Estimated max possible cost 318.930076
for path: 
0 1 2 3 4 5 6 7 8 9 10 11 12 13 14 15 16 17 18 
Execution time: 90 ms

Elapsed time: 8392 ms


Execution #112/10000

Seed: 112
Estimated max possible cost 318.930076
for path: 
0 1 2 3 4 5 6 7 8 9 10 11 12 13 14 15 16 17 18 
Execution time: 87 ms

Elapsed time: 8479 ms


Execution #113/10000

Seed: 113
Estimated max possible cost 318.930076
for path: 
0 1 2 3 4 5 6 7 8 9 10 11 12 13 14 15 16 17 18 
Execution time: 62 ms

Elapsed time: 8541 ms


Execution #114/10000

Seed: 114
Estimated max possible cost 318.930076
for path: 
0 1 2 3 4 5 6 7 8 9 10 11 12 13 14 15 16 17 18 
Execution time: 55 ms

Elapsed time: 8596 ms


Execution #115/10000

Seed: 115
Estimated max possible cost 318.930076
for path: 
0 1 2 3 4 5 6 7 8 9 10 11 12 13 14 15 16 17 18 
Execution time: 85 ms

Elapsed time: 8681 ms


Execution #116/10000

Seed: 116
Estimated max possible cost 318.930076
for path: 
0 1 2 3 4 5 6 7 8 9 10 11 12 13 14 15 16 17 18 
Execution time: 64 ms

Elapsed time: 8745 ms


Execution #117/10000

Seed: 117
Estimated max possible cost 318.930076
for path: 
0 1 2 3 4 5 6 7 8 9 10 11 12 13 14 15 16 17 18 
Execution time: 83 ms

Elapsed time: 8828 ms


Execution #118/10000

Seed: 118
Estimated max possible cost 318.930076
for path: 
0 1 2 3 4 5 6 7 8 9 10 11 12 13 14 15 16 17 18 
Execution time: 65 ms

Elapsed time: 8893 ms


Execution #119/10000

Seed: 119
Estimated max possible cost 318.930076
for path: 
0 1 2 3 4 5 6 7 8 9 10 11 12 13 14 15 16 17 18 
Execution time: 58 ms

Elapsed time: 8951 ms


Execution #120/10000

Seed: 120
Estimated max possible cost 318.930076
for path: 
0 1 2 3 4 5 6 7 8 9 10 11 12 13 14 15 16 17 18 
Execution time: 76 ms

Elapsed time: 9027 ms


Execution #121/10000

Seed: 121
Estimated max possible cost 318.930076
for path: 
0 1 2 3 4 5 6 7 8 9 10 11 12 13 14 15 16 17 18 
Execution time: 57 ms

Elapsed time: 9084 ms


Execution #122/10000

Seed: 122
Estimated max possible cost 318.930076
for path: 
0 1 2 3 4 5 6 7 8 9 10 11 12 13 14 15 16 17 18 
Execution time: 78 ms

Elapsed time: 9162 ms


Execution #123/10000

Seed: 123
Estimated max possible cost 318.930076
for path: 
0 1 2 3 4 5 6 7 8 9 10 11 12 13 14 15 16 17 18 
Execution time: 86 ms

Elapsed time: 9248 ms


Execution #124/10000

Seed: 124
Estimated max possible cost 318.930076
for path: 
0 1 2 3 4 5 6 7 8 9 10 11 12 13 14 15 16 17 18 
Execution time: 77 ms

Elapsed time: 9325 ms


Execution #125/10000

Seed: 125
Estimated max possible cost 318.930076
for path: 
0 1 2 3 4 5 6 7 8 9 10 11 12 13 14 15 16 17 18 
Execution time: 94 ms

Elapsed time: 9419 ms


Execution #126/10000

Seed: 126
Estimated max possible cost 318.930076
for path: 
0 1 2 3 4 5 6 7 8 9 10 11 12 13 14 15 16 17 18 
Execution time: 74 ms

Elapsed time: 9493 ms


Execution #127/10000

Seed: 127
Estimated max possible cost 318.930076
for path: 
0 1 2 3 4 5 6 7 8 9 10 11 12 13 14 15 16 17 18 
Execution time: 64 ms

Elapsed time: 9557 ms


Execution #128/10000

Seed: 128
Estimated max possible cost 318.930076
for path: 
0 1 2 3 4 5 6 7 8 9 10 11 12 13 14 15 16 17 18 
Execution time: 59 ms

Elapsed time: 9616 ms


Execution #129/10000

Seed: 129
Estimated max possible cost 318.930076
for path: 
0 1 2 3 4 5 6 7 8 9 10 11 12 13 14 15 16 17 18 
Execution time: 56 ms

Elapsed time: 9672 ms


Execution #130/10000

Seed: 130
Estimated max possible cost 318.930076
for path: 
0 1 2 3 4 5 6 7 8 9 10 11 12 13 14 15 16 17 18 
Execution time: 62 ms

Elapsed time: 9734 ms


Execution #131/10000

Seed: 131
Estimated max possible cost 318.930076
for path: 
0 1 2 3 4 5 6 7 8 9 10 11 12 13 14 15 16 17 18 
Execution time: 56 ms

Elapsed time: 9790 ms


Execution #132/10000

Seed: 132
Estimated max possible cost 318.930076
for path: 
0 1 2 3 4 5 6 7 8 9 10 11 12 13 14 15 16 17 18 
Execution time: 98 ms

Elapsed time: 9888 ms


Execution #133/10000

Seed: 133
Estimated max possible cost 318.930076
for path: 
0 1 2 3 4 5 6 7 8 9 10 11 12 13 14 15 16 17 18 
Execution time: 87 ms

Elapsed time: 9975 ms


Execution #134/10000

Seed: 134
Estimated max possible cost 318.930076
for path: 
0 1 2 3 4 5 6 7 8 9 10 11 12 13 14 15 16 17 18 
Execution time: 78 ms

Elapsed time: 10053 ms


Execution #135/10000

Seed: 135
Estimated max possible cost 318.930076
for path: 
0 1 2 3 4 5 6 7 8 9 10 11 12 13 14 15 16 17 18 
Execution time: 90 ms

Elapsed time: 10143 ms


Execution #136/10000

Seed: 136
Estimated max possible cost 318.930076
for path: 
0 1 2 3 4 5 6 7 8 9 10 11 12 13 14 15 16 17 18 
Execution time: 59 ms

Elapsed time: 10202 ms


Execution #137/10000

Seed: 137
Estimated max possible cost 318.930076
for path: 
0 1 2 3 4 5 6 7 8 9 10 11 12 13 14 15 16 17 18 
Execution time: 54 ms

Elapsed time: 10256 ms


Execution #138/10000

Seed: 138
Estimated max possible cost 318.930076
for path: 
0 1 2 3 4 5 6 7 8 9 10 11 12 13 14 15 16 17 18 
Execution time: 69 ms

Elapsed time: 10325 ms


Execution #139/10000

Seed: 139
Estimated max possible cost 318.930076
for path: 
0 1 2 3 4 5 6 7 8 9 10 11 12 13 14 15 16 17 18 
Execution time: 85 ms

Elapsed time: 10410 ms


Execution #140/10000

Seed: 140
Estimated max possible cost 318.930076
for path: 
0 1 2 3 4 5 6 7 8 9 10 11 12 13 14 15 16 17 18 
Execution time: 65 ms

Elapsed time: 10475 ms


Execution #141/10000

Seed: 141
Estimated max possible cost 318.930076
for path: 
0 1 2 3 4 5 6 7 8 9 10 11 12 13 14 15 16 17 18 
Execution time: 55 ms

Elapsed time: 10530 ms


Execution #142/10000

Seed: 142
Estimated max possible cost 318.930076
for path: 
0 1 2 3 4 5 6 7 8 9 10 11 12 13 14 15 16 17 18 
Execution time: 56 ms

Elapsed time: 10586 ms


Execution #143/10000

Seed: 143
Estimated max possible cost 318.930076
for path: 
0 1 2 3 4 5 6 7 8 9 10 11 12 13 14 15 16 17 18 
Execution time: 102 ms

Elapsed time: 10688 ms


Execution #144/10000

Seed: 144
Estimated max possible cost 318.930076
for path: 
0 1 2 3 4 5 6 7 8 9 10 11 12 13 14 15 16 17 18 
Execution time: 68 ms

Elapsed time: 10756 ms


Execution #145/10000

Seed: 145
Estimated max possible cost 318.930076
for path: 
0 1 2 3 4 5 6 7 8 9 10 11 12 13 14 15 16 17 18 
Execution time: 87 ms

Elapsed time: 10843 ms


Execution #146/10000

Seed: 146
Estimated max possible cost 318.930076
for path: 
0 1 2 3 4 5 6 7 8 9 10 11 12 13 14 15 16 17 18 
Execution time: 55 ms

Elapsed time: 10898 ms


Execution #147/10000

Seed: 147
Estimated max possible cost 318.930076
for path: 
0 1 2 3 4 5 6 7 8 9 10 11 12 13 14 15 16 17 18 
Execution time: 82 ms

Elapsed time: 10980 ms


Execution #148/10000

Seed: 148
Estimated max possible cost 318.930076
for path: 
0 1 2 3 4 5 6 7 8 9 10 11 12 13 14 15 16 17 18 
Execution time: 63 ms

Elapsed time: 11043 ms


Execution #149/10000

Seed: 149
Estimated max possible cost 318.930076
for path: 
0 1 2 3 4 5 6 7 8 9 10 11 12 13 14 15 16 17 18 
Execution time: 93 ms

Elapsed time: 11136 ms


Execution #150/10000

Seed: 150
Estimated max possible cost 318.930076
for path: 
0 1 2 3 4 5 6 7 8 9 10 11 12 13 14 15 16 17 18 
Execution time: 116 ms

Elapsed time: 11252 ms


Execution #151/10000

Seed: 151
Estimated max possible cost 318.930076
for path: 
0 1 2 3 4 5 6 7 8 9 10 11 12 13 14 15 16 17 18 
Execution time: 76 ms

Elapsed time: 11328 ms


Execution #152/10000

Seed: 152
Estimated max possible cost 318.930076
for path: 
0 1 2 3 4 5 6 7 8 9 10 11 12 13 14 15 16 17 18 
Execution time: 84 ms

Elapsed time: 11412 ms


Execution #153/10000

Seed: 153
Estimated max possible cost 318.930076
for path: 
0 1 2 3 4 5 6 7 8 9 10 11 12 13 14 15 16 17 18 
Execution time: 59 ms

Elapsed time: 11471 ms


Execution #154/10000

Seed: 154
Estimated max possible cost 318.930076
for path: 
0 1 2 3 4 5 6 7 8 9 10 11 12 13 14 15 16 17 18 
Execution time: 67 ms

Elapsed time: 11538 ms


Execution #155/10000

Seed: 155
Estimated max possible cost 318.930076
for path: 
0 1 2 3 4 5 6 7 8 9 10 11 12 13 14 15 16 17 18 
Execution time: 77 ms

Elapsed time: 11615 ms


Execution #156/10000

Seed: 156
Estimated max possible cost 318.930076
for path: 
0 1 2 3 4 5 6 7 8 9 10 11 12 13 14 15 16 17 18 
Execution time: 73 ms

Elapsed time: 11688 ms


Execution #157/10000

Seed: 157
Estimated max possible cost 318.930076
for path: 
0 1 2 3 4 5 6 7 8 9 10 11 12 13 14 15 16 17 18 
Execution time: 80 ms

Elapsed time: 11768 ms


Execution #158/10000

Seed: 158
Estimated max possible cost 318.930076
for path: 
0 1 2 3 4 5 6 7 8 9 10 11 12 13 14 15 16 17 18 
Execution time: 56 ms

Elapsed time: 11824 ms


Execution #159/10000

Seed: 159
Estimated max possible cost 318.930076
for path: 
0 1 2 3 4 5 6 7 8 9 10 11 12 13 14 15 16 17 18 
Execution time: 61 ms

Elapsed time: 11885 ms


Execution #160/10000

Seed: 160
Estimated max possible cost 318.930076
for path: 
0 1 2 3 4 5 6 7 8 9 10 11 12 13 14 15 16 17 18 
Execution time: 72 ms

Elapsed time: 11957 ms


Execution #161/10000

Seed: 161
Estimated max possible cost 318.930076
for path: 
0 1 2 3 4 5 6 7 8 9 10 11 12 13 14 15 16 17 18 
Execution time: 80 ms

Elapsed time: 12037 ms


Execution #162/10000

Seed: 162
Estimated max possible cost 318.930076
for path: 
0 1 2 3 4 5 6 7 8 9 10 11 12 13 14 15 16 17 18 
Execution time: 88 ms

Elapsed time: 12125 ms


Execution #163/10000

Seed: 163
Estimated max possible cost 318.930076
for path: 
0 1 2 3 4 5 6 7 8 9 10 11 12 13 14 15 16 17 18 
Execution time: 73 ms

Elapsed time: 12198 ms


Execution #164/10000

Seed: 164
Estimated max possible cost 318.930076
for path: 
0 1 2 3 4 5 6 7 8 9 10 11 12 13 14 15 16 17 18 
Execution time: 59 ms

Elapsed time: 12257 ms


Execution #165/10000

Seed: 165
Estimated max possible cost 318.930076
for path: 
0 1 2 3 4 5 6 7 8 9 10 11 12 13 14 15 16 17 18 
Execution time: 64 ms

Elapsed time: 12321 ms


Execution #166/10000

Seed: 166
Estimated max possible cost 318.930076
for path: 
0 1 2 3 4 5 6 7 8 9 10 11 12 13 14 15 16 17 18 
Execution time: 53 ms

Elapsed time: 12374 ms


Execution #167/10000

Seed: 167
Estimated max possible cost 318.930076
for path: 
0 1 2 3 4 5 6 7 8 9 10 11 12 13 14 15 16 17 18 
Execution time: 64 ms

Elapsed time: 12438 ms


Execution #168/10000

Seed: 168
Estimated max possible cost 318.930076
for path: 
0 1 2 3 4 5 6 7 8 9 10 11 12 13 14 15 16 17 18 
Execution time: 56 ms

Elapsed time: 12494 ms


Execution #169/10000

Seed: 169
Estimated max possible cost 318.930076
for path: 
0 1 2 3 4 5 6 7 8 9 10 11 12 13 14 15 16 17 18 
Execution time: 57 ms

Elapsed time: 12551 ms


Execution #170/10000

Seed: 170
Estimated max possible cost 318.930076
for path: 
0 1 2 3 4 5 6 7 8 9 10 11 12 13 14 15 16 17 18 
Execution time: 73 ms

Elapsed time: 12624 ms


Execution #171/10000

Seed: 171
Estimated max possible cost 318.930076
for path: 
0 1 2 3 4 5 6 7 8 9 10 11 12 13 14 15 16 17 18 
Execution time: 73 ms

Elapsed time: 12697 ms


Execution #172/10000

Seed: 172
Estimated max possible cost 318.930076
for path: 
0 1 2 3 4 5 6 7 8 9 10 11 12 13 14 15 16 17 18 
Execution time: 83 ms

Elapsed time: 12780 ms


Execution #173/10000

Seed: 173
Estimated max possible cost 318.930076
for path: 
0 1 2 3 4 5 6 7 8 9 10 11 12 13 14 15 16 17 18 
Execution time: 90 ms

Elapsed time: 12870 ms


Execution #174/10000

Seed: 174
Estimated max possible cost 318.930076
for path: 
0 1 2 3 4 5 6 7 8 9 10 11 12 13 14 15 16 17 18 
Execution time: 67 ms

Elapsed time: 12937 ms


Execution #175/10000

Seed: 175
Estimated max possible cost 318.930076
for path: 
0 1 2 3 4 5 6 7 8 9 10 11 12 13 14 15 16 17 18 
Execution time: 76 ms

Elapsed time: 13013 ms


Execution #176/10000

Seed: 176
Estimated max possible cost 318.930076
for path: 
0 1 2 3 4 5 6 7 8 9 10 11 12 13 14 15 16 17 18 
Execution time: 90 ms

Elapsed time: 13103 ms


Execution #177/10000

Seed: 177
Estimated max possible cost 318.930076
for path: 
0 1 2 3 4 5 6 7 8 9 10 11 12 13 14 15 16 17 18 
Execution time: 55 ms

Elapsed time: 13158 ms


Execution #178/10000

Seed: 178
Estimated max possible cost 318.930076
for path: 
0 1 2 3 4 5 6 7 8 9 10 11 12 13 14 15 16 17 18 
Execution time: 92 ms

Elapsed time: 13250 ms


Execution #179/10000

Seed: 179
Estimated max possible cost 318.930076
for path: 
0 1 2 3 4 5 6 7 8 9 10 11 12 13 14 15 16 17 18 
Execution time: 57 ms

Elapsed time: 13307 ms


Execution #180/10000

Seed: 180
Estimated max possible cost 318.930076
for path: 
0 1 2 3 4 5 6 7 8 9 10 11 12 13 14 15 16 17 18 
Execution time: 60 ms

Elapsed time: 13367 ms


Execution #181/10000

Seed: 181
Estimated max possible cost 318.930076
for path: 
0 1 2 3 4 5 6 7 8 9 10 11 12 13 14 15 16 17 18 
Execution time: 85 ms

Elapsed time: 13452 ms


Execution #182/10000

Seed: 182
Estimated max possible cost 318.930076
for path: 
0 1 2 3 4 5 6 7 8 9 10 11 12 13 14 15 16 17 18 
Execution time: 72 ms

Elapsed time: 13524 ms


Execution #183/10000

Seed: 183
Estimated max possible cost 318.930076
for path: 
0 1 2 3 4 5 6 7 8 9 10 11 12 13 14 15 16 17 18 
Execution time: 72 ms

Elapsed time: 13596 ms


Execution #184/10000

Seed: 184
Estimated max possible cost 318.930076
for path: 
0 1 2 3 4 5 6 7 8 9 10 11 12 13 14 15 16 17 18 
