Solving SHP


Execution #1/10000

Seed: 1
Estimated max possible cost 324.010076
for path: 
0 1 2 3 4 5 6 7 8 9 10 11 12 13 14 15 16 17 18 19 20 
Memory needed for path: 5542509 locs, for costs: 6172530 locs.
Desired precision: 10000
Mem constraint for cost_t: 32 bits
Rounded to pow of 2 bytes mem constraint (capped at 64bits) for cost_t: 32 bits
Bits needed for an int to preserve precision: 22
Bits used per cost_t: 22
Selected cost_t = (u)int32_t
Solving with cost_t = j
Memory [GB] needed: 0.0281563
Distances:
0, 5.08, 242.54, 232.423, 228.124, 218.013, 212.172, 212.044, 211.947, 211.88, 211.843, 211.837, 211.862, 211.917, 212.002, 212.117, 212.263, 212.44, 212.646, 212.882, 213.149, 
5.08, 0, 247.599, 237.481, 233.181, 223.068, 217.244, 217.119, 217.024, 216.959, 216.923, 216.917, 216.941, 216.995, 217.078, 217.191, 217.333, 217.505, 217.707, 217.938, 218.198, 
242.54, 247.599, 0, 10.16, 14.478, 24.638, 31.3255, 32.219, 33.2827, 34.501, 35.8581, 37.3389, 38.9292, 40.6162, 42.3883, 44.2354, 46.1484, 48.1194, 50.1417, 52.2092, 54.3168, 
232.423, 237.481, 10.16, 0, 4.318, 14.478, 21.9236, 23.1823, 24.6393, 26.2617, 28.0207, 29.8922, 31.8565, 33.8973, 36.0018, 38.1592, 40.3612, 42.6009, 44.8725, 47.1716, 49.4942, 
228.124, 233.181, 14.478, 4.318, 0, 10.16, 18.1765, 19.6764, 21.3738, 23.2254, 25.1973, 27.2633, 29.4037, 31.6034, 33.8507, 36.1368, 38.4548, 40.7992, 43.1658, 45.5511, 47.9522, 
218.013, 223.068, 24.638, 14.478, 10.16, 0, 11.1326, 13.4428, 15.8236, 18.2474, 20.6991, 23.1698, 25.654, 28.1482, 30.6499, 33.1575, 35.6696, 38.1854, 40.7042, 43.2255, 45.7489, 
212.172, 217.244, 31.3255, 21.9236, 18.1765, 11.1326, 0, 2.54, 5.08, 7.62, 10.16, 12.7, 15.24, 17.78, 20.32, 22.86, 25.4, 27.94, 30.48, 33.02, 35.56, 
212.044, 217.119, 32.219, 23.1823, 19.6764, 13.4428, 2.54, 0, 2.54, 5.08, 7.62, 10.16, 12.7, 15.24, 17.78, 20.32, 22.86, 25.4, 27.94, 30.48, 33.02, 
211.947, 217.024, 33.2827, 24.6393, 21.3738, 15.8236, 5.08, 2.54, 0, 2.54, 5.08, 7.62, 10.16, 12.7, 15.24, 17.78, 20.32, 22.86, 25.4, 27.94, 30.48, 
211.88, 216.959, 34.501, 26.2617, 23.2254, 18.2474, 7.62, 5.08, 2.54, 0, 2.54, 5.08, 7.62, 10.16, 12.7, 15.24, 17.78, 20.32, 22.86, 25.4, 27.94, 
211.843, 216.923, 35.8581, 28.0207, 25.1973, 20.6991, 10.16, 7.62, 5.08, 2.54, 0, 2.54, 5.08, 7.62, 10.16, 12.7, 15.24, 17.78, 20.32, 22.86, 25.4, 
211.837, 216.917, 37.3389, 29.8922, 27.2633, 23.1698, 12.7, 10.16, 7.62, 5.08, 2.54, 0, 2.54, 5.08, 7.62, 10.16, 12.7, 15.24, 17.78, 20.32, 22.86, 
211.862, 216.941, 38.9292, 31.8565, 29.4037, 25.654, 15.24, 12.7, 10.16, 7.62, 5.08, 2.54, 0, 2.54, 5.08, 7.62, 10.16, 12.7, 15.24, 17.78, 20.32, 
211.917, 216.995, 40.6162, 33.8973, 31.6034, 28.1482, 17.78, 15.24, 12.7, 10.16, 7.62, 5.08, 2.54, 0, 2.54, 5.08, 7.62, 10.16, 12.7, 15.24, 17.78, 
212.002, 217.078, 42.3883, 36.0018, 33.8507, 30.6499, 20.32, 17.78, 15.24, 12.7, 10.16, 7.62, 5.08, 2.54, 0, 2.54, 5.08, 7.62, 10.16, 12.7, 15.24, 
212.117, 217.191, 44.2354, 38.1592, 36.1368, 33.1575, 22.86, 20.32, 17.78, 15.24, 12.7, 10.16, 7.62, 5.08, 2.54, 0, 2.54, 5.08, 7.62, 10.16, 12.7, 
212.263, 217.333, 46.1484, 40.3612, 38.4548, 35.6696, 25.4, 22.86, 20.32, 17.78, 15.24, 12.7, 10.16, 7.62, 5.08, 2.54, 0, 2.54, 5.08, 7.62, 10.16, 
212.44, 217.505, 48.1194, 42.6009, 40.7992, 38.1854, 27.94, 25.4, 22.86, 20.32, 17.78, 15.24, 12.7, 10.16, 7.62, 5.08, 2.54, 0, 2.54, 5.08, 7.62, 
212.646, 217.707, 50.1417, 44.8725, 43.1658, 40.7042, 30.48, 27.94, 25.4, 22.86, 20.32, 17.78, 15.24, 12.7, 10.16, 7.62, 5.08, 2.54, 0, 2.54, 5.08, 
212.882, 217.938, 52.2092, 47.1716, 45.5511, 43.2255, 33.02, 30.48, 27.94, 25.4, 22.86, 20.32, 17.78, 15.24, 12.7, 10.16, 7.62, 5.08, 2.54, 0, 2.54, 
213.149, 218.198, 54.3168, 49.4942, 47.9522, 45.7489, 35.56, 33.02, 30.48, 27.94, 25.4, 22.86, 20.32, 17.78, 15.24, 12.7, 10.16, 7.62, 5.08, 2.54, 0, 
Scaled Distances:
0, 3.70797e+07, 3.50359e+09, 3.3559e+09, 3.29315e+09, 3.14554e+09, 3.06027e+09, 3.05841e+09, 3.05699e+09, 3.05601e+09, 3.05547e+09, 3.05539e+09, 3.05574e+09, 3.05654e+09, 3.05779e+09, 3.05947e+09, 3.0616e+09, 3.06418e+09, 3.06719e+09, 3.07064e+09, 3.07453e+09, 
3.70797e+07, 0, 3.57745e+09, 3.42974e+09, 3.36697e+09, 3.21934e+09, 3.13432e+09, 3.1325e+09, 3.13111e+09, 3.13015e+09, 3.12963e+09, 3.12954e+09, 3.12989e+09, 3.13067e+09, 3.13189e+09, 3.13354e+09, 3.13562e+09, 3.13813e+09, 3.14107e+09, 3.14445e+09, 3.14825e+09, 
3.50359e+09, 3.57745e+09, 0, 1.11239e+08, 1.74274e+08, 3.22593e+08, 4.2022e+08, 4.33263e+08, 4.48791e+08, 4.66576e+08, 4.86388e+08, 5.08004e+08, 5.3122e+08, 5.55847e+08, 5.81718e+08, 6.08682e+08, 6.36608e+08, 6.65382e+08, 6.94904e+08, 7.25086e+08, 7.55853e+08, 
3.3559e+09, 3.42974e+09, 1.11239e+08, 0, 2.59558e+07, 1.74274e+08, 2.82968e+08, 3.01342e+08, 3.22612e+08, 3.46296e+08, 3.71975e+08, 3.99296e+08, 4.27971e+08, 4.57764e+08, 4.88485e+08, 5.1998e+08, 5.52126e+08, 5.84821e+08, 6.17983e+08, 6.51545e+08, 6.85451e+08, 
3.29315e+09, 3.36697e+09, 1.74274e+08, 2.59558e+07, 0, 1.11239e+08, 2.28267e+08, 2.50162e+08, 2.74941e+08, 3.01971e+08, 3.30757e+08, 3.60918e+08, 3.92165e+08, 4.24276e+08, 4.57083e+08, 4.90456e+08, 5.24295e+08, 5.5852e+08, 5.93068e+08, 6.27888e+08, 6.62941e+08, 
3.14554e+09, 3.21934e+09, 3.22593e+08, 1.74274e+08, 1.11239e+08, 0, 1.25438e+08, 1.59163e+08, 1.93918e+08, 2.29301e+08, 2.65091e+08, 3.01159e+08, 3.37425e+08, 3.73836e+08, 4.10357e+08, 4.46963e+08, 4.83636e+08, 5.20362e+08, 5.57133e+08, 5.9394e+08, 6.30777e+08, 
3.06027e+09, 3.13432e+09, 4.2022e+08, 2.82968e+08, 2.28267e+08, 1.25438e+08, 0, 0, 3.70797e+07, 7.41594e+07, 1.11239e+08, 1.48319e+08, 1.85398e+08, 2.22478e+08, 2.59558e+08, 2.96637e+08, 3.33717e+08, 3.70797e+08, 4.07876e+08, 4.44956e+08, 4.82036e+08, 
3.05841e+09, 3.1325e+09, 4.33263e+08, 3.01342e+08, 2.50162e+08, 1.59163e+08, 0, 0, 0, 3.70797e+07, 7.41594e+07, 1.11239e+08, 1.48319e+08, 1.85398e+08, 2.22478e+08, 2.59558e+08, 2.96637e+08, 3.33717e+08, 3.70797e+08, 4.07876e+08, 4.44956e+08, 
3.05699e+09, 3.13111e+09, 4.48791e+08, 3.22612e+08, 2.74941e+08, 1.93918e+08, 3.70797e+07, 0, 0, 0, 3.70797e+07, 7.41594e+07, 1.11239e+08, 1.48319e+08, 1.85398e+08, 2.22478e+08, 2.59558e+08, 2.96637e+08, 3.33717e+08, 3.70797e+08, 4.07876e+08, 
3.05601e+09, 3.13015e+09, 4.66576e+08, 3.46296e+08, 3.01971e+08, 2.29301e+08, 7.41594e+07, 3.70797e+07, 0, 0, 0, 3.70797e+07, 7.41594e+07, 1.11239e+08, 1.48319e+08, 1.85398e+08, 2.22478e+08, 2.59558e+08, 2.96637e+08, 3.33717e+08, 3.70797e+08, 
3.05547e+09, 3.12963e+09, 4.86388e+08, 3.71975e+08, 3.30757e+08, 2.65091e+08, 1.11239e+08, 7.41594e+07, 3.70797e+07, 0, 0, 0, 3.70797e+07, 7.41594e+07, 1.11239e+08, 1.48319e+08, 1.85398e+08, 2.22478e+08, 2.59558e+08, 2.96637e+08, 3.33717e+08, 
3.05539e+09, 3.12954e+09, 5.08004e+08, 3.99296e+08, 3.60918e+08, 3.01159e+08, 1.48319e+08, 1.11239e+08, 7.41594e+07, 3.70797e+07, 0, 0, 0, 3.70797e+07, 7.41594e+07, 1.11239e+08, 1.48319e+08, 1.85398e+08, 2.22478e+08, 2.59558e+08, 2.96637e+08, 
3.05574e+09, 3.12989e+09, 5.3122e+08, 4.27971e+08, 3.92165e+08, 3.37425e+08, 1.85398e+08, 1.48319e+08, 1.11239e+08, 7.41594e+07, 3.70797e+07, 0, 0, 0, 3.70797e+07, 7.41594e+07, 1.11239e+08, 1.48319e+08, 1.85398e+08, 2.22478e+08, 2.59558e+08, 
3.05654e+09, 3.13067e+09, 5.55847e+08, 4.57764e+08, 4.24276e+08, 3.73836e+08, 2.22478e+08, 1.85398e+08, 1.48319e+08, 1.11239e+08, 7.41594e+07, 3.70797e+07, 0, 0, 0, 3.70797e+07, 7.41594e+07, 1.11239e+08, 1.48319e+08, 1.85398e+08, 2.22478e+08, 
3.05779e+09, 3.13189e+09, 5.81718e+08, 4.88485e+08, 4.57083e+08, 4.10357e+08, 2.59558e+08, 2.22478e+08, 1.85398e+08, 1.48319e+08, 1.11239e+08, 7.41594e+07, 3.70797e+07, 0, 0, 0, 3.70797e+07, 7.41594e+07, 1.11239e+08, 1.48319e+08, 1.85398e+08, 
3.05947e+09, 3.13354e+09, 6.08682e+08, 5.1998e+08, 4.90456e+08, 4.46963e+08, 2.96637e+08, 2.59558e+08, 2.22478e+08, 1.85398e+08, 1.48319e+08, 1.11239e+08, 7.41594e+07, 3.70797e+07, 0, 0, 0, 3.70797e+07, 7.41594e+07, 1.11239e+08, 1.48319e+08, 
3.0616e+09, 3.13562e+09, 6.36608e+08, 5.52126e+08, 5.24295e+08, 4.83636e+08, 3.33717e+08, 2.96637e+08, 2.59558e+08, 2.22478e+08, 1.85398e+08, 1.48319e+08, 1.11239e+08, 7.41594e+07, 3.70797e+07, 0, 0, 0, 3.70797e+07, 7.41594e+07, 1.11239e+08, 
3.06418e+09, 3.13813e+09, 6.65382e+08, 5.84821e+08, 5.5852e+08, 5.20362e+08, 3.70797e+08, 3.33717e+08, 2.96637e+08, 2.59558e+08, 2.22478e+08, 1.85398e+08, 1.48319e+08, 1.11239e+08, 7.41594e+07, 3.70797e+07, 0, 0, 0, 3.70797e+07, 7.41594e+07, 
3.06719e+09, 3.14107e+09, 6.94904e+08, 6.17983e+08, 5.93068e+08, 5.57133e+08, 4.07876e+08, 3.70797e+08, 3.33717e+08, 2.96637e+08, 2.59558e+08, 2.22478e+08, 1.85398e+08, 1.48319e+08, 1.11239e+08, 7.41594e+07, 3.70797e+07, 0, 0, 0, 3.70797e+07, 
3.07064e+09, 3.14445e+09, 7.25086e+08, 6.51545e+08, 6.27888e+08, 5.9394e+08, 4.44956e+08, 4.07876e+08, 3.70797e+08, 3.33717e+08, 2.96637e+08, 2.59558e+08, 2.22478e+08, 1.85398e+08, 1.48319e+08, 1.11239e+08, 7.41594e+07, 3.70797e+07, 0, 0, 0, 
3.07453e+09, 3.14825e+09, 7.55853e+08, 6.85451e+08, 6.62941e+08, 6.30777e+08, 4.82036e+08, 4.44956e+08, 4.07876e+08, 3.70797e+08, 3.33717e+08, 2.96637e+08, 2.59558e+08, 2.22478e+08, 1.85398e+08, 1.48319e+08, 1.11239e+08, 7.41594e+07, 3.70797e+07, 0, 0, 
Optimal total distance (scaled) for 21 points: 3.48548e+09
Optimal total distance for 21 points: 289.559605
Corresponding path (0-indexed):
Point #2
Point #3
Point #4
Point #5
Point #6
Point #7
Point #8
Point #9
Point #10
Point #11
Point #12
Point #13
Point #14
Point #15
Point #16
Point #17
Point #18
Point #19
Point #20
Point #0
Point #1
Execution time: 452 ms

Elapsed time: 452 ms


Execution #2/10000

Seed: 2
Estimated max possible cost 324.010076
for path: 
0 1 2 3 4 5 6 7 8 9 10 11 12 13 14 15 16 17 18 19 20 
Execution time: 343 ms

Elapsed time: 795 ms


Execution #3/10000

Seed: 3
Estimated max possible cost 324.010076
for path: 
0 1 2 3 4 5 6 7 8 9 10 11 12 13 14 15 16 17 18 19 20 
Execution time: 352 ms

Elapsed time: 1147 ms


Execution #4/10000

Seed: 4
Estimated max possible cost 324.010076
for path: 
0 1 2 3 4 5 6 7 8 9 10 11 12 13 14 15 16 17 18 19 20 
Execution time: 323 ms

Elapsed time: 1470 ms


Execution #5/10000

Seed: 5
Estimated max possible cost 324.010076
for path: 
0 1 2 3 4 5 6 7 8 9 10 11 12 13 14 15 16 17 18 19 20 
Execution time: 366 ms

Elapsed time: 1836 ms


Execution #6/10000

Seed: 6
Estimated max possible cost 324.010076
for path: 
0 1 2 3 4 5 6 7 8 9 10 11 12 13 14 15 16 17 18 19 20 
Execution time: 397 ms

Elapsed time: 2233 ms


Execution #7/10000

Seed: 7
Estimated max possible cost 324.010076
for path: 
0 1 2 3 4 5 6 7 8 9 10 11 12 13 14 15 16 17 18 19 20 
Execution time: 434 ms

Elapsed time: 2667 ms


Execution #8/10000

Seed: 8
Estimated max possible cost 324.010076
for path: 
0 1 2 3 4 5 6 7 8 9 10 11 12 13 14 15 16 17 18 19 20 
Execution time: 364 ms

Elapsed time: 3031 ms


Execution #9/10000

Seed: 9
Estimated max possible cost 324.010076
for path: 
0 1 2 3 4 5 6 7 8 9 10 11 12 13 14 15 16 17 18 19 20 
Execution time: 393 ms

Elapsed time: 3424 ms


Execution #10/10000

Seed: 10
Estimated max possible cost 324.010076
for path: 
0 1 2 3 4 5 6 7 8 9 10 11 12 13 14 15 16 17 18 19 20 
Execution time: 406 ms

Elapsed time: 3830 ms


Execution #11/10000

Seed: 11
Estimated max possible cost 324.010076
for path: 
0 1 2 3 4 5 6 7 8 9 10 11 12 13 14 15 16 17 18 19 20 
Execution time: 431 ms

Elapsed time: 4261 ms


Execution #12/10000

Seed: 12
Estimated max possible cost 324.010076
for path: 
0 1 2 3 4 5 6 7 8 9 10 11 12 13 14 15 16 17 18 19 20 
Execution time: 386 ms

Elapsed time: 4647 ms


Execution #13/10000

Seed: 13
Estimated max possible cost 324.010076
for path: 
0 1 2 3 4 5 6 7 8 9 10 11 12 13 14 15 16 17 18 19 20 
Execution time: 393 ms

Elapsed time: 5040 ms


Execution #14/10000

Seed: 14
Estimated max possible cost 324.010076
for path: 
0 1 2 3 4 5 6 7 8 9 10 11 12 13 14 15 16 17 18 19 20 
Execution time: 439 ms

Elapsed time: 5479 ms


Execution #15/10000

Seed: 15
Estimated max possible cost 324.010076
for path: 
0 1 2 3 4 5 6 7 8 9 10 11 12 13 14 15 16 17 18 19 20 
Execution time: 418 ms

Elapsed time: 5897 ms


Execution #16/10000

Seed: 16
Estimated max possible cost 324.010076
for path: 
0 1 2 3 4 5 6 7 8 9 10 11 12 13 14 15 16 17 18 19 20 
Execution time: 399 ms

Elapsed time: 6296 ms


Execution #17/10000

Seed: 17
Estimated max possible cost 324.010076
for path: 
0 1 2 3 4 5 6 7 8 9 10 11 12 13 14 15 16 17 18 19 20 
Execution time: 400 ms

Elapsed time: 6696 ms


Execution #18/10000

Seed: 18
Estimated max possible cost 324.010076
for path: 
0 1 2 3 4 5 6 7 8 9 10 11 12 13 14 15 16 17 18 19 20 
Execution time: 369 ms

Elapsed time: 7065 ms


Execution #19/10000

Seed: 19
Estimated max possible cost 324.010076
for path: 
0 1 2 3 4 5 6 7 8 9 10 11 12 13 14 15 16 17 18 19 20 
Execution time: 379 ms

Elapsed time: 7444 ms


Execution #20/10000

Seed: 20
Estimated max possible cost 324.010076
for path: 
0 1 2 3 4 5 6 7 8 9 10 11 12 13 14 15 16 17 18 19 20 
Execution time: 415 ms

Elapsed time: 7859 ms


Execution #21/10000

Seed: 21
Estimated max possible cost 324.010076
for path: 
0 1 2 3 4 5 6 7 8 9 10 11 12 13 14 15 16 17 18 19 20 
Execution time: 380 ms

Elapsed time: 8239 ms


Execution #22/10000

Seed: 22
Estimated max possible cost 324.010076
for path: 
0 1 2 3 4 5 6 7 8 9 10 11 12 13 14 15 16 17 18 19 20 
Execution time: 415 ms

Elapsed time: 8654 ms


Execution #23/10000

Seed: 23
Estimated max possible cost 324.010076
for path: 
0 1 2 3 4 5 6 7 8 9 10 11 12 13 14 15 16 17 18 19 20 
Execution time: 355 ms

Elapsed time: 9009 ms


Execution #24/10000

Seed: 24
Estimated max possible cost 324.010076
for path: 
0 1 2 3 4 5 6 7 8 9 10 11 12 13 14 15 16 17 18 19 20 
Execution time: 402 ms

Elapsed time: 9411 ms


Execution #25/10000

Seed: 25
Estimated max possible cost 324.010076
for path: 
0 1 2 3 4 5 6 7 8 9 10 11 12 13 14 15 16 17 18 19 20 
Execution time: 422 ms

Elapsed time: 9833 ms


Execution #26/10000

Seed: 26
Estimated max possible cost 324.010076
for path: 
0 1 2 3 4 5 6 7 8 9 10 11 12 13 14 15 16 17 18 19 20 
Execution time: 364 ms

Elapsed time: 10197 ms


Execution #27/10000

Seed: 27
Estimated max possible cost 324.010076
for path: 
0 1 2 3 4 5 6 7 8 9 10 11 12 13 14 15 16 17 18 19 20 
Execution time: 332 ms

Elapsed time: 10529 ms


Execution #28/10000

Seed: 28
Estimated max possible cost 324.010076
for path: 
0 1 2 3 4 5 6 7 8 9 10 11 12 13 14 15 16 17 18 19 20 
Execution time: 374 ms

Elapsed time: 10903 ms


Execution #29/10000

Seed: 29
Estimated max possible cost 324.010076
for path: 
0 1 2 3 4 5 6 7 8 9 10 11 12 13 14 15 16 17 18 19 20 
Execution time: 404 ms

Elapsed time: 11307 ms


Execution #30/10000

Seed: 30
Estimated max possible cost 324.010076
for path: 
0 1 2 3 4 5 6 7 8 9 10 11 12 13 14 15 16 17 18 19 20 
Execution time: 390 ms

Elapsed time: 11697 ms


Execution #31/10000

Seed: 31
Estimated max possible cost 324.010076
for path: 
0 1 2 3 4 5 6 7 8 9 10 11 12 13 14 15 16 17 18 19 20 
Execution time: 406 ms

Elapsed time: 12103 ms


Execution #32/10000

Seed: 32
Estimated max possible cost 324.010076
for path: 
0 1 2 3 4 5 6 7 8 9 10 11 12 13 14 15 16 17 18 19 20 
Execution time: 400 ms

Elapsed time: 12503 ms


Execution #33/10000

Seed: 33
Estimated max possible cost 324.010076
for path: 
0 1 2 3 4 5 6 7 8 9 10 11 12 13 14 15 16 17 18 19 20 
Execution time: 399 ms

Elapsed time: 12902 ms


Execution #34/10000

Seed: 34
Estimated max possible cost 324.010076
for path: 
0 1 2 3 4 5 6 7 8 9 10 11 12 13 14 15 16 17 18 19 20 
Execution time: 350 ms

Elapsed time: 13252 ms


Execution #35/10000

Seed: 35
Estimated max possible cost 324.010076
for path: 
0 1 2 3 4 5 6 7 8 9 10 11 12 13 14 15 16 17 18 19 20 
Execution time: 442 ms

Elapsed time: 13694 ms


Execution #36/10000

Seed: 36
Estimated max possible cost 324.010076
for path: 
0 1 2 3 4 5 6 7 8 9 10 11 12 13 14 15 16 17 18 19 20 
Execution time: 340 ms

Elapsed time: 14034 ms


Execution #37/10000

Seed: 37
Estimated max possible cost 324.010076
for path: 
0 1 2 3 4 5 6 7 8 9 10 11 12 13 14 15 16 17 18 19 20 
Execution time: 318 ms

Elapsed time: 14352 ms


Execution #38/10000

Seed: 38
Estimated max possible cost 324.010076
for path: 
0 1 2 3 4 5 6 7 8 9 10 11 12 13 14 15 16 17 18 19 20 
Execution time: 402 ms

Elapsed time: 14754 ms


Execution #39/10000

Seed: 39
Estimated max possible cost 324.010076
for path: 
0 1 2 3 4 5 6 7 8 9 10 11 12 13 14 15 16 17 18 19 20 
Execution time: 374 ms

Elapsed time: 15128 ms


Execution #40/10000

Seed: 40
Estimated max possible cost 324.010076
for path: 
0 1 2 3 4 5 6 7 8 9 10 11 12 13 14 15 16 17 18 19 20 
Execution time: 340 ms

Elapsed time: 15468 ms


Execution #41/10000

Seed: 41
Estimated max possible cost 324.010076
for path: 
0 1 2 3 4 5 6 7 8 9 10 11 12 13 14 15 16 17 18 19 20 
Execution time: 357 ms

Elapsed time: 15825 ms


Execution #42/10000

Seed: 42
Estimated max possible cost 324.010076
for path: 
0 1 2 3 4 5 6 7 8 9 10 11 12 13 14 15 16 17 18 19 20 
Execution time: 362 ms

Elapsed time: 16187 ms


Execution #43/10000

Seed: 43
Estimated max possible cost 324.010076
for path: 
0 1 2 3 4 5 6 7 8 9 10 11 12 13 14 15 16 17 18 19 20 
Execution time: 387 ms

Elapsed time: 16574 ms


Execution #44/10000

Seed: 44
Estimated max possible cost 324.010076
for path: 
0 1 2 3 4 5 6 7 8 9 10 11 12 13 14 15 16 17 18 19 20 
Execution time: 357 ms

Elapsed time: 16931 ms


Execution #45/10000

Seed: 45
Estimated max possible cost 324.010076
for path: 
0 1 2 3 4 5 6 7 8 9 10 11 12 13 14 15 16 17 18 19 20 
Execution time: 401 ms

Elapsed time: 17332 ms


Execution #46/10000

Seed: 46
Estimated max possible cost 324.010076
for path: 
0 1 2 3 4 5 6 7 8 9 10 11 12 13 14 15 16 17 18 19 20 
Execution time: 407 ms

Elapsed time: 17739 ms


Execution #47/10000

Seed: 47
Estimated max possible cost 324.010076
for path: 
0 1 2 3 4 5 6 7 8 9 10 11 12 13 14 15 16 17 18 19 20 
Execution time: 359 ms

Elapsed time: 18098 ms


Execution #48/10000

Seed: 48
Estimated max possible cost 324.010076
for path: 
0 1 2 3 4 5 6 7 8 9 10 11 12 13 14 15 16 17 18 19 20 
Execution time: 375 ms

Elapsed time: 18473 ms


Execution #49/10000

Seed: 49
Estimated max possible cost 324.010076
for path: 
0 1 2 3 4 5 6 7 8 9 10 11 12 13 14 15 16 17 18 19 20 
Execution time: 413 ms

Elapsed time: 18886 ms


Execution #50/10000

Seed: 50
Estimated max possible cost 324.010076
for path: 
0 1 2 3 4 5 6 7 8 9 10 11 12 13 14 15 16 17 18 19 20 
Execution time: 380 ms

Elapsed time: 19266 ms


Execution #51/10000

Seed: 51
Estimated max possible cost 324.010076
for path: 
0 1 2 3 4 5 6 7 8 9 10 11 12 13 14 15 16 17 18 19 20 
Execution time: 363 ms

Elapsed time: 19629 ms


Execution #52/10000

Seed: 52
Estimated max possible cost 324.010076
for path: 
0 1 2 3 4 5 6 7 8 9 10 11 12 13 14 15 16 17 18 19 20 
Execution time: 399 ms

Elapsed time: 20028 ms


Execution #53/10000

Seed: 53
Estimated max possible cost 324.010076
for path: 
0 1 2 3 4 5 6 7 8 9 10 11 12 13 14 15 16 17 18 19 20 
Execution time: 442 ms

Elapsed time: 20470 ms


Execution #54/10000

Seed: 54
Estimated max possible cost 324.010076
for path: 
0 1 2 3 4 5 6 7 8 9 10 11 12 13 14 15 16 17 18 19 20 
Execution time: 336 ms

Elapsed time: 20806 ms


Execution #55/10000

Seed: 55
Estimated max possible cost 324.010076
for path: 
0 1 2 3 4 5 6 7 8 9 10 11 12 13 14 15 16 17 18 19 20 
Execution time: 418 ms

Elapsed time: 21224 ms


Execution #56/10000

Seed: 56
Estimated max possible cost 324.010076
for path: 
0 1 2 3 4 5 6 7 8 9 10 11 12 13 14 15 16 17 18 19 20 
Execution time: 358 ms

Elapsed time: 21582 ms


Execution #57/10000

Seed: 57
Estimated max possible cost 324.010076
for path: 
0 1 2 3 4 5 6 7 8 9 10 11 12 13 14 15 16 17 18 19 20 
Execution time: 401 ms

Elapsed time: 21983 ms


Execution #58/10000

Seed: 58
Estimated max possible cost 324.010076
for path: 
0 1 2 3 4 5 6 7 8 9 10 11 12 13 14 15 16 17 18 19 20 
Execution time: 407 ms

Elapsed time: 22390 ms


Execution #59/10000

Seed: 59
Estimated max possible cost 324.010076
for path: 
0 1 2 3 4 5 6 7 8 9 10 11 12 13 14 15 16 17 18 19 20 
Execution time: 395 ms

Elapsed time: 22785 ms


Execution #60/10000

Seed: 60
Estimated max possible cost 324.010076
for path: 
0 1 2 3 4 5 6 7 8 9 10 11 12 13 14 15 16 17 18 19 20 
Execution time: 351 ms

Elapsed time: 23136 ms


Execution #61/10000

Seed: 61
Estimated max possible cost 324.010076
for path: 
0 1 2 3 4 5 6 7 8 9 10 11 12 13 14 15 16 17 18 19 20 
Execution time: 365 ms

Elapsed time: 23501 ms


Execution #62/10000

Seed: 62
Estimated max possible cost 324.010076
for path: 
0 1 2 3 4 5 6 7 8 9 10 11 12 13 14 15 16 17 18 19 20 
Execution time: 403 ms

Elapsed time: 23904 ms


Execution #63/10000

Seed: 63
Estimated max possible cost 324.010076
for path: 
0 1 2 3 4 5 6 7 8 9 10 11 12 13 14 15 16 17 18 19 20 
Execution time: 377 ms

Elapsed time: 24281 ms


Execution #64/10000

Seed: 64
Estimated max possible cost 324.010076
for path: 
0 1 2 3 4 5 6 7 8 9 10 11 12 13 14 15 16 17 18 19 20 
Execution time: 421 ms

Elapsed time: 24702 ms


Execution #65/10000

Seed: 65
Estimated max possible cost 324.010076
for path: 
0 1 2 3 4 5 6 7 8 9 10 11 12 13 14 15 16 17 18 19 20 
Execution time: 321 ms

Elapsed time: 25023 ms


Execution #66/10000

Seed: 66
Estimated max possible cost 324.010076
for path: 
0 1 2 3 4 5 6 7 8 9 10 11 12 13 14 15 16 17 18 19 20 
Execution time: 397 ms

Elapsed time: 25420 ms


Execution #67/10000

Seed: 67
Estimated max possible cost 324.010076
for path: 
0 1 2 3 4 5 6 7 8 9 10 11 12 13 14 15 16 17 18 19 20 
Execution time: 369 ms

Elapsed time: 25789 ms


Execution #68/10000

Seed: 68
Estimated max possible cost 324.010076
for path: 
0 1 2 3 4 5 6 7 8 9 10 11 12 13 14 15 16 17 18 19 20 
Execution time: 360 ms

Elapsed time: 26149 ms


Execution #69/10000

Seed: 69
Estimated max possible cost 324.010076
for path: 
0 1 2 3 4 5 6 7 8 9 10 11 12 13 14 15 16 17 18 19 20 
Execution time: 342 ms

Elapsed time: 26491 ms


Execution #70/10000

Seed: 70
Estimated max possible cost 324.010076
for path: 
0 1 2 3 4 5 6 7 8 9 10 11 12 13 14 15 16 17 18 19 20 
Execution time: 390 ms

Elapsed time: 26881 ms


Execution #71/10000

Seed: 71
Estimated max possible cost 324.010076
for path: 
0 1 2 3 4 5 6 7 8 9 10 11 12 13 14 15 16 17 18 19 20 
Execution time: 383 ms

Elapsed time: 27264 ms


Execution #72/10000

Seed: 72
Estimated max possible cost 324.010076
for path: 
0 1 2 3 4 5 6 7 8 9 10 11 12 13 14 15 16 17 18 19 20 
Execution time: 365 ms

Elapsed time: 27629 ms


Execution #73/10000

Seed: 73
Estimated max possible cost 324.010076
for path: 
0 1 2 3 4 5 6 7 8 9 10 11 12 13 14 15 16 17 18 19 20 
Execution time: 420 ms

Elapsed time: 28049 ms


Execution #74/10000

Seed: 74
Estimated max possible cost 324.010076
for path: 
0 1 2 3 4 5 6 7 8 9 10 11 12 13 14 15 16 17 18 19 20 
Execution time: 323 ms

Elapsed time: 28372 ms


Execution #75/10000

Seed: 75
Estimated max possible cost 324.010076
for path: 
0 1 2 3 4 5 6 7 8 9 10 11 12 13 14 15 16 17 18 19 20 
Execution time: 336 ms

Elapsed time: 28708 ms


Execution #76/10000

Seed: 76
Estimated max possible cost 324.010076
for path: 
0 1 2 3 4 5 6 7 8 9 10 11 12 13 14 15 16 17 18 19 20 
Execution time: 379 ms

Elapsed time: 29087 ms


Execution #77/10000

Seed: 77
Estimated max possible cost 324.010076
for path: 
0 1 2 3 4 5 6 7 8 9 10 11 12 13 14 15 16 17 18 19 20 
Execution time: 406 ms

Elapsed time: 29493 ms


Execution #78/10000

Seed: 78
Estimated max possible cost 324.010076
for path: 
0 1 2 3 4 5 6 7 8 9 10 11 12 13 14 15 16 17 18 19 20 
Execution time: 411 ms

Elapsed time: 29904 ms


Execution #79/10000

Seed: 79
Estimated max possible cost 324.010076
for path: 
0 1 2 3 4 5 6 7 8 9 10 11 12 13 14 15 16 17 18 19 20 
Execution time: 397 ms

Elapsed time: 30301 ms


Execution #80/10000

Seed: 80
Estimated max possible cost 324.010076
for path: 
0 1 2 3 4 5 6 7 8 9 10 11 12 13 14 15 16 17 18 19 20 
Execution time: 377 ms

Elapsed time: 30678 ms


Execution #81/10000

Seed: 81
Estimated max possible cost 324.010076
for path: 
0 1 2 3 4 5 6 7 8 9 10 11 12 13 14 15 16 17 18 19 20 
Execution time: 358 ms

Elapsed time: 31036 ms


Execution #82/10000

Seed: 82
Estimated max possible cost 324.010076
for path: 
0 1 2 3 4 5 6 7 8 9 10 11 12 13 14 15 16 17 18 19 20 
Execution time: 425 ms

Elapsed time: 31461 ms


Execution #83/10000

Seed: 83
Estimated max possible cost 324.010076
for path: 
0 1 2 3 4 5 6 7 8 9 10 11 12 13 14 15 16 17 18 19 20 
Execution time: 438 ms

Elapsed time: 31899 ms


Execution #84/10000

Seed: 84
Estimated max possible cost 324.010076
for path: 
0 1 2 3 4 5 6 7 8 9 10 11 12 13 14 15 16 17 18 19 20 
Execution time: 433 ms

Elapsed time: 32332 ms


Execution #85/10000

Seed: 85
Estimated max possible cost 324.010076
for path: 
0 1 2 3 4 5 6 7 8 9 10 11 12 13 14 15 16 17 18 19 20 
Execution time: 346 ms

Elapsed time: 32678 ms


Execution #86/10000

Seed: 86
Estimated max possible cost 324.010076
for path: 
0 1 2 3 4 5 6 7 8 9 10 11 12 13 14 15 16 17 18 19 20 
Execution time: 390 ms

Elapsed time: 33068 ms


Execution #87/10000

Seed: 87
Estimated max possible cost 324.010076
for path: 
0 1 2 3 4 5 6 7 8 9 10 11 12 13 14 15 16 17 18 19 20 
Execution time: 350 ms

Elapsed time: 33418 ms


Execution #88/10000

Seed: 88
Estimated max possible cost 324.010076
for path: 
0 1 2 3 4 5 6 7 8 9 10 11 12 13 14 15 16 17 18 19 20 
Execution time: 326 ms

Elapsed time: 33744 ms


Execution #89/10000

Seed: 89
Estimated max possible cost 324.010076
for path: 
0 1 2 3 4 5 6 7 8 9 10 11 12 13 14 15 16 17 18 19 20 
Execution time: 430 ms

Elapsed time: 34174 ms


Execution #90/10000

Seed: 90
Estimated max possible cost 324.010076
for path: 
0 1 2 3 4 5 6 7 8 9 10 11 12 13 14 15 16 17 18 19 20 
Execution time: 308 ms

Elapsed time: 34482 ms


Execution #91/10000

Seed: 91
Estimated max possible cost 324.010076
for path: 
0 1 2 3 4 5 6 7 8 9 10 11 12 13 14 15 16 17 18 19 20 
Execution time: 337 ms

Elapsed time: 34819 ms


Execution #92/10000

Seed: 92
Estimated max possible cost 324.010076
for path: 
0 1 2 3 4 5 6 7 8 9 10 11 12 13 14 15 16 17 18 19 20 
Execution time: 462 ms

Elapsed time: 35281 ms


Execution #93/10000

Seed: 93
Estimated max possible cost 324.010076
for path: 
0 1 2 3 4 5 6 7 8 9 10 11 12 13 14 15 16 17 18 19 20 
Execution time: 384 ms

Elapsed time: 35665 ms


Execution #94/10000

Seed: 94
Estimated max possible cost 324.010076
for path: 
0 1 2 3 4 5 6 7 8 9 10 11 12 13 14 15 16 17 18 19 20 
Execution time: 357 ms

Elapsed time: 36022 ms


Execution #95/10000

Seed: 95
Estimated max possible cost 324.010076
for path: 
0 1 2 3 4 5 6 7 8 9 10 11 12 13 14 15 16 17 18 19 20 
Execution time: 395 ms

Elapsed time: 36417 ms


Execution #96/10000

Seed: 96
Estimated max possible cost 324.010076
for path: 
0 1 2 3 4 5 6 7 8 9 10 11 12 13 14 15 16 17 18 19 20 
Execution time: 368 ms

Elapsed time: 36785 ms


Execution #97/10000

Seed: 97
Estimated max possible cost 324.010076
for path: 
0 1 2 3 4 5 6 7 8 9 10 11 12 13 14 15 16 17 18 19 20 
Execution time: 350 ms

Elapsed time: 37135 ms


Execution #98/10000

Seed: 98
Estimated max possible cost 324.010076
for path: 
0 1 2 3 4 5 6 7 8 9 10 11 12 13 14 15 16 17 18 19 20 
Execution time: 407 ms

Elapsed time: 37542 ms


Execution #99/10000

Seed: 99
Estimated max possible cost 324.010076
for path: 
0 1 2 3 4 5 6 7 8 9 10 11 12 13 14 15 16 17 18 19 20 
Execution time: 368 ms

Elapsed time: 37910 ms


Execution #100/10000

Seed: 100
Estimated max possible cost 324.010076
for path: 
0 1 2 3 4 5 6 7 8 9 10 11 12 13 14 15 16 17 18 19 20 
Execution time: 330 ms

Elapsed time: 38240 ms


Execution #101/10000

Seed: 101
Estimated max possible cost 324.010076
for path: 
0 1 2 3 4 5 6 7 8 9 10 11 12 13 14 15 16 17 18 19 20 
Execution time: 382 ms

Elapsed time: 38622 ms


Execution #102/10000

Seed: 102
Estimated max possible cost 324.010076
for path: 
0 1 2 3 4 5 6 7 8 9 10 11 12 13 14 15 16 17 18 19 20 
Execution time: 418 ms

Elapsed time: 39040 ms


Execution #103/10000

Seed: 103
Estimated max possible cost 324.010076
for path: 
0 1 2 3 4 5 6 7 8 9 10 11 12 13 14 15 16 17 18 19 20 
Execution time: 367 ms

Elapsed time: 39407 ms


Execution #104/10000

Seed: 104
Estimated max possible cost 324.010076
for path: 
0 1 2 3 4 5 6 7 8 9 10 11 12 13 14 15 16 17 18 19 20 
Execution time: 416 ms

Elapsed time: 39823 ms


Execution #105/10000

Seed: 105
Estimated max possible cost 324.010076
for path: 
0 1 2 3 4 5 6 7 8 9 10 11 12 13 14 15 16 17 18 19 20 
Execution time: 361 ms

Elapsed time: 40184 ms


Execution #106/10000

Seed: 106
Estimated max possible cost 324.010076
for path: 
0 1 2 3 4 5 6 7 8 9 10 11 12 13 14 15 16 17 18 19 20 
Execution time: 387 ms

Elapsed time: 40571 ms


Execution #107/10000

Seed: 107
Estimated max possible cost 324.010076
for path: 
0 1 2 3 4 5 6 7 8 9 10 11 12 13 14 15 16 17 18 19 20 
Execution time: 358 ms

Elapsed time: 40929 ms


Execution #108/10000

Seed: 108
Estimated max possible cost 324.010076
for path: 
0 1 2 3 4 5 6 7 8 9 10 11 12 13 14 15 16 17 18 19 20 
Execution time: 392 ms

Elapsed time: 41321 ms


Execution #109/10000

Seed: 109
Estimated max possible cost 324.010076
for path: 
0 1 2 3 4 5 6 7 8 9 10 11 12 13 14 15 16 17 18 19 20 
Execution time: 433 ms

Elapsed time: 41754 ms


Execution #110/10000

Seed: 110
Estimated max possible cost 324.010076
for path: 
0 1 2 3 4 5 6 7 8 9 10 11 12 13 14 15 16 17 18 19 20 
Execution time: 371 ms

Elapsed time: 42125 ms


Execution #111/10000

Seed: 111
Estimated max possible cost 324.010076
for path: 
0 1 2 3 4 5 6 7 8 9 10 11 12 13 14 15 16 17 18 19 20 
Execution time: 348 ms

Elapsed time: 42473 ms


Execution #112/10000

Seed: 112
Estimated max possible cost 324.010076
for path: 
0 1 2 3 4 5 6 7 8 9 10 11 12 13 14 15 16 17 18 19 20 
Execution time: 411 ms

Elapsed time: 42884 ms


Execution #113/10000

Seed: 113
Estimated max possible cost 324.010076
for path: 
0 1 2 3 4 5 6 7 8 9 10 11 12 13 14 15 16 17 18 19 20 
Execution time: 388 ms

Elapsed time: 43272 ms


Execution #114/10000

Seed: 114
Estimated max possible cost 324.010076
for path: 
0 1 2 3 4 5 6 7 8 9 10 11 12 13 14 15 16 17 18 19 20 
Execution time: 429 ms

Elapsed time: 43701 ms


Execution #115/10000

Seed: 115
Estimated max possible cost 324.010076
for path: 
0 1 2 3 4 5 6 7 8 9 10 11 12 13 14 15 16 17 18 19 20 
Execution time: 377 ms

Elapsed time: 44078 ms


Execution #116/10000

Seed: 116
Estimated max possible cost 324.010076
for path: 
0 1 2 3 4 5 6 7 8 9 10 11 12 13 14 15 16 17 18 19 20 
Execution time: 361 ms

Elapsed time: 44439 ms


Execution #117/10000

Seed: 117
Estimated max possible cost 324.010076
for path: 
0 1 2 3 4 5 6 7 8 9 10 11 12 13 14 15 16 17 18 19 20 
Execution time: 314 ms

Elapsed time: 44753 ms


Execution #118/10000

Seed: 118
Estimated max possible cost 324.010076
for path: 
0 1 2 3 4 5 6 7 8 9 10 11 12 13 14 15 16 17 18 19 20 
Execution time: 382 ms

Elapsed time: 45135 ms


Execution #119/10000

Seed: 119
Estimated max possible cost 324.010076
for path: 
0 1 2 3 4 5 6 7 8 9 10 11 12 13 14 15 16 17 18 19 20 
Execution time: 346 ms

Elapsed time: 45481 ms


Execution #120/10000

Seed: 120
Estimated max possible cost 324.010076
for path: 
0 1 2 3 4 5 6 7 8 9 10 11 12 13 14 15 16 17 18 19 20 
Execution time: 363 ms

Elapsed time: 45844 ms


Execution #121/10000

Seed: 121
Estimated max possible cost 324.010076
for path: 
0 1 2 3 4 5 6 7 8 9 10 11 12 13 14 15 16 17 18 19 20 
Execution time: 374 ms

Elapsed time: 46218 ms


Execution #122/10000

Seed: 122
Estimated max possible cost 324.010076
for path: 
0 1 2 3 4 5 6 7 8 9 10 11 12 13 14 15 16 17 18 19 20 
Execution time: 349 ms

Elapsed time: 46567 ms


Execution #123/10000

Seed: 123
Estimated max possible cost 324.010076
for path: 
0 1 2 3 4 5 6 7 8 9 10 11 12 13 14 15 16 17 18 19 20 
Execution time: 428 ms

Elapsed time: 46995 ms


Execution #124/10000

Seed: 124
Estimated max possible cost 324.010076
for path: 
0 1 2 3 4 5 6 7 8 9 10 11 12 13 14 15 16 17 18 19 20 
Execution time: 387 ms

Elapsed time: 47382 ms


Execution #125/10000

Seed: 125
Estimated max possible cost 324.010076
for path: 
0 1 2 3 4 5 6 7 8 9 10 11 12 13 14 15 16 17 18 19 20 
Execution time: 359 ms

Elapsed time: 47741 ms


Execution #126/10000

Seed: 126
Estimated max possible cost 324.010076
for path: 
0 1 2 3 4 5 6 7 8 9 10 11 12 13 14 15 16 17 18 19 20 
Execution time: 403 ms

Elapsed time: 48144 ms


Execution #127/10000

Seed: 127
Estimated max possible cost 324.010076
for path: 
0 1 2 3 4 5 6 7 8 9 10 11 12 13 14 15 16 17 18 19 20 
Execution time: 331 ms

Elapsed time: 48475 ms


Execution #128/10000

Seed: 128
Estimated max possible cost 324.010076
for path: 
0 1 2 3 4 5 6 7 8 9 10 11 12 13 14 15 16 17 18 19 20 
Execution time: 409 ms

Elapsed time: 48884 ms


Execution #129/10000

Seed: 129
Estimated max possible cost 324.010076
for path: 
0 1 2 3 4 5 6 7 8 9 10 11 12 13 14 15 16 17 18 19 20 
Execution time: 300 ms

Elapsed time: 49184 ms


Execution #130/10000

Seed: 130
Estimated max possible cost 324.010076
for path: 
0 1 2 3 4 5 6 7 8 9 10 11 12 13 14 15 16 17 18 19 20 
Execution time: 387 ms

Elapsed time: 49571 ms


Execution #131/10000

Seed: 131
Estimated max possible cost 324.010076
for path: 
0 1 2 3 4 5 6 7 8 9 10 11 12 13 14 15 16 17 18 19 20 
Execution time: 381 ms

Elapsed time: 49952 ms


Execution #132/10000

Seed: 132
Estimated max possible cost 324.010076
for path: 
0 1 2 3 4 5 6 7 8 9 10 11 12 13 14 15 16 17 18 19 20 
Execution time: 366 ms

Elapsed time: 50318 ms


Execution #133/10000

Seed: 133
Estimated max possible cost 324.010076
for path: 
0 1 2 3 4 5 6 7 8 9 10 11 12 13 14 15 16 17 18 19 20 
Execution time: 394 ms

Elapsed time: 50712 ms


Execution #134/10000

Seed: 134
Estimated max possible cost 324.010076
for path: 
0 1 2 3 4 5 6 7 8 9 10 11 12 13 14 15 16 17 18 19 20 
Execution time: 318 ms

Elapsed time: 51030 ms


Execution #135/10000

Seed: 135
Estimated max possible cost 324.010076
for path: 
0 1 2 3 4 5 6 7 8 9 10 11 12 13 14 15 16 17 18 19 20 
Execution time: 406 ms

Elapsed time: 51436 ms


Execution #136/10000

Seed: 136
Estimated max possible cost 324.010076
for path: 
0 1 2 3 4 5 6 7 8 9 10 11 12 13 14 15 16 17 18 19 20 
Execution time: 386 ms

Elapsed time: 51822 ms


Execution #137/10000

Seed: 137
Estimated max possible cost 324.010076
for path: 
0 1 2 3 4 5 6 7 8 9 10 11 12 13 14 15 16 17 18 19 20 
Execution time: 417 ms

Elapsed time: 52239 ms


Execution #138/10000

Seed: 138
Estimated max possible cost 324.010076
for path: 
0 1 2 3 4 5 6 7 8 9 10 11 12 13 14 15 16 17 18 19 20 
Execution time: 413 ms

Elapsed time: 52652 ms


Execution #139/10000

Seed: 139
Estimated max possible cost 324.010076
for path: 
0 1 2 3 4 5 6 7 8 9 10 11 12 13 14 15 16 17 18 19 20 
Execution time: 368 ms

Elapsed time: 53020 ms


Execution #140/10000

Seed: 140
Estimated max possible cost 324.010076
for path: 
0 1 2 3 4 5 6 7 8 9 10 11 12 13 14 15 16 17 18 19 20 
Execution time: 416 ms

Elapsed time: 53436 ms


Execution #141/10000

Seed: 141
Estimated max possible cost 324.010076
for path: 
0 1 2 3 4 5 6 7 8 9 10 11 12 13 14 15 16 17 18 19 20 
Execution time: 350 ms

Elapsed time: 53786 ms


Execution #142/10000

Seed: 142
Estimated max possible cost 324.010076
for path: 
0 1 2 3 4 5 6 7 8 9 10 11 12 13 14 15 16 17 18 19 20 
Execution time: 395 ms

Elapsed time: 54181 ms


Execution #143/10000

Seed: 143
Estimated max possible cost 324.010076
for path: 
0 1 2 3 4 5 6 7 8 9 10 11 12 13 14 15 16 17 18 19 20 
Execution time: 351 ms

Elapsed time: 54532 ms


Execution #144/10000

Seed: 144
Estimated max possible cost 324.010076
for path: 
0 1 2 3 4 5 6 7 8 9 10 11 12 13 14 15 16 17 18 19 20 
Execution time: 406 ms

Elapsed time: 54938 ms


Execution #145/10000

Seed: 145
Estimated max possible cost 324.010076
for path: 
0 1 2 3 4 5 6 7 8 9 10 11 12 13 14 15 16 17 18 19 20 
Execution time: 342 ms

Elapsed time: 55280 ms


Execution #146/10000

Seed: 146
Estimated max possible cost 324.010076
for path: 
0 1 2 3 4 5 6 7 8 9 10 11 12 13 14 15 16 17 18 19 20 
Execution time: 419 ms

Elapsed time: 55699 ms


Execution #147/10000

Seed: 147
Estimated max possible cost 324.010076
for path: 
0 1 2 3 4 5 6 7 8 9 10 11 12 13 14 15 16 17 18 19 20 
Execution time: 367 ms

Elapsed time: 56066 ms


Execution #148/10000

Seed: 148
Estimated max possible cost 324.010076
for path: 
0 1 2 3 4 5 6 7 8 9 10 11 12 13 14 15 16 17 18 19 20 
Execution time: 337 ms

Elapsed time: 56403 ms


Execution #149/10000

Seed: 149
Estimated max possible cost 324.010076
for path: 
0 1 2 3 4 5 6 7 8 9 10 11 12 13 14 15 16 17 18 19 20 
Execution time: 403 ms

Elapsed time: 56806 ms


Execution #150/10000

Seed: 150
Estimated max possible cost 324.010076
for path: 
0 1 2 3 4 5 6 7 8 9 10 11 12 13 14 15 16 17 18 19 20 
Execution time: 370 ms

Elapsed time: 57176 ms


Execution #151/10000

Seed: 151
Estimated max possible cost 324.010076
for path: 
0 1 2 3 4 5 6 7 8 9 10 11 12 13 14 15 16 17 18 19 20 
Execution time: 370 ms

Elapsed time: 57546 ms


Execution #152/10000

Seed: 152
Estimated max possible cost 324.010076
for path: 
0 1 2 3 4 5 6 7 8 9 10 11 12 13 14 15 16 17 18 19 20 
Execution time: 370 ms

Elapsed time: 57916 ms


Execution #153/10000

Seed: 153
Estimated max possible cost 324.010076
for path: 
0 1 2 3 4 5 6 7 8 9 10 11 12 13 14 15 16 17 18 19 20 
Execution time: 306 ms

Elapsed time: 58222 ms


Execution #154/10000

Seed: 154
Estimated max possible cost 324.010076
for path: 
0 1 2 3 4 5 6 7 8 9 10 11 12 13 14 15 16 17 18 19 20 
Execution time: 368 ms

Elapsed time: 58590 ms


Execution #155/10000

Seed: 155
Estimated max possible cost 324.010076
for path: 
0 1 2 3 4 5 6 7 8 9 10 11 12 13 14 15 16 17 18 19 20 
Execution time: 327 ms

Elapsed time: 58917 ms


Execution #156/10000

Seed: 156
Estimated max possible cost 324.010076
for path: 
0 1 2 3 4 5 6 7 8 9 10 11 12 13 14 15 16 17 18 19 20 
Execution time: 389 ms

Elapsed time: 59306 ms


Execution #157/10000

Seed: 157
Estimated max possible cost 324.010076
for path: 
0 1 2 3 4 5 6 7 8 9 10 11 12 13 14 15 16 17 18 19 20 
Execution time: 461 ms

Elapsed time: 59767 ms


Execution #158/10000

Seed: 158
Estimated max possible cost 324.010076
for path: 
0 1 2 3 4 5 6 7 8 9 10 11 12 13 14 15 16 17 18 19 20 
Execution time: 402 ms

Elapsed time: 60169 ms


Execution #159/10000

Seed: 159
Estimated max possible cost 324.010076
for path: 
0 1 2 3 4 5 6 7 8 9 10 11 12 13 14 15 16 17 18 19 20 
Execution time: 371 ms

Elapsed time: 60540 ms


Execution #160/10000

Seed: 160
Estimated max possible cost 324.010076
for path: 
0 1 2 3 4 5 6 7 8 9 10 11 12 13 14 15 16 17 18 19 20 
Execution time: 313 ms

Elapsed time: 60853 ms


Execution #161/10000

Seed: 161
Estimated max possible cost 324.010076
for path: 
0 1 2 3 4 5 6 7 8 9 10 11 12 13 14 15 16 17 18 19 20 
Execution time: 377 ms

Elapsed time: 61230 ms


Execution #162/10000

Seed: 162
Estimated max possible cost 324.010076
for path: 
0 1 2 3 4 5 6 7 8 9 10 11 12 13 14 15 16 17 18 19 20 
Execution time: 383 ms

Elapsed time: 61613 ms


Execution #163/10000

Seed: 163
Estimated max possible cost 324.010076
for path: 
0 1 2 3 4 5 6 7 8 9 10 11 12 13 14 15 16 17 18 19 20 
Execution time: 401 ms

Elapsed time: 62014 ms


Execution #164/10000

Seed: 164
Estimated max possible cost 324.010076
for path: 
0 1 2 3 4 5 6 7 8 9 10 11 12 13 14 15 16 17 18 19 20 
Execution time: 361 ms

Elapsed time: 62375 ms


Execution #165/10000

Seed: 165
Estimated max possible cost 324.010076
for path: 
0 1 2 3 4 5 6 7 8 9 10 11 12 13 14 15 16 17 18 19 20 
Execution time: 368 ms

Elapsed time: 62743 ms


Execution #166/10000

Seed: 166
Estimated max possible cost 324.010076
for path: 
0 1 2 3 4 5 6 7 8 9 10 11 12 13 14 15 16 17 18 19 20 
Execution time: 355 ms

Elapsed time: 63098 ms


Execution #167/10000

Seed: 167
Estimated max possible cost 324.010076
for path: 
0 1 2 3 4 5 6 7 8 9 10 11 12 13 14 15 16 17 18 19 20 
Execution time: 345 ms

Elapsed time: 63443 ms


Execution #168/10000

Seed: 168
