Solving SHP


Execution #1/10000

Seed: 1
Estimated max possible cost 362.698203
for path: 
0 1 2 3 4 5 6 7 8 9 10 11 12 13 14 15 16 17 18 19 20 21 
Memory needed for path: 15308436 locs, for costs: 14226212 locs.
Desired precision: 10000
Mem constraint for cost_t: 32 bits
Rounded to pow of 2 bytes mem constraint (capped at 64bits) for cost_t: 32 bits
Bits needed for an int to preserve precision: 22
Bits used per cost_t: 22
Selected cost_t = (u)int32_t
Solving with cost_t = j
Memory [GB] needed: 0.0672539
Distances:
0, 5.08, 242.54, 232.423, 228.124, 218.013, 212.172, 212.044, 211.947, 211.88, 211.843, 211.837, 211.862, 211.917, 212.002, 212.117, 212.263, 212.44, 212.646, 212.882, 213.149, 196.958, 
5.08, 0, 247.599, 237.481, 233.181, 223.068, 217.244, 217.119, 217.024, 216.959, 216.923, 216.917, 216.941, 216.995, 217.078, 217.191, 217.333, 217.505, 217.707, 217.938, 218.198, 202.029, 
242.54, 247.599, 0, 10.16, 14.478, 24.638, 31.3255, 32.219, 33.2827, 34.501, 35.8581, 37.3389, 38.9292, 40.6162, 42.3883, 44.2354, 46.1484, 48.1194, 50.1417, 52.2092, 54.3168, 46.0364, 
232.423, 237.481, 10.16, 0, 4.318, 14.478, 21.9236, 23.1823, 24.6393, 26.2617, 28.0207, 29.8922, 31.8565, 33.8973, 36.0018, 38.1592, 40.3612, 42.6009, 44.8725, 47.1716, 49.4942, 36.1805, 
228.124, 233.181, 14.478, 4.318, 0, 10.16, 18.1765, 19.6764, 21.3738, 23.2254, 25.1973, 27.2633, 29.4037, 31.6034, 33.8507, 36.1368, 38.4548, 40.7992, 43.1658, 45.5511, 47.9522, 32.0493, 
218.013, 223.068, 24.638, 14.478, 10.16, 0, 11.1326, 13.4428, 15.8236, 18.2474, 20.6991, 23.1698, 25.654, 28.1482, 30.6499, 33.1575, 35.6696, 38.1854, 40.7042, 43.2255, 45.7489, 22.606, 
212.172, 217.244, 31.3255, 21.9236, 18.1765, 11.1326, 0, 2.54, 5.08, 7.62, 10.16, 12.7, 15.24, 17.78, 20.32, 22.86, 25.4, 27.94, 30.48, 33.02, 35.56, 15.24, 
212.044, 217.119, 32.219, 23.1823, 19.6764, 13.4428, 2.54, 0, 2.54, 5.08, 7.62, 10.16, 12.7, 15.24, 17.78, 20.32, 22.86, 25.4, 27.94, 30.48, 33.02, 15.4502, 
211.947, 217.024, 33.2827, 24.6393, 21.3738, 15.8236, 5.08, 2.54, 0, 2.54, 5.08, 7.62, 10.16, 12.7, 15.24, 17.78, 20.32, 22.86, 25.4, 27.94, 30.48, 16.0644, 
211.88, 216.959, 34.501, 26.2617, 23.2254, 18.2474, 7.62, 5.08, 2.54, 0, 2.54, 5.08, 7.62, 10.16, 12.7, 15.24, 17.78, 20.32, 22.86, 25.4, 27.94, 17.0388, 
211.843, 216.923, 35.8581, 28.0207, 25.1973, 20.6991, 10.16, 7.62, 5.08, 2.54, 0, 2.54, 5.08, 7.62, 10.16, 12.7, 15.24, 17.78, 20.32, 22.86, 25.4, 18.3162, 
211.837, 216.917, 37.3389, 29.8922, 27.2633, 23.1698, 12.7, 10.16, 7.62, 5.08, 2.54, 0, 2.54, 5.08, 7.62, 10.16, 12.7, 15.24, 17.78, 20.32, 22.86, 19.838, 
211.862, 216.941, 38.9292, 31.8565, 29.4037, 25.654, 15.24, 12.7, 10.16, 7.62, 5.08, 2.54, 0, 2.54, 5.08, 7.62, 10.16, 12.7, 15.24, 17.78, 20.32, 21.5526, 
211.917, 216.995, 40.6162, 33.8973, 31.6034, 28.1482, 17.78, 15.24, 12.7, 10.16, 7.62, 5.08, 2.54, 0, 2.54, 5.08, 7.62, 10.16, 12.7, 15.24, 17.78, 23.4176, 
212.002, 217.078, 42.3883, 36.0018, 33.8507, 30.6499, 20.32, 17.78, 15.24, 12.7, 10.16, 7.62, 5.08, 2.54, 0, 2.54, 5.08, 7.62, 10.16, 12.7, 15.24, 25.4, 
212.117, 217.191, 44.2354, 38.1592, 36.1368, 33.1575, 22.86, 20.32, 17.78, 15.24, 12.7, 10.16, 7.62, 5.08, 2.54, 0, 2.54, 5.08, 7.62, 10.16, 12.7, 27.4743, 
212.263, 217.333, 46.1484, 40.3612, 38.4548, 35.6696, 25.4, 22.86, 20.32, 17.78, 15.24, 12.7, 10.16, 7.62, 5.08, 2.54, 0, 2.54, 5.08, 7.62, 10.16, 29.6212, 
212.44, 217.505, 48.1194, 42.6009, 40.7992, 38.1854, 27.94, 25.4, 22.86, 20.32, 17.78, 15.24, 12.7, 10.16, 7.62, 5.08, 2.54, 0, 2.54, 5.08, 7.62, 31.8261, 
212.646, 217.707, 50.1417, 44.8725, 43.1658, 40.7042, 30.48, 27.94, 25.4, 22.86, 20.32, 17.78, 15.24, 12.7, 10.16, 7.62, 5.08, 2.54, 0, 2.54, 5.08, 34.0777, 
212.882, 217.938, 52.2092, 47.1716, 45.5511, 43.2255, 33.02, 30.48, 27.94, 25.4, 22.86, 20.32, 17.78, 15.24, 12.7, 10.16, 7.62, 5.08, 2.54, 0, 2.54, 36.3673, 
213.149, 218.198, 54.3168, 49.4942, 47.9522, 45.7489, 35.56, 33.02, 30.48, 27.94, 25.4, 22.86, 20.32, 17.78, 15.24, 12.7, 10.16, 7.62, 5.08, 2.54, 0, 38.6881, 
196.958, 202.029, 46.0364, 36.1805, 32.0493, 22.606, 15.24, 15.4502, 16.0644, 17.0388, 18.3162, 19.838, 21.5526, 23.4176, 25.4, 27.4743, 29.6212, 31.8261, 34.0777, 36.3673, 38.6881, 0, 
Scaled Distances:
0, 3.29227e+07, 3.1108e+09, 2.97967e+09, 2.92396e+09, 2.7929e+09, 2.71719e+09, 2.71553e+09, 2.71427e+09, 2.7134e+09, 2.71293e+09, 2.71285e+09, 2.71317e+09, 2.71388e+09, 2.71498e+09, 2.71648e+09, 2.71837e+09, 2.72066e+09, 2.72333e+09, 2.7264e+09, 2.72985e+09, 2.51999e+09, 
3.29227e+07, 0, 3.17639e+09, 3.04523e+09, 2.98951e+09, 2.85842e+09, 2.78293e+09, 2.78132e+09, 2.78008e+09, 2.77924e+09, 2.77877e+09, 2.7787e+09, 2.779e+09, 2.7797e+09, 2.78078e+09, 2.78224e+09, 2.78409e+09, 2.78632e+09, 2.78893e+09, 2.79193e+09, 2.7953e+09, 2.58572e+09, 
3.1108e+09, 3.17639e+09, 0, 9.87682e+07, 1.54737e+08, 2.86428e+08, 3.73109e+08, 3.8469e+08, 3.98478e+08, 4.14269e+08, 4.31859e+08, 4.51053e+08, 4.71666e+08, 4.93532e+08, 5.16502e+08, 5.40443e+08, 5.65239e+08, 5.90787e+08, 6.16999e+08, 6.43797e+08, 6.71116e+08, 5.63787e+08, 
2.97967e+09, 3.04523e+09, 9.87682e+07, 0, 2.30459e+07, 1.54737e+08, 2.51244e+08, 2.67559e+08, 2.86445e+08, 3.07473e+08, 3.30273e+08, 3.54532e+08, 3.79992e+08, 4.06445e+08, 4.33721e+08, 4.61686e+08, 4.90228e+08, 5.19257e+08, 5.48702e+08, 5.78501e+08, 6.08606e+08, 4.36038e+08, 
2.92396e+09, 2.98951e+09, 1.54737e+08, 2.30459e+07, 0, 9.87682e+07, 2.02676e+08, 2.22117e+08, 2.44118e+08, 2.68118e+08, 2.93677e+08, 3.20456e+08, 3.482e+08, 3.76711e+08, 4.0584e+08, 4.35472e+08, 4.65517e+08, 4.95905e+08, 5.2658e+08, 5.57497e+08, 5.8862e+08, 3.82491e+08, 
2.7929e+09, 2.85842e+09, 2.86428e+08, 1.54737e+08, 9.87682e+07, 0, 1.11375e+08, 1.41319e+08, 1.72178e+08, 2.03594e+08, 2.35372e+08, 2.67397e+08, 2.99597e+08, 3.31926e+08, 3.64352e+08, 3.96854e+08, 4.29416e+08, 4.62025e+08, 4.94674e+08, 5.27354e+08, 5.60061e+08, 2.6009e+08, 
2.71719e+09, 2.78293e+09, 3.73109e+08, 2.51244e+08, 2.02676e+08, 1.11375e+08, 0, 0, 3.29227e+07, 6.58455e+07, 9.87682e+07, 1.31691e+08, 1.64614e+08, 1.97536e+08, 2.30459e+08, 2.63382e+08, 2.96305e+08, 3.29227e+08, 3.6215e+08, 3.95073e+08, 4.27995e+08, 1.64614e+08, 
2.71553e+09, 2.78132e+09, 3.8469e+08, 2.67559e+08, 2.22117e+08, 1.41319e+08, 0, 0, 0, 3.29227e+07, 6.58455e+07, 9.87682e+07, 1.31691e+08, 1.64614e+08, 1.97536e+08, 2.30459e+08, 2.63382e+08, 2.96305e+08, 3.29227e+08, 3.6215e+08, 3.95073e+08, 1.67338e+08, 
2.71427e+09, 2.78008e+09, 3.98478e+08, 2.86445e+08, 2.44118e+08, 1.72178e+08, 3.29227e+07, 0, 0, 0, 3.29227e+07, 6.58455e+07, 9.87682e+07, 1.31691e+08, 1.64614e+08, 1.97536e+08, 2.30459e+08, 2.63382e+08, 2.96305e+08, 3.29227e+08, 3.6215e+08, 1.75299e+08, 
2.7134e+09, 2.77924e+09, 4.14269e+08, 3.07473e+08, 2.68118e+08, 2.03594e+08, 6.58455e+07, 3.29227e+07, 0, 0, 0, 3.29227e+07, 6.58455e+07, 9.87682e+07, 1.31691e+08, 1.64614e+08, 1.97536e+08, 2.30459e+08, 2.63382e+08, 2.96305e+08, 3.29227e+08, 1.8793e+08, 
2.71293e+09, 2.77877e+09, 4.31859e+08, 3.30273e+08, 2.93677e+08, 2.35372e+08, 9.87682e+07, 6.58455e+07, 3.29227e+07, 0, 0, 0, 3.29227e+07, 6.58455e+07, 9.87682e+07, 1.31691e+08, 1.64614e+08, 1.97536e+08, 2.30459e+08, 2.63382e+08, 2.96305e+08, 2.04486e+08, 
2.71285e+09, 2.7787e+09, 4.51053e+08, 3.54532e+08, 3.20456e+08, 2.67397e+08, 1.31691e+08, 9.87682e+07, 6.58455e+07, 3.29227e+07, 0, 0, 0, 3.29227e+07, 6.58455e+07, 9.87682e+07, 1.31691e+08, 1.64614e+08, 1.97536e+08, 2.30459e+08, 2.63382e+08, 2.24212e+08, 
2.71317e+09, 2.779e+09, 4.71666e+08, 3.79992e+08, 3.482e+08, 2.99597e+08, 1.64614e+08, 1.31691e+08, 9.87682e+07, 6.58455e+07, 3.29227e+07, 0, 0, 0, 3.29227e+07, 6.58455e+07, 9.87682e+07, 1.31691e+08, 1.64614e+08, 1.97536e+08, 2.30459e+08, 2.46436e+08, 
2.71388e+09, 2.7797e+09, 4.93532e+08, 4.06445e+08, 3.76711e+08, 3.31926e+08, 1.97536e+08, 1.64614e+08, 1.31691e+08, 9.87682e+07, 6.58455e+07, 3.29227e+07, 0, 0, 0, 3.29227e+07, 6.58455e+07, 9.87682e+07, 1.31691e+08, 1.64614e+08, 1.97536e+08, 2.7061e+08, 
2.71498e+09, 2.78078e+09, 5.16502e+08, 4.33721e+08, 4.0584e+08, 3.64352e+08, 2.30459e+08, 1.97536e+08, 1.64614e+08, 1.31691e+08, 9.87682e+07, 6.58455e+07, 3.29227e+07, 0, 0, 0, 3.29227e+07, 6.58455e+07, 9.87682e+07, 1.31691e+08, 1.64614e+08, 2.96305e+08, 
2.71648e+09, 2.78224e+09, 5.40443e+08, 4.61686e+08, 4.35472e+08, 3.96854e+08, 2.63382e+08, 2.30459e+08, 1.97536e+08, 1.64614e+08, 1.31691e+08, 9.87682e+07, 6.58455e+07, 3.29227e+07, 0, 0, 0, 3.29227e+07, 6.58455e+07, 9.87682e+07, 1.31691e+08, 3.23191e+08, 
2.71837e+09, 2.78409e+09, 5.65239e+08, 4.90228e+08, 4.65517e+08, 4.29416e+08, 2.96305e+08, 2.63382e+08, 2.30459e+08, 1.97536e+08, 1.64614e+08, 1.31691e+08, 9.87682e+07, 6.58455e+07, 3.29227e+07, 0, 0, 0, 3.29227e+07, 6.58455e+07, 9.87682e+07, 3.51019e+08, 
2.72066e+09, 2.78632e+09, 5.90787e+08, 5.19257e+08, 4.95905e+08, 4.62025e+08, 3.29227e+08, 2.96305e+08, 2.63382e+08, 2.30459e+08, 1.97536e+08, 1.64614e+08, 1.31691e+08, 9.87682e+07, 6.58455e+07, 3.29227e+07, 0, 0, 0, 3.29227e+07, 6.58455e+07, 3.79598e+08, 
2.72333e+09, 2.78893e+09, 6.16999e+08, 5.48702e+08, 5.2658e+08, 4.94674e+08, 3.6215e+08, 3.29227e+08, 2.96305e+08, 2.63382e+08, 2.30459e+08, 1.97536e+08, 1.64614e+08, 1.31691e+08, 9.87682e+07, 6.58455e+07, 3.29227e+07, 0, 0, 0, 3.29227e+07, 4.08782e+08, 
2.7264e+09, 2.79193e+09, 6.43797e+08, 5.78501e+08, 5.57497e+08, 5.27354e+08, 3.95073e+08, 3.6215e+08, 3.29227e+08, 2.96305e+08, 2.63382e+08, 2.30459e+08, 1.97536e+08, 1.64614e+08, 1.31691e+08, 9.87682e+07, 6.58455e+07, 3.29227e+07, 0, 0, 0, 4.38459e+08, 
2.72985e+09, 2.7953e+09, 6.71116e+08, 6.08606e+08, 5.8862e+08, 5.60061e+08, 4.27995e+08, 3.95073e+08, 3.6215e+08, 3.29227e+08, 2.96305e+08, 2.63382e+08, 2.30459e+08, 1.97536e+08, 1.64614e+08, 1.31691e+08, 9.87682e+07, 6.58455e+07, 3.29227e+07, 0, 0, 4.68541e+08, 
2.51999e+09, 2.58572e+09, 5.63787e+08, 4.36038e+08, 3.82491e+08, 2.6009e+08, 1.64614e+08, 1.67338e+08, 1.75299e+08, 1.8793e+08, 2.04486e+08, 2.24212e+08, 2.46436e+08, 2.7061e+08, 2.96305e+08, 3.23191e+08, 3.51019e+08, 3.79598e+08, 4.08782e+08, 4.38459e+08, 4.68541e+08, 0, 
Optimal total distance (scaled) for 22 points: 3.35341e+09
Optimal total distance for 22 points: 312.056873
Corresponding path (0-indexed):
Point #2
Point #3
Point #4
Point #5
Point #6
Point #7
Point #8
Point #9
Point #10
Point #11
Point #12
Point #13
Point #14
Point #15
Point #16
Point #17
Point #18
Point #19
Point #20
Point #21
Point #0
Point #1
Execution time: 748 ms

Elapsed time: 748 ms


Execution #2/10000

Seed: 2
Estimated max possible cost 362.698203
for path: 
0 1 2 3 4 5 6 7 8 9 10 11 12 13 14 15 16 17 18 19 20 21 
Execution time: 708 ms

Elapsed time: 1456 ms


Execution #3/10000

Seed: 3
Estimated max possible cost 362.698203
for path: 
0 1 2 3 4 5 6 7 8 9 10 11 12 13 14 15 16 17 18 19 20 21 
Execution time: 769 ms

Elapsed time: 2225 ms


Execution #4/10000

Seed: 4
Estimated max possible cost 362.698203
for path: 
0 1 2 3 4 5 6 7 8 9 10 11 12 13 14 15 16 17 18 19 20 21 
Execution time: 795 ms

Elapsed time: 3020 ms


Execution #5/10000

Seed: 5
Estimated max possible cost 362.698203
for path: 
0 1 2 3 4 5 6 7 8 9 10 11 12 13 14 15 16 17 18 19 20 21 
Execution time: 779 ms

Elapsed time: 3799 ms


Execution #6/10000

Seed: 6
Estimated max possible cost 362.698203
for path: 
0 1 2 3 4 5 6 7 8 9 10 11 12 13 14 15 16 17 18 19 20 21 
Execution time: 828 ms

Elapsed time: 4627 ms


Execution #7/10000

Seed: 7
Estimated max possible cost 362.698203
for path: 
0 1 2 3 4 5 6 7 8 9 10 11 12 13 14 15 16 17 18 19 20 21 
Execution time: 824 ms

Elapsed time: 5451 ms


Execution #8/10000

Seed: 8
Estimated max possible cost 362.698203
for path: 
0 1 2 3 4 5 6 7 8 9 10 11 12 13 14 15 16 17 18 19 20 21 
Execution time: 814 ms

Elapsed time: 6265 ms


Execution #9/10000

Seed: 9
Estimated max possible cost 362.698203
for path: 
0 1 2 3 4 5 6 7 8 9 10 11 12 13 14 15 16 17 18 19 20 21 
Execution time: 758 ms

Elapsed time: 7023 ms


Execution #10/10000

Seed: 10
Estimated max possible cost 362.698203
for path: 
0 1 2 3 4 5 6 7 8 9 10 11 12 13 14 15 16 17 18 19 20 21 
Execution time: 788 ms

Elapsed time: 7811 ms


Execution #11/10000

Seed: 11
Estimated max possible cost 362.698203
for path: 
0 1 2 3 4 5 6 7 8 9 10 11 12 13 14 15 16 17 18 19 20 21 
Execution time: 822 ms

Elapsed time: 8633 ms


Execution #12/10000

Seed: 12
Estimated max possible cost 362.698203
for path: 
0 1 2 3 4 5 6 7 8 9 10 11 12 13 14 15 16 17 18 19 20 21 
Execution time: 743 ms

Elapsed time: 9376 ms


Execution #13/10000

Seed: 13
Estimated max possible cost 362.698203
for path: 
0 1 2 3 4 5 6 7 8 9 10 11 12 13 14 15 16 17 18 19 20 21 
Execution time: 762 ms

Elapsed time: 10138 ms


Execution #14/10000

Seed: 14
Estimated max possible cost 362.698203
for path: 
0 1 2 3 4 5 6 7 8 9 10 11 12 13 14 15 16 17 18 19 20 21 
Execution time: 716 ms

Elapsed time: 10854 ms


Execution #15/10000

Seed: 15
Estimated max possible cost 362.698203
for path: 
0 1 2 3 4 5 6 7 8 9 10 11 12 13 14 15 16 17 18 19 20 21 
Execution time: 817 ms

Elapsed time: 11671 ms


Execution #16/10000

Seed: 16
Estimated max possible cost 362.698203
for path: 
0 1 2 3 4 5 6 7 8 9 10 11 12 13 14 15 16 17 18 19 20 21 
Execution time: 775 ms

Elapsed time: 12446 ms


Execution #17/10000

Seed: 17
Estimated max possible cost 362.698203
for path: 
0 1 2 3 4 5 6 7 8 9 10 11 12 13 14 15 16 17 18 19 20 21 
Execution time: 747 ms

Elapsed time: 13193 ms


Execution #18/10000

Seed: 18
Estimated max possible cost 362.698203
for path: 
0 1 2 3 4 5 6 7 8 9 10 11 12 13 14 15 16 17 18 19 20 21 
Execution time: 823 ms

Elapsed time: 14016 ms


Execution #19/10000

Seed: 19
Estimated max possible cost 362.698203
for path: 
0 1 2 3 4 5 6 7 8 9 10 11 12 13 14 15 16 17 18 19 20 21 
Execution time: 736 ms

Elapsed time: 14752 ms


Execution #20/10000

Seed: 20
Estimated max possible cost 362.698203
for path: 
0 1 2 3 4 5 6 7 8 9 10 11 12 13 14 15 16 17 18 19 20 21 
Execution time: 729 ms

Elapsed time: 15481 ms


Execution #21/10000

Seed: 21
Estimated max possible cost 362.698203
for path: 
0 1 2 3 4 5 6 7 8 9 10 11 12 13 14 15 16 17 18 19 20 21 
Execution time: 711 ms

Elapsed time: 16192 ms


Execution #22/10000

Seed: 22
Estimated max possible cost 362.698203
for path: 
0 1 2 3 4 5 6 7 8 9 10 11 12 13 14 15 16 17 18 19 20 21 
Execution time: 749 ms

Elapsed time: 16941 ms


Execution #23/10000

Seed: 23
Estimated max possible cost 362.698203
for path: 
0 1 2 3 4 5 6 7 8 9 10 11 12 13 14 15 16 17 18 19 20 21 
Execution time: 812 ms

Elapsed time: 17753 ms


Execution #24/10000

Seed: 24
Estimated max possible cost 362.698203
for path: 
0 1 2 3 4 5 6 7 8 9 10 11 12 13 14 15 16 17 18 19 20 21 
Execution time: 746 ms

Elapsed time: 18499 ms


Execution #25/10000

Seed: 25
Estimated max possible cost 362.698203
for path: 
0 1 2 3 4 5 6 7 8 9 10 11 12 13 14 15 16 17 18 19 20 21 
Execution time: 812 ms

Elapsed time: 19311 ms


Execution #26/10000

Seed: 26
Estimated max possible cost 362.698203
for path: 
0 1 2 3 4 5 6 7 8 9 10 11 12 13 14 15 16 17 18 19 20 21 
Execution time: 794 ms

Elapsed time: 20105 ms


Execution #27/10000

Seed: 27
Estimated max possible cost 362.698203
for path: 
0 1 2 3 4 5 6 7 8 9 10 11 12 13 14 15 16 17 18 19 20 21 
Execution time: 771 ms

Elapsed time: 20876 ms


Execution #28/10000

Seed: 28
Estimated max possible cost 362.698203
for path: 
0 1 2 3 4 5 6 7 8 9 10 11 12 13 14 15 16 17 18 19 20 21 
Execution time: 819 ms

Elapsed time: 21695 ms


Execution #29/10000

Seed: 29
Estimated max possible cost 362.698203
for path: 
0 1 2 3 4 5 6 7 8 9 10 11 12 13 14 15 16 17 18 19 20 21 
Execution time: 787 ms

Elapsed time: 22482 ms


Execution #30/10000

Seed: 30
Estimated max possible cost 362.698203
for path: 
0 1 2 3 4 5 6 7 8 9 10 11 12 13 14 15 16 17 18 19 20 21 
Execution time: 777 ms

Elapsed time: 23259 ms


Execution #31/10000

Seed: 31
Estimated max possible cost 362.698203
for path: 
0 1 2 3 4 5 6 7 8 9 10 11 12 13 14 15 16 17 18 19 20 21 
Execution time: 778 ms

Elapsed time: 24037 ms


Execution #32/10000

Seed: 32
Estimated max possible cost 362.698203
for path: 
0 1 2 3 4 5 6 7 8 9 10 11 12 13 14 15 16 17 18 19 20 21 
Execution time: 782 ms

Elapsed time: 24819 ms


Execution #33/10000

Seed: 33
Estimated max possible cost 362.698203
for path: 
0 1 2 3 4 5 6 7 8 9 10 11 12 13 14 15 16 17 18 19 20 21 
Execution time: 806 ms

Elapsed time: 25625 ms


Execution #34/10000

Seed: 34
Estimated max possible cost 362.698203
for path: 
0 1 2 3 4 5 6 7 8 9 10 11 12 13 14 15 16 17 18 19 20 21 
Execution time: 657 ms

Elapsed time: 26282 ms


Execution #35/10000

Seed: 35
Estimated max possible cost 362.698203
for path: 
0 1 2 3 4 5 6 7 8 9 10 11 12 13 14 15 16 17 18 19 20 21 
Execution time: 791 ms

Elapsed time: 27073 ms


Execution #36/10000

Seed: 36
Estimated max possible cost 362.698203
for path: 
0 1 2 3 4 5 6 7 8 9 10 11 12 13 14 15 16 17 18 19 20 21 
Execution time: 786 ms

Elapsed time: 27859 ms


Execution #37/10000

Seed: 37
Estimated max possible cost 362.698203
for path: 
0 1 2 3 4 5 6 7 8 9 10 11 12 13 14 15 16 17 18 19 20 21 
Execution time: 722 ms

Elapsed time: 28581 ms


Execution #38/10000

Seed: 38
Estimated max possible cost 362.698203
for path: 
0 1 2 3 4 5 6 7 8 9 10 11 12 13 14 15 16 17 18 19 20 21 
Execution time: 800 ms

Elapsed time: 29381 ms


Execution #39/10000

Seed: 39
Estimated max possible cost 362.698203
for path: 
0 1 2 3 4 5 6 7 8 9 10 11 12 13 14 15 16 17 18 19 20 21 
Execution time: 809 ms

Elapsed time: 30190 ms


Execution #40/10000

Seed: 40
Estimated max possible cost 362.698203
for path: 
0 1 2 3 4 5 6 7 8 9 10 11 12 13 14 15 16 17 18 19 20 21 
Execution time: 776 ms

Elapsed time: 30966 ms


Execution #41/10000

Seed: 41
Estimated max possible cost 362.698203
for path: 
0 1 2 3 4 5 6 7 8 9 10 11 12 13 14 15 16 17 18 19 20 21 
Execution time: 861 ms

Elapsed time: 31827 ms


Execution #42/10000

Seed: 42
Estimated max possible cost 362.698203
for path: 
0 1 2 3 4 5 6 7 8 9 10 11 12 13 14 15 16 17 18 19 20 21 
Execution time: 758 ms

Elapsed time: 32585 ms


Execution #43/10000

Seed: 43
Estimated max possible cost 362.698203
for path: 
0 1 2 3 4 5 6 7 8 9 10 11 12 13 14 15 16 17 18 19 20 21 
Execution time: 796 ms

Elapsed time: 33381 ms


Execution #44/10000

Seed: 44
Estimated max possible cost 362.698203
for path: 
0 1 2 3 4 5 6 7 8 9 10 11 12 13 14 15 16 17 18 19 20 21 
Execution time: 740 ms

Elapsed time: 34121 ms


Execution #45/10000

Seed: 45
Estimated max possible cost 362.698203
for path: 
0 1 2 3 4 5 6 7 8 9 10 11 12 13 14 15 16 17 18 19 20 21 
Execution time: 659 ms

Elapsed time: 34780 ms


Execution #46/10000

Seed: 46
Estimated max possible cost 362.698203
for path: 
0 1 2 3 4 5 6 7 8 9 10 11 12 13 14 15 16 17 18 19 20 21 
Execution time: 867 ms

Elapsed time: 35647 ms


Execution #47/10000

Seed: 47
Estimated max possible cost 362.698203
for path: 
0 1 2 3 4 5 6 7 8 9 10 11 12 13 14 15 16 17 18 19 20 21 
Execution time: 755 ms

Elapsed time: 36402 ms


Execution #48/10000

Seed: 48
Estimated max possible cost 362.698203
for path: 
0 1 2 3 4 5 6 7 8 9 10 11 12 13 14 15 16 17 18 19 20 21 
Execution time: 722 ms

Elapsed time: 37124 ms


Execution #49/10000

Seed: 49
Estimated max possible cost 362.698203
for path: 
0 1 2 3 4 5 6 7 8 9 10 11 12 13 14 15 16 17 18 19 20 21 
Execution time: 783 ms

Elapsed time: 37907 ms


Execution #50/10000

Seed: 50
Estimated max possible cost 362.698203
for path: 
0 1 2 3 4 5 6 7 8 9 10 11 12 13 14 15 16 17 18 19 20 21 
Execution time: 720 ms

Elapsed time: 38627 ms


Execution #51/10000

Seed: 51
Estimated max possible cost 362.698203
for path: 
0 1 2 3 4 5 6 7 8 9 10 11 12 13 14 15 16 17 18 19 20 21 
Execution time: 806 ms

Elapsed time: 39433 ms


Execution #52/10000

Seed: 52
Estimated max possible cost 362.698203
for path: 
0 1 2 3 4 5 6 7 8 9 10 11 12 13 14 15 16 17 18 19 20 21 
Execution time: 789 ms

Elapsed time: 40222 ms


Execution #53/10000

Seed: 53
Estimated max possible cost 362.698203
for path: 
0 1 2 3 4 5 6 7 8 9 10 11 12 13 14 15 16 17 18 19 20 21 
Execution time: 742 ms

Elapsed time: 40964 ms


Execution #54/10000

Seed: 54
Estimated max possible cost 362.698203
for path: 
0 1 2 3 4 5 6 7 8 9 10 11 12 13 14 15 16 17 18 19 20 21 
Execution time: 830 ms

Elapsed time: 41794 ms


Execution #55/10000

Seed: 55
Estimated max possible cost 362.698203
for path: 
0 1 2 3 4 5 6 7 8 9 10 11 12 13 14 15 16 17 18 19 20 21 
Execution time: 729 ms

Elapsed time: 42523 ms


Execution #56/10000

Seed: 56
Estimated max possible cost 362.698203
for path: 
0 1 2 3 4 5 6 7 8 9 10 11 12 13 14 15 16 17 18 19 20 21 
Execution time: 789 ms

Elapsed time: 43312 ms


Execution #57/10000

Seed: 57
Estimated max possible cost 362.698203
for path: 
0 1 2 3 4 5 6 7 8 9 10 11 12 13 14 15 16 17 18 19 20 21 
Execution time: 806 ms

Elapsed time: 44118 ms


Execution #58/10000

Seed: 58
Estimated max possible cost 362.698203
for path: 
0 1 2 3 4 5 6 7 8 9 10 11 12 13 14 15 16 17 18 19 20 21 
Execution time: 692 ms

Elapsed time: 44810 ms


Execution #59/10000

Seed: 59
Estimated max possible cost 362.698203
for path: 
0 1 2 3 4 5 6 7 8 9 10 11 12 13 14 15 16 17 18 19 20 21 
Execution time: 795 ms

Elapsed time: 45605 ms


Execution #60/10000

Seed: 60
Estimated max possible cost 362.698203
for path: 
0 1 2 3 4 5 6 7 8 9 10 11 12 13 14 15 16 17 18 19 20 21 
Execution time: 723 ms

Elapsed time: 46328 ms


Execution #61/10000

Seed: 61
Estimated max possible cost 362.698203
for path: 
0 1 2 3 4 5 6 7 8 9 10 11 12 13 14 15 16 17 18 19 20 21 
Execution time: 816 ms

Elapsed time: 47144 ms


Execution #62/10000

Seed: 62
Estimated max possible cost 362.698203
for path: 
0 1 2 3 4 5 6 7 8 9 10 11 12 13 14 15 16 17 18 19 20 21 
Execution time: 715 ms

Elapsed time: 47859 ms


Execution #63/10000

Seed: 63
Estimated max possible cost 362.698203
for path: 
0 1 2 3 4 5 6 7 8 9 10 11 12 13 14 15 16 17 18 19 20 21 
Execution time: 745 ms

Elapsed time: 48604 ms


Execution #64/10000

Seed: 64
Estimated max possible cost 362.698203
for path: 
0 1 2 3 4 5 6 7 8 9 10 11 12 13 14 15 16 17 18 19 20 21 
Execution time: 666 ms

Elapsed time: 49270 ms


Execution #65/10000

Seed: 65
Estimated max possible cost 362.698203
for path: 
0 1 2 3 4 5 6 7 8 9 10 11 12 13 14 15 16 17 18 19 20 21 
Execution time: 800 ms

Elapsed time: 50070 ms


Execution #66/10000

Seed: 66
Estimated max possible cost 362.698203
for path: 
0 1 2 3 4 5 6 7 8 9 10 11 12 13 14 15 16 17 18 19 20 21 
Execution time: 749 ms

Elapsed time: 50819 ms


Execution #67/10000

Seed: 67
Estimated max possible cost 362.698203
for path: 
0 1 2 3 4 5 6 7 8 9 10 11 12 13 14 15 16 17 18 19 20 21 
Execution time: 729 ms

Elapsed time: 51548 ms


Execution #68/10000

Seed: 68
Estimated max possible cost 362.698203
for path: 
0 1 2 3 4 5 6 7 8 9 10 11 12 13 14 15 16 17 18 19 20 21 
Execution time: 821 ms

Elapsed time: 52369 ms


Execution #69/10000

Seed: 69
Estimated max possible cost 362.698203
for path: 
0 1 2 3 4 5 6 7 8 9 10 11 12 13 14 15 16 17 18 19 20 21 
Execution time: 877 ms

Elapsed time: 53246 ms


Execution #70/10000

Seed: 70
Estimated max possible cost 362.698203
for path: 
0 1 2 3 4 5 6 7 8 9 10 11 12 13 14 15 16 17 18 19 20 21 
Execution time: 705 ms

Elapsed time: 53951 ms


Execution #71/10000

Seed: 71
Estimated max possible cost 362.698203
for path: 
0 1 2 3 4 5 6 7 8 9 10 11 12 13 14 15 16 17 18 19 20 21 
Execution time: 741 ms

Elapsed time: 54692 ms


Execution #72/10000

Seed: 72
Estimated max possible cost 362.698203
for path: 
0 1 2 3 4 5 6 7 8 9 10 11 12 13 14 15 16 17 18 19 20 21 
Execution time: 748 ms

Elapsed time: 55440 ms


Execution #73/10000

Seed: 73
Estimated max possible cost 362.698203
for path: 
0 1 2 3 4 5 6 7 8 9 10 11 12 13 14 15 16 17 18 19 20 21 
Execution time: 757 ms

Elapsed time: 56197 ms


Execution #74/10000

Seed: 74
Estimated max possible cost 362.698203
for path: 
0 1 2 3 4 5 6 7 8 9 10 11 12 13 14 15 16 17 18 19 20 21 
Execution time: 760 ms

Elapsed time: 56957 ms


Execution #75/10000

Seed: 75
Estimated max possible cost 362.698203
for path: 
0 1 2 3 4 5 6 7 8 9 10 11 12 13 14 15 16 17 18 19 20 21 
Execution time: 810 ms

Elapsed time: 57767 ms


Execution #76/10000

Seed: 76
Estimated max possible cost 362.698203
for path: 
0 1 2 3 4 5 6 7 8 9 10 11 12 13 14 15 16 17 18 19 20 21 
Execution time: 661 ms

Elapsed time: 58428 ms


Execution #77/10000

Seed: 77
Estimated max possible cost 362.698203
for path: 
0 1 2 3 4 5 6 7 8 9 10 11 12 13 14 15 16 17 18 19 20 21 
Execution time: 720 ms

Elapsed time: 59148 ms


Execution #78/10000

Seed: 78
Estimated max possible cost 362.698203
for path: 
0 1 2 3 4 5 6 7 8 9 10 11 12 13 14 15 16 17 18 19 20 21 
Execution time: 878 ms

Elapsed time: 60026 ms


Execution #79/10000

Seed: 79
Estimated max possible cost 362.698203
for path: 
0 1 2 3 4 5 6 7 8 9 10 11 12 13 14 15 16 17 18 19 20 21 
Execution time: 723 ms

Elapsed time: 60749 ms


Execution #80/10000

Seed: 80
Estimated max possible cost 362.698203
for path: 
0 1 2 3 4 5 6 7 8 9 10 11 12 13 14 15 16 17 18 19 20 21 
Execution time: 777 ms

Elapsed time: 61526 ms


Execution #81/10000

Seed: 81
Estimated max possible cost 362.698203
for path: 
0 1 2 3 4 5 6 7 8 9 10 11 12 13 14 15 16 17 18 19 20 21 
Execution time: 805 ms

Elapsed time: 62331 ms


Execution #82/10000

Seed: 82
Estimated max possible cost 362.698203
for path: 
0 1 2 3 4 5 6 7 8 9 10 11 12 13 14 15 16 17 18 19 20 21 
Execution time: 723 ms

Elapsed time: 63054 ms


Execution #83/10000

Seed: 83
Estimated max possible cost 362.698203
for path: 
0 1 2 3 4 5 6 7 8 9 10 11 12 13 14 15 16 17 18 19 20 21 
Execution time: 783 ms

Elapsed time: 63837 ms


Execution #84/10000

Seed: 84
Estimated max possible cost 362.698203
for path: 
0 1 2 3 4 5 6 7 8 9 10 11 12 13 14 15 16 17 18 19 20 21 
Execution time: 815 ms

Elapsed time: 64652 ms


Execution #85/10000

Seed: 85
Estimated max possible cost 362.698203
for path: 
0 1 2 3 4 5 6 7 8 9 10 11 12 13 14 15 16 17 18 19 20 21 
Execution time: 800 ms

Elapsed time: 65452 ms


Execution #86/10000

Seed: 86
Estimated max possible cost 362.698203
for path: 
0 1 2 3 4 5 6 7 8 9 10 11 12 13 14 15 16 17 18 19 20 21 
Execution time: 648 ms

Elapsed time: 66100 ms


Execution #87/10000

Seed: 87
Estimated max possible cost 362.698203
for path: 
0 1 2 3 4 5 6 7 8 9 10 11 12 13 14 15 16 17 18 19 20 21 
Execution time: 788 ms

Elapsed time: 66888 ms


Execution #88/10000

Seed: 88
Estimated max possible cost 362.698203
for path: 
0 1 2 3 4 5 6 7 8 9 10 11 12 13 14 15 16 17 18 19 20 21 
Execution time: 829 ms

Elapsed time: 67717 ms


Execution #89/10000

Seed: 89
Estimated max possible cost 362.698203
for path: 
0 1 2 3 4 5 6 7 8 9 10 11 12 13 14 15 16 17 18 19 20 21 
Execution time: 900 ms

Elapsed time: 68617 ms


Execution #90/10000

Seed: 90
Estimated max possible cost 362.698203
for path: 
0 1 2 3 4 5 6 7 8 9 10 11 12 13 14 15 16 17 18 19 20 21 
Execution time: 714 ms

Elapsed time: 69331 ms


Execution #91/10000

Seed: 91
Estimated max possible cost 362.698203
for path: 
0 1 2 3 4 5 6 7 8 9 10 11 12 13 14 15 16 17 18 19 20 21 
Execution time: 715 ms

Elapsed time: 70046 ms


Execution #92/10000

Seed: 92
Estimated max possible cost 362.698203
for path: 
0 1 2 3 4 5 6 7 8 9 10 11 12 13 14 15 16 17 18 19 20 21 
Execution time: 759 ms

Elapsed time: 70805 ms


Execution #93/10000

Seed: 93
Estimated max possible cost 362.698203
for path: 
0 1 2 3 4 5 6 7 8 9 10 11 12 13 14 15 16 17 18 19 20 21 
Execution time: 810 ms

Elapsed time: 71615 ms


Execution #94/10000

Seed: 94
Estimated max possible cost 362.698203
for path: 
0 1 2 3 4 5 6 7 8 9 10 11 12 13 14 15 16 17 18 19 20 21 
Execution time: 879 ms

Elapsed time: 72494 ms


Execution #95/10000

Seed: 95
Estimated max possible cost 362.698203
for path: 
0 1 2 3 4 5 6 7 8 9 10 11 12 13 14 15 16 17 18 19 20 21 
Execution time: 739 ms

Elapsed time: 73233 ms


Execution #96/10000

Seed: 96
Estimated max possible cost 362.698203
for path: 
0 1 2 3 4 5 6 7 8 9 10 11 12 13 14 15 16 17 18 19 20 21 
Execution time: 801 ms

Elapsed time: 74034 ms


Execution #97/10000

Seed: 97
Estimated max possible cost 362.698203
for path: 
0 1 2 3 4 5 6 7 8 9 10 11 12 13 14 15 16 17 18 19 20 21 
Execution time: 838 ms

Elapsed time: 74872 ms


Execution #98/10000

Seed: 98
Estimated max possible cost 362.698203
for path: 
0 1 2 3 4 5 6 7 8 9 10 11 12 13 14 15 16 17 18 19 20 21 
Execution time: 747 ms

Elapsed time: 75619 ms


Execution #99/10000

Seed: 99
Estimated max possible cost 362.698203
for path: 
0 1 2 3 4 5 6 7 8 9 10 11 12 13 14 15 16 17 18 19 20 21 
Execution time: 715 ms

Elapsed time: 76334 ms


Execution #100/10000

Seed: 100
Estimated max possible cost 362.698203
for path: 
0 1 2 3 4 5 6 7 8 9 10 11 12 13 14 15 16 17 18 19 20 21 
Execution time: 752 ms

Elapsed time: 77086 ms


Execution #101/10000

Seed: 101
Estimated max possible cost 362.698203
for path: 
0 1 2 3 4 5 6 7 8 9 10 11 12 13 14 15 16 17 18 19 20 21 
Execution time: 776 ms

Elapsed time: 77862 ms


Execution #102/10000

Seed: 102
Estimated max possible cost 362.698203
for path: 
0 1 2 3 4 5 6 7 8 9 10 11 12 13 14 15 16 17 18 19 20 21 
Execution time: 709 ms

Elapsed time: 78571 ms


Execution #103/10000

Seed: 103
Estimated max possible cost 362.698203
for path: 
0 1 2 3 4 5 6 7 8 9 10 11 12 13 14 15 16 17 18 19 20 21 
Execution time: 807 ms

Elapsed time: 79378 ms


Execution #104/10000

Seed: 104
Estimated max possible cost 362.698203
for path: 
0 1 2 3 4 5 6 7 8 9 10 11 12 13 14 15 16 17 18 19 20 21 
Execution time: 822 ms

Elapsed time: 80200 ms


Execution #105/10000

Seed: 105
Estimated max possible cost 362.698203
for path: 
0 1 2 3 4 5 6 7 8 9 10 11 12 13 14 15 16 17 18 19 20 21 
Execution time: 718 ms

Elapsed time: 80918 ms


Execution #106/10000

Seed: 106
Estimated max possible cost 362.698203
for path: 
0 1 2 3 4 5 6 7 8 9 10 11 12 13 14 15 16 17 18 19 20 21 
Execution time: 740 ms

Elapsed time: 81658 ms


Execution #107/10000

Seed: 107
Estimated max possible cost 362.698203
for path: 
0 1 2 3 4 5 6 7 8 9 10 11 12 13 14 15 16 17 18 19 20 21 
Execution time: 728 ms

Elapsed time: 82386 ms


Execution #108/10000

Seed: 108
Estimated max possible cost 362.698203
for path: 
0 1 2 3 4 5 6 7 8 9 10 11 12 13 14 15 16 17 18 19 20 21 
Execution time: 763 ms

Elapsed time: 83149 ms


Execution #109/10000

Seed: 109
Estimated max possible cost 362.698203
for path: 
0 1 2 3 4 5 6 7 8 9 10 11 12 13 14 15 16 17 18 19 20 21 
Execution time: 710 ms

Elapsed time: 83859 ms


Execution #110/10000

Seed: 110
Estimated max possible cost 362.698203
for path: 
0 1 2 3 4 5 6 7 8 9 10 11 12 13 14 15 16 17 18 19 20 21 
Execution time: 749 ms

Elapsed time: 84608 ms


Execution #111/10000

Seed: 111
Estimated max possible cost 362.698203
for path: 
0 1 2 3 4 5 6 7 8 9 10 11 12 13 14 15 16 17 18 19 20 21 
Execution time: 783 ms

Elapsed time: 85391 ms


Execution #112/10000

Seed: 112
Estimated max possible cost 362.698203
for path: 
0 1 2 3 4 5 6 7 8 9 10 11 12 13 14 15 16 17 18 19 20 21 
Execution time: 789 ms

Elapsed time: 86180 ms


Execution #113/10000

Seed: 113
Estimated max possible cost 362.698203
for path: 
0 1 2 3 4 5 6 7 8 9 10 11 12 13 14 15 16 17 18 19 20 21 
Execution time: 721 ms

Elapsed time: 86901 ms


Execution #114/10000

Seed: 114
Estimated max possible cost 362.698203
for path: 
0 1 2 3 4 5 6 7 8 9 10 11 12 13 14 15 16 17 18 19 20 21 
Execution time: 807 ms

Elapsed time: 87708 ms


Execution #115/10000

Seed: 115
Estimated max possible cost 362.698203
for path: 
0 1 2 3 4 5 6 7 8 9 10 11 12 13 14 15 16 17 18 19 20 21 
Execution time: 671 ms

Elapsed time: 88379 ms


Execution #116/10000

Seed: 116
Estimated max possible cost 362.698203
for path: 
0 1 2 3 4 5 6 7 8 9 10 11 12 13 14 15 16 17 18 19 20 21 
Execution time: 619 ms

Elapsed time: 88998 ms


Execution #117/10000

Seed: 117
Estimated max possible cost 362.698203
for path: 
0 1 2 3 4 5 6 7 8 9 10 11 12 13 14 15 16 17 18 19 20 21 
Execution time: 842 ms

Elapsed time: 89840 ms


Execution #118/10000

Seed: 118
Estimated max possible cost 362.698203
for path: 
0 1 2 3 4 5 6 7 8 9 10 11 12 13 14 15 16 17 18 19 20 21 
Execution time: 780 ms

Elapsed time: 90620 ms


Execution #119/10000

Seed: 119
Estimated max possible cost 362.698203
for path: 
0 1 2 3 4 5 6 7 8 9 10 11 12 13 14 15 16 17 18 19 20 21 
Execution time: 829 ms

Elapsed time: 91449 ms


Execution #120/10000

Seed: 120
Estimated max possible cost 362.698203
for path: 
0 1 2 3 4 5 6 7 8 9 10 11 12 13 14 15 16 17 18 19 20 21 
Execution time: 664 ms

Elapsed time: 92113 ms


Execution #121/10000

Seed: 121
Estimated max possible cost 362.698203
for path: 
0 1 2 3 4 5 6 7 8 9 10 11 12 13 14 15 16 17 18 19 20 21 
Execution time: 868 ms

Elapsed time: 92981 ms


Execution #122/10000

Seed: 122
Estimated max possible cost 362.698203
for path: 
0 1 2 3 4 5 6 7 8 9 10 11 12 13 14 15 16 17 18 19 20 21 
Execution time: 704 ms

Elapsed time: 93685 ms


Execution #123/10000

Seed: 123
Estimated max possible cost 362.698203
for path: 
0 1 2 3 4 5 6 7 8 9 10 11 12 13 14 15 16 17 18 19 20 21 
Execution time: 773 ms

Elapsed time: 94458 ms


Execution #124/10000

Seed: 124
Estimated max possible cost 362.698203
for path: 
0 1 2 3 4 5 6 7 8 9 10 11 12 13 14 15 16 17 18 19 20 21 
Execution time: 741 ms

Elapsed time: 95199 ms


Execution #125/10000

Seed: 125
Estimated max possible cost 362.698203
for path: 
0 1 2 3 4 5 6 7 8 9 10 11 12 13 14 15 16 17 18 19 20 21 
Execution time: 780 ms

Elapsed time: 95979 ms


Execution #126/10000

Seed: 126
Estimated max possible cost 362.698203
for path: 
0 1 2 3 4 5 6 7 8 9 10 11 12 13 14 15 16 17 18 19 20 21 
Execution time: 860 ms

Elapsed time: 96839 ms


Execution #127/10000

Seed: 127
Estimated max possible cost 362.698203
for path: 
0 1 2 3 4 5 6 7 8 9 10 11 12 13 14 15 16 17 18 19 20 21 
Execution time: 754 ms

Elapsed time: 97593 ms


Execution #128/10000

Seed: 128
Estimated max possible cost 362.698203
for path: 
0 1 2 3 4 5 6 7 8 9 10 11 12 13 14 15 16 17 18 19 20 21 
Execution time: 715 ms

Elapsed time: 98308 ms


Execution #129/10000

Seed: 129
Estimated max possible cost 362.698203
for path: 
0 1 2 3 4 5 6 7 8 9 10 11 12 13 14 15 16 17 18 19 20 21 
Execution time: 767 ms

Elapsed time: 99075 ms


Execution #130/10000

Seed: 130
Estimated max possible cost 362.698203
for path: 
0 1 2 3 4 5 6 7 8 9 10 11 12 13 14 15 16 17 18 19 20 21 
Execution time: 794 ms

Elapsed time: 99869 ms


Execution #131/10000

Seed: 131
Estimated max possible cost 362.698203
for path: 
0 1 2 3 4 5 6 7 8 9 10 11 12 13 14 15 16 17 18 19 20 21 
Execution time: 845 ms

Elapsed time: 100714 ms


Execution #132/10000

Seed: 132
Estimated max possible cost 362.698203
for path: 
0 1 2 3 4 5 6 7 8 9 10 11 12 13 14 15 16 17 18 19 20 21 
Execution time: 655 ms

Elapsed time: 101369 ms


Execution #133/10000

Seed: 133
Estimated max possible cost 362.698203
for path: 
0 1 2 3 4 5 6 7 8 9 10 11 12 13 14 15 16 17 18 19 20 21 
Execution time: 665 ms

Elapsed time: 102034 ms


Execution #134/10000

Seed: 134
Estimated max possible cost 362.698203
for path: 
0 1 2 3 4 5 6 7 8 9 10 11 12 13 14 15 16 17 18 19 20 21 
Execution time: 852 ms

Elapsed time: 102886 ms


Execution #135/10000

Seed: 135
Estimated max possible cost 362.698203
for path: 
0 1 2 3 4 5 6 7 8 9 10 11 12 13 14 15 16 17 18 19 20 21 
Execution time: 815 ms

Elapsed time: 103701 ms


Execution #136/10000

Seed: 136
Estimated max possible cost 362.698203
for path: 
0 1 2 3 4 5 6 7 8 9 10 11 12 13 14 15 16 17 18 19 20 21 
Execution time: 659 ms

Elapsed time: 104360 ms


Execution #137/10000

Seed: 137
Estimated max possible cost 362.698203
for path: 
0 1 2 3 4 5 6 7 8 9 10 11 12 13 14 15 16 17 18 19 20 21 
Execution time: 807 ms

Elapsed time: 105167 ms


Execution #138/10000

Seed: 138
Estimated max possible cost 362.698203
for path: 
0 1 2 3 4 5 6 7 8 9 10 11 12 13 14 15 16 17 18 19 20 21 
Execution time: 801 ms

Elapsed time: 105968 ms


Execution #139/10000

Seed: 139
Estimated max possible cost 362.698203
for path: 
0 1 2 3 4 5 6 7 8 9 10 11 12 13 14 15 16 17 18 19 20 21 
Execution time: 742 ms

Elapsed time: 106710 ms


Execution #140/10000

Seed: 140
Estimated max possible cost 362.698203
for path: 
0 1 2 3 4 5 6 7 8 9 10 11 12 13 14 15 16 17 18 19 20 21 
Execution time: 768 ms

Elapsed time: 107478 ms


Execution #141/10000

Seed: 141
Estimated max possible cost 362.698203
for path: 
0 1 2 3 4 5 6 7 8 9 10 11 12 13 14 15 16 17 18 19 20 21 
Execution time: 737 ms

Elapsed time: 108215 ms


Execution #142/10000

Seed: 142
Estimated max possible cost 362.698203
for path: 
0 1 2 3 4 5 6 7 8 9 10 11 12 13 14 15 16 17 18 19 20 21 
Execution time: 713 ms

Elapsed time: 108928 ms


Execution #143/10000

Seed: 143
Estimated max possible cost 362.698203
for path: 
0 1 2 3 4 5 6 7 8 9 10 11 12 13 14 15 16 17 18 19 20 21 
Execution time: 795 ms

Elapsed time: 109723 ms


Execution #144/10000

Seed: 144
Estimated max possible cost 362.698203
for path: 
0 1 2 3 4 5 6 7 8 9 10 11 12 13 14 15 16 17 18 19 20 21 
Execution time: 742 ms

Elapsed time: 110465 ms


Execution #145/10000

Seed: 145
Estimated max possible cost 362.698203
for path: 
0 1 2 3 4 5 6 7 8 9 10 11 12 13 14 15 16 17 18 19 20 21 
Execution time: 669 ms

Elapsed time: 111134 ms


Execution #146/10000

Seed: 146
Estimated max possible cost 362.698203
for path: 
0 1 2 3 4 5 6 7 8 9 10 11 12 13 14 15 16 17 18 19 20 21 
Execution time: 765 ms

Elapsed time: 111899 ms


Execution #147/10000

Seed: 147
Estimated max possible cost 362.698203
for path: 
0 1 2 3 4 5 6 7 8 9 10 11 12 13 14 15 16 17 18 19 20 21 
Execution time: 772 ms

Elapsed time: 112671 ms


Execution #148/10000

Seed: 148
Estimated max possible cost 362.698203
for path: 
0 1 2 3 4 5 6 7 8 9 10 11 12 13 14 15 16 17 18 19 20 21 
Execution time: 754 ms

Elapsed time: 113425 ms


Execution #149/10000

Seed: 149
Estimated max possible cost 362.698203
for path: 
0 1 2 3 4 5 6 7 8 9 10 11 12 13 14 15 16 17 18 19 20 21 
Execution time: 709 ms

Elapsed time: 114134 ms


Execution #150/10000

Seed: 150
Estimated max possible cost 362.698203
for path: 
0 1 2 3 4 5 6 7 8 9 10 11 12 13 14 15 16 17 18 19 20 21 
Execution time: 805 ms

Elapsed time: 114939 ms


Execution #151/10000

Seed: 151
Estimated max possible cost 362.698203
for path: 
0 1 2 3 4 5 6 7 8 9 10 11 12 13 14 15 16 17 18 19 20 21 
Execution time: 759 ms

Elapsed time: 115698 ms


Execution #152/10000

Seed: 152
Estimated max possible cost 362.698203
for path: 
0 1 2 3 4 5 6 7 8 9 10 11 12 13 14 15 16 17 18 19 20 21 
Execution time: 771 ms

Elapsed time: 116469 ms


Execution #153/10000

Seed: 153
Estimated max possible cost 362.698203
for path: 
0 1 2 3 4 5 6 7 8 9 10 11 12 13 14 15 16 17 18 19 20 21 
Execution time: 767 ms

Elapsed time: 117236 ms


Execution #154/10000

Seed: 154
Estimated max possible cost 362.698203
for path: 
0 1 2 3 4 5 6 7 8 9 10 11 12 13 14 15 16 17 18 19 20 21 
Execution time: 792 ms

Elapsed time: 118028 ms


Execution #155/10000

Seed: 155
Estimated max possible cost 362.698203
for path: 
0 1 2 3 4 5 6 7 8 9 10 11 12 13 14 15 16 17 18 19 20 21 
Execution time: 781 ms

Elapsed time: 118809 ms


Execution #156/10000

Seed: 156
Estimated max possible cost 362.698203
for path: 
0 1 2 3 4 5 6 7 8 9 10 11 12 13 14 15 16 17 18 19 20 21 
Execution time: 799 ms

Elapsed time: 119608 ms


Execution #157/10000

Seed: 157
Estimated max possible cost 362.698203
for path: 
0 1 2 3 4 5 6 7 8 9 10 11 12 13 14 15 16 17 18 19 20 21 
Execution time: 903 ms

Elapsed time: 120511 ms


Execution #158/10000

Seed: 158
Estimated max possible cost 362.698203
for path: 
0 1 2 3 4 5 6 7 8 9 10 11 12 13 14 15 16 17 18 19 20 21 
Execution time: 845 ms

Elapsed time: 121356 ms


Execution #159/10000

Seed: 159
Estimated max possible cost 362.698203
for path: 
0 1 2 3 4 5 6 7 8 9 10 11 12 13 14 15 16 17 18 19 20 21 
Execution time: 765 ms

Elapsed time: 122121 ms


Execution #160/10000

Seed: 160
Estimated max possible cost 362.698203
for path: 
