Solving SHP


Execution #1/10000

Seed: 1
Estimated max possible cost 365.238203
for path: 
0 1 2 3 4 5 6 7 8 9 10 11 12 13 14 15 16 17 18 19 20 21 22 
Memory needed for path: 25248641 locs, for costs: 26313518 locs.
Desired precision: 10000
Mem constraint for cost_t: 32 bits
Rounded to pow of 2 bytes mem constraint (capped at 64bits) for cost_t: 32 bits
Bits needed for an int to preserve precision: 22
Bits used per cost_t: 22
Selected cost_t = (u)int32_t
Solving with cost_t = j
Memory [GB] needed: 0.12154
Distances:
0, 5.08, 242.54, 232.423, 228.124, 218.013, 212.172, 212.044, 211.947, 211.88, 211.843, 211.837, 211.862, 211.917, 212.002, 212.117, 212.263, 212.44, 212.646, 212.882, 213.149, 196.958, 196.821, 
5.08, 0, 247.599, 237.481, 233.181, 223.068, 217.244, 217.119, 217.024, 216.959, 216.923, 216.917, 216.941, 216.995, 217.078, 217.191, 217.333, 217.505, 217.707, 217.938, 218.198, 202.029, 201.895, 
242.54, 247.599, 0, 10.16, 14.478, 24.638, 31.3255, 32.219, 33.2827, 34.501, 35.8581, 37.3389, 38.9292, 40.6162, 42.3883, 44.2354, 46.1484, 48.1194, 50.1417, 52.2092, 54.3168, 46.0364, 46.649, 
232.423, 237.481, 10.16, 0, 4.318, 14.478, 21.9236, 23.1823, 24.6393, 26.2617, 28.0207, 29.8922, 31.8565, 33.8973, 36.0018, 38.1592, 40.3612, 42.6009, 44.8725, 47.1716, 49.4942, 36.1805, 36.9568, 
228.124, 233.181, 14.478, 4.318, 0, 10.16, 18.1765, 19.6764, 21.3738, 23.2254, 25.1973, 27.2633, 29.4037, 31.6034, 33.8507, 36.1368, 38.4548, 40.7992, 43.1658, 45.5511, 47.9522, 32.0493, 32.9231, 
218.013, 223.068, 24.638, 14.478, 10.16, 0, 11.1326, 13.4428, 15.8236, 18.2474, 20.6991, 23.1698, 25.654, 28.1482, 30.6499, 33.1575, 35.6696, 38.1854, 40.7042, 43.2255, 45.7489, 22.606, 23.8287, 
212.172, 217.244, 31.3255, 21.9236, 18.1765, 11.1326, 0, 2.54, 5.08, 7.62, 10.16, 12.7, 15.24, 17.78, 20.32, 22.86, 25.4, 27.94, 30.48, 33.02, 35.56, 15.24, 15.4502, 
212.044, 217.119, 32.219, 23.1823, 19.6764, 13.4428, 2.54, 0, 2.54, 5.08, 7.62, 10.16, 12.7, 15.24, 17.78, 20.32, 22.86, 25.4, 27.94, 30.48, 33.02, 15.4502, 15.24, 
211.947, 217.024, 33.2827, 24.6393, 21.3738, 15.8236, 5.08, 2.54, 0, 2.54, 5.08, 7.62, 10.16, 12.7, 15.24, 17.78, 20.32, 22.86, 25.4, 27.94, 30.48, 16.0644, 15.4502, 
211.88, 216.959, 34.501, 26.2617, 23.2254, 18.2474, 7.62, 5.08, 2.54, 0, 2.54, 5.08, 7.62, 10.16, 12.7, 15.24, 17.78, 20.32, 22.86, 25.4, 27.94, 17.0388, 16.0644, 
211.843, 216.923, 35.8581, 28.0207, 25.1973, 20.6991, 10.16, 7.62, 5.08, 2.54, 0, 2.54, 5.08, 7.62, 10.16, 12.7, 15.24, 17.78, 20.32, 22.86, 25.4, 18.3162, 17.0388, 
211.837, 216.917, 37.3389, 29.8922, 27.2633, 23.1698, 12.7, 10.16, 7.62, 5.08, 2.54, 0, 2.54, 5.08, 7.62, 10.16, 12.7, 15.24, 17.78, 20.32, 22.86, 19.838, 18.3162, 
211.862, 216.941, 38.9292, 31.8565, 29.4037, 25.654, 15.24, 12.7, 10.16, 7.62, 5.08, 2.54, 0, 2.54, 5.08, 7.62, 10.16, 12.7, 15.24, 17.78, 20.32, 21.5526, 19.838, 
211.917, 216.995, 40.6162, 33.8973, 31.6034, 28.1482, 17.78, 15.24, 12.7, 10.16, 7.62, 5.08, 2.54, 0, 2.54, 5.08, 7.62, 10.16, 12.7, 15.24, 17.78, 23.4176, 21.5526, 
212.002, 217.078, 42.3883, 36.0018, 33.8507, 30.6499, 20.32, 17.78, 15.24, 12.7, 10.16, 7.62, 5.08, 2.54, 0, 2.54, 5.08, 7.62, 10.16, 12.7, 15.24, 25.4, 23.4176, 
212.117, 217.191, 44.2354, 38.1592, 36.1368, 33.1575, 22.86, 20.32, 17.78, 15.24, 12.7, 10.16, 7.62, 5.08, 2.54, 0, 2.54, 5.08, 7.62, 10.16, 12.7, 27.4743, 25.4, 
212.263, 217.333, 46.1484, 40.3612, 38.4548, 35.6696, 25.4, 22.86, 20.32, 17.78, 15.24, 12.7, 10.16, 7.62, 5.08, 2.54, 0, 2.54, 5.08, 7.62, 10.16, 29.6212, 27.4743, 
212.44, 217.505, 48.1194, 42.6009, 40.7992, 38.1854, 27.94, 25.4, 22.86, 20.32, 17.78, 15.24, 12.7, 10.16, 7.62, 5.08, 2.54, 0, 2.54, 5.08, 7.62, 31.8261, 29.6212, 
212.646, 217.707, 50.1417, 44.8725, 43.1658, 40.7042, 30.48, 27.94, 25.4, 22.86, 20.32, 17.78, 15.24, 12.7, 10.16, 7.62, 5.08, 2.54, 0, 2.54, 5.08, 34.0777, 31.8261, 
212.882, 217.938, 52.2092, 47.1716, 45.5511, 43.2255, 33.02, 30.48, 27.94, 25.4, 22.86, 20.32, 17.78, 15.24, 12.7, 10.16, 7.62, 5.08, 2.54, 0, 2.54, 36.3673, 34.0777, 
213.149, 218.198, 54.3168, 49.4942, 47.9522, 45.7489, 35.56, 33.02, 30.48, 27.94, 25.4, 22.86, 20.32, 17.78, 15.24, 12.7, 10.16, 7.62, 5.08, 2.54, 0, 38.6881, 36.3673, 
196.958, 202.029, 46.0364, 36.1805, 32.0493, 22.606, 15.24, 15.4502, 16.0644, 17.0388, 18.3162, 19.838, 21.5526, 23.4176, 25.4, 27.4743, 29.6212, 31.8261, 34.0777, 36.3673, 38.6881, 0, 2.54, 
196.821, 201.895, 46.649, 36.9568, 32.9231, 23.8287, 15.4502, 15.24, 15.4502, 16.0644, 17.0388, 18.3162, 19.838, 21.5526, 23.4176, 25.4, 27.4743, 29.6212, 31.8261, 34.0777, 36.3673, 2.54, 0, 
Scaled Distances:
0, 3.28237e+07, 3.10144e+09, 2.97071e+09, 2.91516e+09, 2.7845e+09, 2.70901e+09, 2.70736e+09, 2.7061e+09, 2.70524e+09, 2.70477e+09, 2.70469e+09, 2.705e+09, 2.70571e+09, 2.70681e+09, 2.70831e+09, 2.71019e+09, 2.71247e+09, 2.71514e+09, 2.71819e+09, 2.72164e+09, 2.51241e+09, 2.51063e+09, 
3.28237e+07, 0, 3.16683e+09, 3.03607e+09, 2.98051e+09, 2.84982e+09, 2.77456e+09, 2.77295e+09, 2.77172e+09, 2.77087e+09, 2.77041e+09, 2.77033e+09, 2.77064e+09, 2.77133e+09, 2.77241e+09, 2.77387e+09, 2.77571e+09, 2.77793e+09, 2.78054e+09, 2.78353e+09, 2.78689e+09, 2.57794e+09, 2.5762e+09, 
3.10144e+09, 3.16683e+09, 0, 9.8471e+07, 1.54271e+08, 2.85566e+08, 3.71987e+08, 3.83533e+08, 3.97279e+08, 4.13023e+08, 4.3056e+08, 4.49695e+08, 4.70247e+08, 4.92047e+08, 5.14948e+08, 5.38817e+08, 5.63538e+08, 5.89009e+08, 6.15142e+08, 6.4186e+08, 6.69096e+08, 5.62091e+08, 5.70007e+08, 
2.97071e+09, 3.03607e+09, 9.8471e+07, 0, 2.29766e+07, 1.54271e+08, 2.50489e+08, 2.66754e+08, 2.85583e+08, 3.06548e+08, 3.2928e+08, 3.53465e+08, 3.78848e+08, 4.05222e+08, 4.32416e+08, 4.60297e+08, 4.88753e+08, 5.17695e+08, 5.47051e+08, 5.76761e+08, 6.06775e+08, 4.34726e+08, 4.44758e+08, 
2.91516e+09, 2.98051e+09, 1.54271e+08, 2.29766e+07, 0, 9.8471e+07, 2.02066e+08, 2.21449e+08, 2.43383e+08, 2.67311e+08, 2.92793e+08, 3.19492e+08, 3.47152e+08, 3.75577e+08, 4.04619e+08, 4.34162e+08, 4.64116e+08, 4.94413e+08, 5.24995e+08, 5.55819e+08, 5.86849e+08, 3.8134e+08, 3.92632e+08, 
2.7845e+09, 2.84982e+09, 2.85566e+08, 1.54271e+08, 9.8471e+07, 0, 1.1104e+08, 1.40894e+08, 1.7166e+08, 2.02982e+08, 2.34664e+08, 2.66592e+08, 2.98695e+08, 3.30927e+08, 3.63256e+08, 3.9566e+08, 4.28124e+08, 4.60635e+08, 4.93185e+08, 5.25767e+08, 5.58376e+08, 2.59307e+08, 2.75107e+08, 
2.70901e+09, 2.77456e+09, 3.71987e+08, 2.50489e+08, 2.02066e+08, 1.1104e+08, 0, 0, 3.28237e+07, 6.56473e+07, 9.8471e+07, 1.31295e+08, 1.64118e+08, 1.96942e+08, 2.29766e+08, 2.62589e+08, 2.95413e+08, 3.28237e+08, 3.6106e+08, 3.93884e+08, 4.26708e+08, 1.64118e+08, 1.66835e+08, 
2.70736e+09, 2.77295e+09, 3.83533e+08, 2.66754e+08, 2.21449e+08, 1.40894e+08, 0, 0, 0, 3.28237e+07, 6.56473e+07, 9.8471e+07, 1.31295e+08, 1.64118e+08, 1.96942e+08, 2.29766e+08, 2.62589e+08, 2.95413e+08, 3.28237e+08, 3.6106e+08, 3.93884e+08, 1.66835e+08, 1.64118e+08, 
2.7061e+09, 2.77172e+09, 3.97279e+08, 2.85583e+08, 2.43383e+08, 1.7166e+08, 3.28237e+07, 0, 0, 0, 3.28237e+07, 6.56473e+07, 9.8471e+07, 1.31295e+08, 1.64118e+08, 1.96942e+08, 2.29766e+08, 2.62589e+08, 2.95413e+08, 3.28237e+08, 3.6106e+08, 1.74771e+08, 1.66835e+08, 
2.70524e+09, 2.77087e+09, 4.13023e+08, 3.06548e+08, 2.67311e+08, 2.02982e+08, 6.56473e+07, 3.28237e+07, 0, 0, 0, 3.28237e+07, 6.56473e+07, 9.8471e+07, 1.31295e+08, 1.64118e+08, 1.96942e+08, 2.29766e+08, 2.62589e+08, 2.95413e+08, 3.28237e+08, 1.87364e+08, 1.74771e+08, 
2.70477e+09, 2.77041e+09, 4.3056e+08, 3.2928e+08, 2.92793e+08, 2.34664e+08, 9.8471e+07, 6.56473e+07, 3.28237e+07, 0, 0, 0, 3.28237e+07, 6.56473e+07, 9.8471e+07, 1.31295e+08, 1.64118e+08, 1.96942e+08, 2.29766e+08, 2.62589e+08, 2.95413e+08, 2.03871e+08, 1.87364e+08, 
2.70469e+09, 2.77033e+09, 4.49695e+08, 3.53465e+08, 3.19492e+08, 2.66592e+08, 1.31295e+08, 9.8471e+07, 6.56473e+07, 3.28237e+07, 0, 0, 0, 3.28237e+07, 6.56473e+07, 9.8471e+07, 1.31295e+08, 1.64118e+08, 1.96942e+08, 2.29766e+08, 2.62589e+08, 2.23537e+08, 2.03871e+08, 
2.705e+09, 2.77064e+09, 4.70247e+08, 3.78848e+08, 3.47152e+08, 2.98695e+08, 1.64118e+08, 1.31295e+08, 9.8471e+07, 6.56473e+07, 3.28237e+07, 0, 0, 0, 3.28237e+07, 6.56473e+07, 9.8471e+07, 1.31295e+08, 1.64118e+08, 1.96942e+08, 2.29766e+08, 2.45694e+08, 2.23537e+08, 
2.70571e+09, 2.77133e+09, 4.92047e+08, 4.05222e+08, 3.75577e+08, 3.30927e+08, 1.96942e+08, 1.64118e+08, 1.31295e+08, 9.8471e+07, 6.56473e+07, 3.28237e+07, 0, 0, 0, 3.28237e+07, 6.56473e+07, 9.8471e+07, 1.31295e+08, 1.64118e+08, 1.96942e+08, 2.69796e+08, 2.45694e+08, 
2.70681e+09, 2.77241e+09, 5.14948e+08, 4.32416e+08, 4.04619e+08, 3.63256e+08, 2.29766e+08, 1.96942e+08, 1.64118e+08, 1.31295e+08, 9.8471e+07, 6.56473e+07, 3.28237e+07, 0, 0, 0, 3.28237e+07, 6.56473e+07, 9.8471e+07, 1.31295e+08, 1.64118e+08, 2.95413e+08, 2.69796e+08, 
2.70831e+09, 2.77387e+09, 5.38817e+08, 4.60297e+08, 4.34162e+08, 3.9566e+08, 2.62589e+08, 2.29766e+08, 1.96942e+08, 1.64118e+08, 1.31295e+08, 9.8471e+07, 6.56473e+07, 3.28237e+07, 0, 0, 0, 3.28237e+07, 6.56473e+07, 9.8471e+07, 1.31295e+08, 3.22219e+08, 2.95413e+08, 
2.71019e+09, 2.77571e+09, 5.63538e+08, 4.88753e+08, 4.64116e+08, 4.28124e+08, 2.95413e+08, 2.62589e+08, 2.29766e+08, 1.96942e+08, 1.64118e+08, 1.31295e+08, 9.8471e+07, 6.56473e+07, 3.28237e+07, 0, 0, 0, 3.28237e+07, 6.56473e+07, 9.8471e+07, 3.49963e+08, 3.22219e+08, 
2.71247e+09, 2.77793e+09, 5.89009e+08, 5.17695e+08, 4.94413e+08, 4.60635e+08, 3.28237e+08, 2.95413e+08, 2.62589e+08, 2.29766e+08, 1.96942e+08, 1.64118e+08, 1.31295e+08, 9.8471e+07, 6.56473e+07, 3.28237e+07, 0, 0, 0, 3.28237e+07, 6.56473e+07, 3.78456e+08, 3.49963e+08, 
2.71514e+09, 2.78054e+09, 6.15142e+08, 5.47051e+08, 5.24995e+08, 4.93185e+08, 3.6106e+08, 3.28237e+08, 2.95413e+08, 2.62589e+08, 2.29766e+08, 1.96942e+08, 1.64118e+08, 1.31295e+08, 9.8471e+07, 6.56473e+07, 3.28237e+07, 0, 0, 0, 3.28237e+07, 4.07552e+08, 3.78456e+08, 
2.71819e+09, 2.78353e+09, 6.4186e+08, 5.76761e+08, 5.55819e+08, 5.25767e+08, 3.93884e+08, 3.6106e+08, 3.28237e+08, 2.95413e+08, 2.62589e+08, 2.29766e+08, 1.96942e+08, 1.64118e+08, 1.31295e+08, 9.8471e+07, 6.56473e+07, 3.28237e+07, 0, 0, 0, 4.3714e+08, 4.07552e+08, 
2.72164e+09, 2.78689e+09, 6.69096e+08, 6.06775e+08, 5.86849e+08, 5.58376e+08, 4.26708e+08, 3.93884e+08, 3.6106e+08, 3.28237e+08, 2.95413e+08, 2.62589e+08, 2.29766e+08, 1.96942e+08, 1.64118e+08, 1.31295e+08, 9.8471e+07, 6.56473e+07, 3.28237e+07, 0, 0, 4.67132e+08, 4.3714e+08, 
2.51241e+09, 2.57794e+09, 5.62091e+08, 4.34726e+08, 3.8134e+08, 2.59307e+08, 1.64118e+08, 1.66835e+08, 1.74771e+08, 1.87364e+08, 2.03871e+08, 2.23537e+08, 2.45694e+08, 2.69796e+08, 2.95413e+08, 3.22219e+08, 3.49963e+08, 3.78456e+08, 4.07552e+08, 4.3714e+08, 4.67132e+08, 0, 0, 
2.51063e+09, 2.5762e+09, 5.70007e+08, 4.44758e+08, 3.92632e+08, 2.75107e+08, 1.66835e+08, 1.64118e+08, 1.66835e+08, 1.74771e+08, 1.87364e+08, 2.03871e+08, 2.23537e+08, 2.45694e+08, 2.69796e+08, 2.95413e+08, 3.22219e+08, 3.49963e+08, 3.78456e+08, 4.07552e+08, 4.3714e+08, 0, 0, 
Optimal total distance (scaled) for 23 points: 3.31333e+09
Optimal total distance for 23 points: 312.276011
Corresponding path (0-indexed):
Point #2
Point #3
Point #4
Point #5
Point #6
Point #7
Point #8
Point #9
Point #10
Point #11
Point #12
Point #13
Point #14
Point #15
Point #16
Point #17
Point #18
Point #19
Point #20
Point #22
Point #21
Point #0
Point #1
Execution time: 1876 ms

Elapsed time: 1876 ms


Execution #2/10000

Seed: 2
Estimated max possible cost 365.238203
for path: 
0 1 2 3 4 5 6 7 8 9 10 11 12 13 14 15 16 17 18 19 20 21 22 
Execution time: 1773 ms

Elapsed time: 3649 ms


Execution #3/10000

Seed: 3
Estimated max possible cost 365.238203
for path: 
0 1 2 3 4 5 6 7 8 9 10 11 12 13 14 15 16 17 18 19 20 21 22 
Execution time: 1960 ms

Elapsed time: 5609 ms


Execution #4/10000

Seed: 4
Estimated max possible cost 365.238203
for path: 
0 1 2 3 4 5 6 7 8 9 10 11 12 13 14 15 16 17 18 19 20 21 22 
Execution time: 1854 ms

Elapsed time: 7463 ms


Execution #5/10000

Seed: 5
Estimated max possible cost 365.238203
for path: 
0 1 2 3 4 5 6 7 8 9 10 11 12 13 14 15 16 17 18 19 20 21 22 
Execution time: 1844 ms

Elapsed time: 9307 ms


Execution #6/10000

Seed: 6
Estimated max possible cost 365.238203
for path: 
0 1 2 3 4 5 6 7 8 9 10 11 12 13 14 15 16 17 18 19 20 21 22 
Execution time: 1921 ms

Elapsed time: 11228 ms


Execution #7/10000

Seed: 7
Estimated max possible cost 365.238203
for path: 
0 1 2 3 4 5 6 7 8 9 10 11 12 13 14 15 16 17 18 19 20 21 22 
Execution time: 1718 ms

Elapsed time: 12946 ms


Execution #8/10000

Seed: 8
Estimated max possible cost 365.238203
for path: 
0 1 2 3 4 5 6 7 8 9 10 11 12 13 14 15 16 17 18 19 20 21 22 
Execution time: 1925 ms

Elapsed time: 14871 ms


Execution #9/10000

Seed: 9
Estimated max possible cost 365.238203
for path: 
0 1 2 3 4 5 6 7 8 9 10 11 12 13 14 15 16 17 18 19 20 21 22 
Execution time: 1919 ms

Elapsed time: 16790 ms


Execution #10/10000

Seed: 10
Estimated max possible cost 365.238203
for path: 
0 1 2 3 4 5 6 7 8 9 10 11 12 13 14 15 16 17 18 19 20 21 22 
Execution time: 1870 ms

Elapsed time: 18660 ms


Execution #11/10000

Seed: 11
Estimated max possible cost 365.238203
for path: 
0 1 2 3 4 5 6 7 8 9 10 11 12 13 14 15 16 17 18 19 20 21 22 
Execution time: 1778 ms

Elapsed time: 20438 ms


Execution #12/10000

Seed: 12
Estimated max possible cost 365.238203
for path: 
0 1 2 3 4 5 6 7 8 9 10 11 12 13 14 15 16 17 18 19 20 21 22 
Execution time: 1883 ms

Elapsed time: 22321 ms


Execution #13/10000

Seed: 13
Estimated max possible cost 365.238203
for path: 
0 1 2 3 4 5 6 7 8 9 10 11 12 13 14 15 16 17 18 19 20 21 22 
Execution time: 1854 ms

Elapsed time: 24175 ms


Execution #14/10000

Seed: 14
Estimated max possible cost 365.238203
for path: 
0 1 2 3 4 5 6 7 8 9 10 11 12 13 14 15 16 17 18 19 20 21 22 
Execution time: 1845 ms

Elapsed time: 26020 ms


Execution #15/10000

Seed: 15
Estimated max possible cost 365.238203
for path: 
0 1 2 3 4 5 6 7 8 9 10 11 12 13 14 15 16 17 18 19 20 21 22 
Execution time: 1630 ms

Elapsed time: 27650 ms


Execution #16/10000

Seed: 16
Estimated max possible cost 365.238203
for path: 
0 1 2 3 4 5 6 7 8 9 10 11 12 13 14 15 16 17 18 19 20 21 22 
Execution time: 1738 ms

Elapsed time: 29388 ms


Execution #17/10000

Seed: 17
Estimated max possible cost 365.238203
for path: 
0 1 2 3 4 5 6 7 8 9 10 11 12 13 14 15 16 17 18 19 20 21 22 
Execution time: 1774 ms

Elapsed time: 31162 ms


Execution #18/10000

Seed: 18
Estimated max possible cost 365.238203
for path: 
0 1 2 3 4 5 6 7 8 9 10 11 12 13 14 15 16 17 18 19 20 21 22 
Execution time: 1968 ms

Elapsed time: 33130 ms


Execution #19/10000

Seed: 19
Estimated max possible cost 365.238203
for path: 
0 1 2 3 4 5 6 7 8 9 10 11 12 13 14 15 16 17 18 19 20 21 22 
Execution time: 1888 ms

Elapsed time: 35018 ms


Execution #20/10000

Seed: 20
Estimated max possible cost 365.238203
for path: 
0 1 2 3 4 5 6 7 8 9 10 11 12 13 14 15 16 17 18 19 20 21 22 
Execution time: 1762 ms

Elapsed time: 36780 ms


Execution #21/10000

Seed: 21
Estimated max possible cost 365.238203
for path: 
0 1 2 3 4 5 6 7 8 9 10 11 12 13 14 15 16 17 18 19 20 21 22 
Execution time: 1729 ms

Elapsed time: 38509 ms


Execution #22/10000

Seed: 22
Estimated max possible cost 365.238203
for path: 
0 1 2 3 4 5 6 7 8 9 10 11 12 13 14 15 16 17 18 19 20 21 22 
Execution time: 1813 ms

Elapsed time: 40322 ms


Execution #23/10000

Seed: 23
Estimated max possible cost 365.238203
for path: 
0 1 2 3 4 5 6 7 8 9 10 11 12 13 14 15 16 17 18 19 20 21 22 
Execution time: 1735 ms

Elapsed time: 42057 ms


Execution #24/10000

Seed: 24
Estimated max possible cost 365.238203
for path: 
0 1 2 3 4 5 6 7 8 9 10 11 12 13 14 15 16 17 18 19 20 21 22 
Execution time: 1758 ms

Elapsed time: 43815 ms


Execution #25/10000

Seed: 25
Estimated max possible cost 365.238203
for path: 
0 1 2 3 4 5 6 7 8 9 10 11 12 13 14 15 16 17 18 19 20 21 22 
Execution time: 1852 ms

Elapsed time: 45667 ms


Execution #26/10000

Seed: 26
Estimated max possible cost 365.238203
for path: 
0 1 2 3 4 5 6 7 8 9 10 11 12 13 14 15 16 17 18 19 20 21 22 
Execution time: 1644 ms

Elapsed time: 47311 ms


Execution #27/10000

Seed: 27
Estimated max possible cost 365.238203
for path: 
0 1 2 3 4 5 6 7 8 9 10 11 12 13 14 15 16 17 18 19 20 21 22 
Execution time: 1792 ms

Elapsed time: 49103 ms


Execution #28/10000

Seed: 28
Estimated max possible cost 365.238203
for path: 
0 1 2 3 4 5 6 7 8 9 10 11 12 13 14 15 16 17 18 19 20 21 22 
Execution time: 1943 ms

Elapsed time: 51046 ms


Execution #29/10000

Seed: 29
Estimated max possible cost 365.238203
for path: 
0 1 2 3 4 5 6 7 8 9 10 11 12 13 14 15 16 17 18 19 20 21 22 
Execution time: 1780 ms

Elapsed time: 52826 ms


Execution #30/10000

Seed: 30
Estimated max possible cost 365.238203
for path: 
0 1 2 3 4 5 6 7 8 9 10 11 12 13 14 15 16 17 18 19 20 21 22 
Execution time: 1960 ms

Elapsed time: 54786 ms


Execution #31/10000

Seed: 31
Estimated max possible cost 365.238203
for path: 
0 1 2 3 4 5 6 7 8 9 10 11 12 13 14 15 16 17 18 19 20 21 22 
Execution time: 1843 ms

Elapsed time: 56629 ms


Execution #32/10000

Seed: 32
Estimated max possible cost 365.238203
for path: 
0 1 2 3 4 5 6 7 8 9 10 11 12 13 14 15 16 17 18 19 20 21 22 
Execution time: 1849 ms

Elapsed time: 58478 ms


Execution #33/10000

Seed: 33
Estimated max possible cost 365.238203
for path: 
0 1 2 3 4 5 6 7 8 9 10 11 12 13 14 15 16 17 18 19 20 21 22 
Execution time: 1726 ms

Elapsed time: 60204 ms


Execution #34/10000

Seed: 34
Estimated max possible cost 365.238203
for path: 
0 1 2 3 4 5 6 7 8 9 10 11 12 13 14 15 16 17 18 19 20 21 22 
Execution time: 1787 ms

Elapsed time: 61991 ms


Execution #35/10000

Seed: 35
Estimated max possible cost 365.238203
for path: 
0 1 2 3 4 5 6 7 8 9 10 11 12 13 14 15 16 17 18 19 20 21 22 
Execution time: 1749 ms

Elapsed time: 63740 ms


Execution #36/10000

Seed: 36
Estimated max possible cost 365.238203
for path: 
0 1 2 3 4 5 6 7 8 9 10 11 12 13 14 15 16 17 18 19 20 21 22 
Execution time: 1745 ms

Elapsed time: 65485 ms


Execution #37/10000

Seed: 37
Estimated max possible cost 365.238203
for path: 
0 1 2 3 4 5 6 7 8 9 10 11 12 13 14 15 16 17 18 19 20 21 22 
Execution time: 1912 ms

Elapsed time: 67397 ms


Execution #38/10000

Seed: 38
Estimated max possible cost 365.238203
for path: 
0 1 2 3 4 5 6 7 8 9 10 11 12 13 14 15 16 17 18 19 20 21 22 
Execution time: 1977 ms

Elapsed time: 69374 ms


Execution #39/10000

Seed: 39
Estimated max possible cost 365.238203
for path: 
0 1 2 3 4 5 6 7 8 9 10 11 12 13 14 15 16 17 18 19 20 21 22 
Execution time: 1781 ms

Elapsed time: 71155 ms


Execution #40/10000

Seed: 40
Estimated max possible cost 365.238203
for path: 
0 1 2 3 4 5 6 7 8 9 10 11 12 13 14 15 16 17 18 19 20 21 22 
Execution time: 1940 ms

Elapsed time: 73095 ms


Execution #41/10000

Seed: 41
Estimated max possible cost 365.238203
for path: 
0 1 2 3 4 5 6 7 8 9 10 11 12 13 14 15 16 17 18 19 20 21 22 
Execution time: 1859 ms

Elapsed time: 74954 ms


Execution #42/10000

Seed: 42
Estimated max possible cost 365.238203
for path: 
0 1 2 3 4 5 6 7 8 9 10 11 12 13 14 15 16 17 18 19 20 21 22 
Execution time: 1854 ms

Elapsed time: 76808 ms


Execution #43/10000

Seed: 43
Estimated max possible cost 365.238203
for path: 
0 1 2 3 4 5 6 7 8 9 10 11 12 13 14 15 16 17 18 19 20 21 22 
Execution time: 1781 ms

Elapsed time: 78589 ms


Execution #44/10000

Seed: 44
Estimated max possible cost 365.238203
for path: 
0 1 2 3 4 5 6 7 8 9 10 11 12 13 14 15 16 17 18 19 20 21 22 
Execution time: 1831 ms

Elapsed time: 80420 ms


Execution #45/10000

Seed: 45
Estimated max possible cost 365.238203
for path: 
0 1 2 3 4 5 6 7 8 9 10 11 12 13 14 15 16 17 18 19 20 21 22 
Execution time: 1840 ms

Elapsed time: 82260 ms


Execution #46/10000

Seed: 46
Estimated max possible cost 365.238203
for path: 
0 1 2 3 4 5 6 7 8 9 10 11 12 13 14 15 16 17 18 19 20 21 22 
Execution time: 1724 ms

Elapsed time: 83984 ms


Execution #47/10000

Seed: 47
Estimated max possible cost 365.238203
for path: 
0 1 2 3 4 5 6 7 8 9 10 11 12 13 14 15 16 17 18 19 20 21 22 
Execution time: 1896 ms

Elapsed time: 85880 ms


Execution #48/10000

Seed: 48
Estimated max possible cost 365.238203
for path: 
0 1 2 3 4 5 6 7 8 9 10 11 12 13 14 15 16 17 18 19 20 21 22 
Execution time: 1693 ms

Elapsed time: 87573 ms


Execution #49/10000

Seed: 49
Estimated max possible cost 365.238203
for path: 
0 1 2 3 4 5 6 7 8 9 10 11 12 13 14 15 16 17 18 19 20 21 22 
Execution time: 1801 ms

Elapsed time: 89374 ms


Execution #50/10000

Seed: 50
Estimated max possible cost 365.238203
for path: 
0 1 2 3 4 5 6 7 8 9 10 11 12 13 14 15 16 17 18 19 20 21 22 
Execution time: 1780 ms

Elapsed time: 91154 ms


Execution #51/10000

Seed: 51
Estimated max possible cost 365.238203
for path: 
0 1 2 3 4 5 6 7 8 9 10 11 12 13 14 15 16 17 18 19 20 21 22 
Execution time: 1769 ms

Elapsed time: 92923 ms


Execution #52/10000

Seed: 52
Estimated max possible cost 365.238203
for path: 
0 1 2 3 4 5 6 7 8 9 10 11 12 13 14 15 16 17 18 19 20 21 22 
Execution time: 1800 ms

Elapsed time: 94723 ms


Execution #53/10000

Seed: 53
Estimated max possible cost 365.238203
for path: 
0 1 2 3 4 5 6 7 8 9 10 11 12 13 14 15 16 17 18 19 20 21 22 
Execution time: 1783 ms

Elapsed time: 96506 ms


Execution #54/10000

Seed: 54
Estimated max possible cost 365.238203
for path: 
0 1 2 3 4 5 6 7 8 9 10 11 12 13 14 15 16 17 18 19 20 21 22 
Execution time: 1809 ms

Elapsed time: 98315 ms


Execution #55/10000

Seed: 55
Estimated max possible cost 365.238203
for path: 
0 1 2 3 4 5 6 7 8 9 10 11 12 13 14 15 16 17 18 19 20 21 22 
Execution time: 1850 ms

Elapsed time: 100165 ms


Execution #56/10000

Seed: 56
Estimated max possible cost 365.238203
for path: 
0 1 2 3 4 5 6 7 8 9 10 11 12 13 14 15 16 17 18 19 20 21 22 
Execution time: 1938 ms

Elapsed time: 102103 ms


Execution #57/10000

Seed: 57
Estimated max possible cost 365.238203
for path: 
0 1 2 3 4 5 6 7 8 9 10 11 12 13 14 15 16 17 18 19 20 21 22 
Execution time: 1808 ms

Elapsed time: 103911 ms


Execution #58/10000

Seed: 58
Estimated max possible cost 365.238203
for path: 
0 1 2 3 4 5 6 7 8 9 10 11 12 13 14 15 16 17 18 19 20 21 22 
Execution time: 1952 ms

Elapsed time: 105863 ms


Execution #59/10000

Seed: 59
Estimated max possible cost 365.238203
for path: 
0 1 2 3 4 5 6 7 8 9 10 11 12 13 14 15 16 17 18 19 20 21 22 
Execution time: 1736 ms

Elapsed time: 107599 ms


Execution #60/10000

Seed: 60
Estimated max possible cost 365.238203
for path: 
0 1 2 3 4 5 6 7 8 9 10 11 12 13 14 15 16 17 18 19 20 21 22 
Execution time: 1859 ms

Elapsed time: 109458 ms


Execution #61/10000

Seed: 61
Estimated max possible cost 365.238203
for path: 
0 1 2 3 4 5 6 7 8 9 10 11 12 13 14 15 16 17 18 19 20 21 22 
Execution time: 1779 ms

Elapsed time: 111237 ms


Execution #62/10000

Seed: 62
Estimated max possible cost 365.238203
for path: 
0 1 2 3 4 5 6 7 8 9 10 11 12 13 14 15 16 17 18 19 20 21 22 
Execution time: 1931 ms

Elapsed time: 113168 ms


Execution #63/10000

Seed: 63
Estimated max possible cost 365.238203
for path: 
0 1 2 3 4 5 6 7 8 9 10 11 12 13 14 15 16 17 18 19 20 21 22 
Execution time: 1681 ms

Elapsed time: 114849 ms


Execution #64/10000

Seed: 64
Estimated max possible cost 365.238203
for path: 
0 1 2 3 4 5 6 7 8 9 10 11 12 13 14 15 16 17 18 19 20 21 22 
Execution time: 1906 ms

Elapsed time: 116755 ms


Execution #65/10000

Seed: 65
Estimated max possible cost 365.238203
for path: 
0 1 2 3 4 5 6 7 8 9 10 11 12 13 14 15 16 17 18 19 20 21 22 
Execution time: 1852 ms

Elapsed time: 118607 ms


Execution #66/10000

Seed: 66
Estimated max possible cost 365.238203
for path: 
0 1 2 3 4 5 6 7 8 9 10 11 12 13 14 15 16 17 18 19 20 21 22 
Execution time: 1879 ms

Elapsed time: 120486 ms


Execution #67/10000

Seed: 67
Estimated max possible cost 365.238203
for path: 
0 1 2 3 4 5 6 7 8 9 10 11 12 13 14 15 16 17 18 19 20 21 22 
Execution time: 1746 ms

Elapsed time: 122232 ms


Execution #68/10000

Seed: 68
Estimated max possible cost 365.238203
for path: 
0 1 2 3 4 5 6 7 8 9 10 11 12 13 14 15 16 17 18 19 20 21 22 
Execution time: 1746 ms

Elapsed time: 123978 ms


Execution #69/10000

Seed: 69
Estimated max possible cost 365.238203
for path: 
0 1 2 3 4 5 6 7 8 9 10 11 12 13 14 15 16 17 18 19 20 21 22 
Execution time: 1759 ms

Elapsed time: 125737 ms


Execution #70/10000

Seed: 70
Estimated max possible cost 365.238203
for path: 
0 1 2 3 4 5 6 7 8 9 10 11 12 13 14 15 16 17 18 19 20 21 22 
Execution time: 1868 ms

Elapsed time: 127605 ms


Execution #71/10000

Seed: 71
Estimated max possible cost 365.238203
for path: 
0 1 2 3 4 5 6 7 8 9 10 11 12 13 14 15 16 17 18 19 20 21 22 
Execution time: 1775 ms

Elapsed time: 129380 ms


Execution #72/10000

Seed: 72
Estimated max possible cost 365.238203
for path: 
0 1 2 3 4 5 6 7 8 9 10 11 12 13 14 15 16 17 18 19 20 21 22 
Execution time: 1996 ms

Elapsed time: 131376 ms


Execution #73/10000

Seed: 73
Estimated max possible cost 365.238203
for path: 
0 1 2 3 4 5 6 7 8 9 10 11 12 13 14 15 16 17 18 19 20 21 22 
Execution time: 1757 ms

Elapsed time: 133133 ms


Execution #74/10000

Seed: 74
Estimated max possible cost 365.238203
for path: 
0 1 2 3 4 5 6 7 8 9 10 11 12 13 14 15 16 17 18 19 20 21 22 
Execution time: 1772 ms

Elapsed time: 134905 ms


Execution #75/10000

Seed: 75
Estimated max possible cost 365.238203
for path: 
0 1 2 3 4 5 6 7 8 9 10 11 12 13 14 15 16 17 18 19 20 21 22 
Execution time: 1829 ms

Elapsed time: 136734 ms


Execution #76/10000

Seed: 76
Estimated max possible cost 365.238203
for path: 
0 1 2 3 4 5 6 7 8 9 10 11 12 13 14 15 16 17 18 19 20 21 22 
Execution time: 1906 ms

Elapsed time: 138640 ms


Execution #77/10000

Seed: 77
Estimated max possible cost 365.238203
for path: 
0 1 2 3 4 5 6 7 8 9 10 11 12 13 14 15 16 17 18 19 20 21 22 
Execution time: 1808 ms

Elapsed time: 140448 ms


Execution #78/10000

Seed: 78
Estimated max possible cost 365.238203
for path: 
0 1 2 3 4 5 6 7 8 9 10 11 12 13 14 15 16 17 18 19 20 21 22 
Execution time: 1767 ms

Elapsed time: 142215 ms


Execution #79/10000

Seed: 79
Estimated max possible cost 365.238203
for path: 
0 1 2 3 4 5 6 7 8 9 10 11 12 13 14 15 16 17 18 19 20 21 22 
Execution time: 1778 ms

Elapsed time: 143993 ms


Execution #80/10000

Seed: 80
Estimated max possible cost 365.238203
for path: 
0 1 2 3 4 5 6 7 8 9 10 11 12 13 14 15 16 17 18 19 20 21 22 
Execution time: 1801 ms

Elapsed time: 145794 ms


Execution #81/10000

Seed: 81
Estimated max possible cost 365.238203
for path: 
0 1 2 3 4 5 6 7 8 9 10 11 12 13 14 15 16 17 18 19 20 21 22 
Execution time: 1779 ms

Elapsed time: 147573 ms


Execution #82/10000

Seed: 82
Estimated max possible cost 365.238203
for path: 
0 1 2 3 4 5 6 7 8 9 10 11 12 13 14 15 16 17 18 19 20 21 22 
Execution time: 1805 ms

Elapsed time: 149378 ms


Execution #83/10000

Seed: 83
Estimated max possible cost 365.238203
for path: 
0 1 2 3 4 5 6 7 8 9 10 11 12 13 14 15 16 17 18 19 20 21 22 
Execution time: 1737 ms

Elapsed time: 151115 ms


Execution #84/10000

Seed: 84
Estimated max possible cost 365.238203
for path: 
0 1 2 3 4 5 6 7 8 9 10 11 12 13 14 15 16 17 18 19 20 21 22 
Execution time: 1831 ms

Elapsed time: 152946 ms


Execution #85/10000

Seed: 85
Estimated max possible cost 365.238203
for path: 
0 1 2 3 4 5 6 7 8 9 10 11 12 13 14 15 16 17 18 19 20 21 22 
Execution time: 1667 ms

Elapsed time: 154613 ms


Execution #86/10000

Seed: 86
Estimated max possible cost 365.238203
for path: 
0 1 2 3 4 5 6 7 8 9 10 11 12 13 14 15 16 17 18 19 20 21 22 
Execution time: 1900 ms

Elapsed time: 156513 ms


Execution #87/10000

Seed: 87
Estimated max possible cost 365.238203
for path: 
0 1 2 3 4 5 6 7 8 9 10 11 12 13 14 15 16 17 18 19 20 21 22 
Execution time: 1801 ms

Elapsed time: 158314 ms


Execution #88/10000

Seed: 88
Estimated max possible cost 365.238203
for path: 
0 1 2 3 4 5 6 7 8 9 10 11 12 13 14 15 16 17 18 19 20 21 22 
Execution time: 1869 ms

Elapsed time: 160183 ms


Execution #89/10000

Seed: 89
Estimated max possible cost 365.238203
for path: 
0 1 2 3 4 5 6 7 8 9 10 11 12 13 14 15 16 17 18 19 20 21 22 
Execution time: 1728 ms

Elapsed time: 161911 ms


Execution #90/10000

Seed: 90
Estimated max possible cost 365.238203
for path: 
0 1 2 3 4 5 6 7 8 9 10 11 12 13 14 15 16 17 18 19 20 21 22 
Execution time: 1932 ms

Elapsed time: 163843 ms


Execution #91/10000

Seed: 91
Estimated max possible cost 365.238203
for path: 
0 1 2 3 4 5 6 7 8 9 10 11 12 13 14 15 16 17 18 19 20 21 22 
Execution time: 1694 ms

Elapsed time: 165537 ms


Execution #92/10000

Seed: 92
Estimated max possible cost 365.238203
for path: 
0 1 2 3 4 5 6 7 8 9 10 11 12 13 14 15 16 17 18 19 20 21 22 
Execution time: 1897 ms

Elapsed time: 167434 ms


Execution #93/10000

Seed: 93
Estimated max possible cost 365.238203
for path: 
0 1 2 3 4 5 6 7 8 9 10 11 12 13 14 15 16 17 18 19 20 21 22 
Execution time: 1766 ms

Elapsed time: 169200 ms


Execution #94/10000

Seed: 94
Estimated max possible cost 365.238203
for path: 
0 1 2 3 4 5 6 7 8 9 10 11 12 13 14 15 16 17 18 19 20 21 22 
Execution time: 1898 ms

Elapsed time: 171098 ms


Execution #95/10000

Seed: 95
Estimated max possible cost 365.238203
for path: 
0 1 2 3 4 5 6 7 8 9 10 11 12 13 14 15 16 17 18 19 20 21 22 
Execution time: 1902 ms

Elapsed time: 173000 ms


Execution #96/10000

Seed: 96
Estimated max possible cost 365.238203
for path: 
0 1 2 3 4 5 6 7 8 9 10 11 12 13 14 15 16 17 18 19 20 21 22 
Execution time: 1735 ms

Elapsed time: 174735 ms


Execution #97/10000

Seed: 97
Estimated max possible cost 365.238203
for path: 
0 1 2 3 4 5 6 7 8 9 10 11 12 13 14 15 16 17 18 19 20 21 22 
Execution time: 1837 ms

Elapsed time: 176572 ms


Execution #98/10000

Seed: 98
Estimated max possible cost 365.238203
for path: 
0 1 2 3 4 5 6 7 8 9 10 11 12 13 14 15 16 17 18 19 20 21 22 
Execution time: 1939 ms

Elapsed time: 178511 ms


Execution #99/10000

Seed: 99
Estimated max possible cost 365.238203
for path: 
0 1 2 3 4 5 6 7 8 9 10 11 12 13 14 15 16 17 18 19 20 21 22 
Execution time: 1725 ms

Elapsed time: 180236 ms


Execution #100/10000

Seed: 100
Estimated max possible cost 365.238203
for path: 
0 1 2 3 4 5 6 7 8 9 10 11 12 13 14 15 16 17 18 19 20 21 22 
Execution time: 1687 ms

Elapsed time: 181923 ms


Execution #101/10000

Seed: 101
Estimated max possible cost 365.238203
for path: 
0 1 2 3 4 5 6 7 8 9 10 11 12 13 14 15 16 17 18 19 20 21 22 
Execution time: 1819 ms

Elapsed time: 183742 ms


Execution #102/10000

Seed: 102
Estimated max possible cost 365.238203
for path: 
0 1 2 3 4 5 6 7 8 9 10 11 12 13 14 15 16 17 18 19 20 21 22 
Execution time: 1777 ms

Elapsed time: 185519 ms


Execution #103/10000

Seed: 103
Estimated max possible cost 365.238203
for path: 
0 1 2 3 4 5 6 7 8 9 10 11 12 13 14 15 16 17 18 19 20 21 22 
Execution time: 1862 ms

Elapsed time: 187381 ms


Execution #104/10000

Seed: 104
Estimated max possible cost 365.238203
for path: 
0 1 2 3 4 5 6 7 8 9 10 11 12 13 14 15 16 17 18 19 20 21 22 
Execution time: 1812 ms

Elapsed time: 189193 ms


Execution #105/10000

Seed: 105
Estimated max possible cost 365.238203
for path: 
0 1 2 3 4 5 6 7 8 9 10 11 12 13 14 15 16 17 18 19 20 21 22 
Execution time: 1822 ms

Elapsed time: 191015 ms


Execution #106/10000

Seed: 106
Estimated max possible cost 365.238203
for path: 
0 1 2 3 4 5 6 7 8 9 10 11 12 13 14 15 16 17 18 19 20 21 22 
Execution time: 1850 ms

Elapsed time: 192865 ms


Execution #107/10000

Seed: 107
Estimated max possible cost 365.238203
for path: 
0 1 2 3 4 5 6 7 8 9 10 11 12 13 14 15 16 17 18 19 20 21 22 
Execution time: 1784 ms

Elapsed time: 194649 ms


Execution #108/10000

Seed: 108
Estimated max possible cost 365.238203
for path: 
0 1 2 3 4 5 6 7 8 9 10 11 12 13 14 15 16 17 18 19 20 21 22 
Execution time: 1816 ms

Elapsed time: 196465 ms


Execution #109/10000

Seed: 109
Estimated max possible cost 365.238203
for path: 
0 1 2 3 4 5 6 7 8 9 10 11 12 13 14 15 16 17 18 19 20 21 22 
Execution time: 1887 ms

Elapsed time: 198352 ms


Execution #110/10000

Seed: 110
Estimated max possible cost 365.238203
for path: 
0 1 2 3 4 5 6 7 8 9 10 11 12 13 14 15 16 17 18 19 20 21 22 
Execution time: 1823 ms

Elapsed time: 200175 ms


Execution #111/10000

Seed: 111
Estimated max possible cost 365.238203
for path: 
0 1 2 3 4 5 6 7 8 9 10 11 12 13 14 15 16 17 18 19 20 21 22 
Execution time: 1760 ms

Elapsed time: 201935 ms


Execution #112/10000

Seed: 112
Estimated max possible cost 365.238203
for path: 
0 1 2 3 4 5 6 7 8 9 10 11 12 13 14 15 16 17 18 19 20 21 22 
Execution time: 1934 ms

Elapsed time: 203869 ms


Execution #113/10000

Seed: 113
Estimated max possible cost 365.238203
for path: 
0 1 2 3 4 5 6 7 8 9 10 11 12 13 14 15 16 17 18 19 20 21 22 
Execution time: 1753 ms

Elapsed time: 205622 ms


Execution #114/10000

Seed: 114
Estimated max possible cost 365.238203
for path: 
0 1 2 3 4 5 6 7 8 9 10 11 12 13 14 15 16 17 18 19 20 21 22 
Execution time: 1775 ms

Elapsed time: 207397 ms


Execution #115/10000

Seed: 115
Estimated max possible cost 365.238203
for path: 
0 1 2 3 4 5 6 7 8 9 10 11 12 13 14 15 16 17 18 19 20 21 22 
Execution time: 1839 ms

Elapsed time: 209236 ms


Execution #116/10000

Seed: 116
Estimated max possible cost 365.238203
for path: 
0 1 2 3 4 5 6 7 8 9 10 11 12 13 14 15 16 17 18 19 20 21 22 
Execution time: 1932 ms

Elapsed time: 211168 ms


Execution #117/10000

Seed: 117
Estimated max possible cost 365.238203
for path: 
0 1 2 3 4 5 6 7 8 9 10 11 12 13 14 15 16 17 18 19 20 21 22 
Execution time: 1771 ms

Elapsed time: 212939 ms


Execution #118/10000

Seed: 118
Estimated max possible cost 365.238203
for path: 
0 1 2 3 4 5 6 7 8 9 10 11 12 13 14 15 16 17 18 19 20 21 22 
Execution time: 1849 ms

Elapsed time: 214788 ms


Execution #119/10000

Seed: 119
Estimated max possible cost 365.238203
for path: 
0 1 2 3 4 5 6 7 8 9 10 11 12 13 14 15 16 17 18 19 20 21 22 
Execution time: 1840 ms

Elapsed time: 216628 ms


Execution #120/10000

Seed: 120
Estimated max possible cost 365.238203
for path: 
0 1 2 3 4 5 6 7 8 9 10 11 12 13 14 15 16 17 18 19 20 21 22 
Execution time: 1802 ms

Elapsed time: 218430 ms


Execution #121/10000

Seed: 121
Estimated max possible cost 365.238203
for path: 
0 1 2 3 4 5 6 7 8 9 10 11 12 13 14 15 16 17 18 19 20 21 22 
Execution time: 1838 ms

Elapsed time: 220268 ms


Execution #122/10000

Seed: 122
Estimated max possible cost 365.238203
for path: 
0 1 2 3 4 5 6 7 8 9 10 11 12 13 14 15 16 17 18 19 20 21 22 
Execution time: 1906 ms

Elapsed time: 222174 ms


Execution #123/10000

Seed: 123
Estimated max possible cost 365.238203
for path: 
0 1 2 3 4 5 6 7 8 9 10 11 12 13 14 15 16 17 18 19 20 21 22 
Execution time: 1847 ms

Elapsed time: 224021 ms


Execution #124/10000

Seed: 124
Estimated max possible cost 365.238203
for path: 
0 1 2 3 4 5 6 7 8 9 10 11 12 13 14 15 16 17 18 19 20 21 22 
Execution time: 1758 ms

Elapsed time: 225779 ms


Execution #125/10000

Seed: 125
Estimated max possible cost 365.238203
for path: 
0 1 2 3 4 5 6 7 8 9 10 11 12 13 14 15 16 17 18 19 20 21 22 
Execution time: 1746 ms

Elapsed time: 227525 ms


Execution #126/10000

Seed: 126
Estimated max possible cost 365.238203
for path: 
0 1 2 3 4 5 6 7 8 9 10 11 12 13 14 15 16 17 18 19 20 21 22 
Execution time: 1830 ms

Elapsed time: 229355 ms


Execution #127/10000

Seed: 127
Estimated max possible cost 365.238203
for path: 
0 1 2 3 4 5 6 7 8 9 10 11 12 13 14 15 16 17 18 19 20 21 22 
Execution time: 1808 ms

Elapsed time: 231163 ms


Execution #128/10000

Seed: 128
Estimated max possible cost 365.238203
for path: 
0 1 2 3 4 5 6 7 8 9 10 11 12 13 14 15 16 17 18 19 20 21 22 
Execution time: 1840 ms

Elapsed time: 233003 ms


Execution #129/10000

Seed: 129
Estimated max possible cost 365.238203
for path: 
0 1 2 3 4 5 6 7 8 9 10 11 12 13 14 15 16 17 18 19 20 21 22 
Execution time: 1756 ms

Elapsed time: 234759 ms


Execution #130/10000

Seed: 130
Estimated max possible cost 365.238203
for path: 
0 1 2 3 4 5 6 7 8 9 10 11 12 13 14 15 16 17 18 19 20 21 22 
Execution time: 1794 ms

Elapsed time: 236553 ms


Execution #131/10000

Seed: 131
Estimated max possible cost 365.238203
for path: 
0 1 2 3 4 5 6 7 8 9 10 11 12 13 14 15 16 17 18 19 20 21 22 
Execution time: 1824 ms

Elapsed time: 238377 ms


Execution #132/10000

Seed: 132
Estimated max possible cost 365.238203
for path: 
0 1 2 3 4 5 6 7 8 9 10 11 12 13 14 15 16 17 18 19 20 21 22 
Execution time: 1650 ms

Elapsed time: 240027 ms


Execution #133/10000

Seed: 133
Estimated max possible cost 365.238203
for path: 
0 1 2 3 4 5 6 7 8 9 10 11 12 13 14 15 16 17 18 19 20 21 22 
Execution time: 1802 ms

Elapsed time: 241829 ms


Execution #134/10000

Seed: 134
Estimated max possible cost 365.238203
for path: 
0 1 2 3 4 5 6 7 8 9 10 11 12 13 14 15 16 17 18 19 20 21 22 
Execution time: 1640 ms

Elapsed time: 243469 ms


Execution #135/10000

Seed: 135
Estimated max possible cost 365.238203
for path: 
0 1 2 3 4 5 6 7 8 9 10 11 12 13 14 15 16 17 18 19 20 21 22 
Execution time: 1787 ms

Elapsed time: 245256 ms


Execution #136/10000

Seed: 136
Estimated max possible cost 365.238203
for path: 
0 1 2 3 4 5 6 7 8 9 10 11 12 13 14 15 16 17 18 19 20 21 22 
Execution time: 1819 ms

Elapsed time: 247075 ms


Execution #137/10000

Seed: 137
Estimated max possible cost 365.238203
for path: 
0 1 2 3 4 5 6 7 8 9 10 11 12 13 14 15 16 17 18 19 20 21 22 
Execution time: 1843 ms

Elapsed time: 248918 ms


Execution #138/10000

Seed: 138
Estimated max possible cost 365.238203
for path: 
0 1 2 3 4 5 6 7 8 9 10 11 12 13 14 15 16 17 18 19 20 21 22 
Execution time: 1914 ms

Elapsed time: 250832 ms


Execution #139/10000

Seed: 139
Estimated max possible cost 365.238203
for path: 
0 1 2 3 4 5 6 7 8 9 10 11 12 13 14 15 16 17 18 19 20 21 22 
Execution time: 1821 ms

Elapsed time: 252653 ms


Execution #140/10000

Seed: 140
Estimated max possible cost 365.238203
for path: 
0 1 2 3 4 5 6 7 8 9 10 11 12 13 14 15 16 17 18 19 20 21 22 
Execution time: 1850 ms

Elapsed time: 254503 ms


Execution #141/10000

Seed: 141
Estimated max possible cost 365.238203
for path: 
0 1 2 3 4 5 6 7 8 9 10 11 12 13 14 15 16 17 18 19 20 21 22 
Execution time: 1724 ms

Elapsed time: 256227 ms


Execution #142/10000

Seed: 142
Estimated max possible cost 365.238203
for path: 
0 1 2 3 4 5 6 7 8 9 10 11 12 13 14 15 16 17 18 19 20 21 22 
Execution time: 1810 ms

Elapsed time: 258037 ms


Execution #143/10000

Seed: 143
Estimated max possible cost 365.238203
for path: 
0 1 2 3 4 5 6 7 8 9 10 11 12 13 14 15 16 17 18 19 20 21 22 
Execution time: 1830 ms

Elapsed time: 259867 ms


Execution #144/10000

Seed: 144
Estimated max possible cost 365.238203
for path: 
0 1 2 3 4 5 6 7 8 9 10 11 12 13 14 15 16 17 18 19 20 21 22 
Execution time: 1827 ms

Elapsed time: 261694 ms


Execution #145/10000

Seed: 145
Estimated max possible cost 365.238203
for path: 
0 1 2 3 4 5 6 7 8 9 10 11 12 13 14 15 16 17 18 19 20 21 22 
Execution time: 1804 ms

Elapsed time: 263498 ms


Execution #146/10000

Seed: 146
Estimated max possible cost 365.238203
for path: 
0 1 2 3 4 5 6 7 8 9 10 11 12 13 14 15 16 17 18 19 20 21 22 
Execution time: 1816 ms

Elapsed time: 265314 ms


Execution #147/10000

Seed: 147
Estimated max possible cost 365.238203
for path: 
0 1 2 3 4 5 6 7 8 9 10 11 12 13 14 15 16 17 18 19 20 21 22 
Execution time: 1865 ms

Elapsed time: 267179 ms


Execution #148/10000

Seed: 148
Estimated max possible cost 365.238203
for path: 
0 1 2 3 4 5 6 7 8 9 10 11 12 13 14 15 16 17 18 19 20 21 22 
Execution time: 1830 ms

Elapsed time: 269009 ms


Execution #149/10000

Seed: 149
Estimated max possible cost 365.238203
for path: 
0 1 2 3 4 5 6 7 8 9 10 11 12 13 14 15 16 17 18 19 20 21 22 
Execution time: 1751 ms

Elapsed time: 270760 ms


Execution #150/10000

Seed: 150
Estimated max possible cost 365.238203
for path: 
0 1 2 3 4 5 6 7 8 9 10 11 12 13 14 15 16 17 18 19 20 21 22 
Execution time: 1846 ms

Elapsed time: 272606 ms


Execution #151/10000

Seed: 151
Estimated max possible cost 365.238203
for path: 
0 1 2 3 4 5 6 7 8 9 10 11 12 13 14 15 16 17 18 19 20 21 22 
Execution time: 1707 ms

Elapsed time: 274313 ms


