Solving SHP


Execution #1/10000

Seed: 1
Estimated max possible cost 367.778203
for path: 
0 1 2 3 4 5 6 7 8 9 10 11 12 13 14 15 16 17 18 19 20 21 22 23 
Memory needed for path: 68212848 locs, for costs: 59907456 locs.
Desired precision: 10000
Mem constraint for cost_t: 32 bits
Rounded to pow of 2 bytes mem constraint (capped at 64bits) for cost_t: 32 bits
Bits needed for an int to preserve precision: 22
Bits used per cost_t: 22
Selected cost_t = (u)int32_t
Solving with cost_t = j
Memory [GB] needed: 0.286701
Distances:
0, 5.08, 242.54, 232.423, 228.124, 218.013, 212.172, 212.044, 211.947, 211.88, 211.843, 211.837, 211.862, 211.917, 212.002, 212.117, 212.263, 212.44, 212.646, 212.882, 213.149, 196.958, 196.821, 196.716, 
5.08, 0, 247.599, 237.481, 233.181, 223.068, 217.244, 217.119, 217.024, 216.959, 216.923, 216.917, 216.941, 216.995, 217.078, 217.191, 217.333, 217.505, 217.707, 217.938, 218.198, 202.029, 201.895, 201.793, 
242.54, 247.599, 0, 10.16, 14.478, 24.638, 31.3255, 32.219, 33.2827, 34.501, 35.8581, 37.3389, 38.9292, 40.6162, 42.3883, 44.2354, 46.1484, 48.1194, 50.1417, 52.2092, 54.3168, 46.0364, 46.649, 47.3899, 
232.423, 237.481, 10.16, 0, 4.318, 14.478, 21.9236, 23.1823, 24.6393, 26.2617, 28.0207, 29.8922, 31.8565, 33.8973, 36.0018, 38.1592, 40.3612, 42.6009, 44.8725, 47.1716, 49.4942, 36.1805, 36.9568, 37.8877, 
228.124, 233.181, 14.478, 4.318, 0, 10.16, 18.1765, 19.6764, 21.3738, 23.2254, 25.1973, 27.2633, 29.4037, 31.6034, 33.8507, 36.1368, 38.4548, 40.7992, 43.1658, 45.5511, 47.9522, 32.0493, 32.9231, 33.9648, 
218.013, 223.068, 24.638, 14.478, 10.16, 0, 11.1326, 13.4428, 15.8236, 18.2474, 20.6991, 23.1698, 25.654, 28.1482, 30.6499, 33.1575, 35.6696, 38.1854, 40.7042, 43.2255, 45.7489, 22.606, 23.8287, 25.2484, 
212.172, 217.244, 31.3255, 21.9236, 18.1765, 11.1326, 0, 2.54, 5.08, 7.62, 10.16, 12.7, 15.24, 17.78, 20.32, 22.86, 25.4, 27.94, 30.48, 33.02, 35.56, 15.24, 15.4502, 16.0644, 
212.044, 217.119, 32.219, 23.1823, 19.6764, 13.4428, 2.54, 0, 2.54, 5.08, 7.62, 10.16, 12.7, 15.24, 17.78, 20.32, 22.86, 25.4, 27.94, 30.48, 33.02, 15.4502, 15.24, 15.4502, 
211.947, 217.024, 33.2827, 24.6393, 21.3738, 15.8236, 5.08, 2.54, 0, 2.54, 5.08, 7.62, 10.16, 12.7, 15.24, 17.78, 20.32, 22.86, 25.4, 27.94, 30.48, 16.0644, 15.4502, 15.24, 
211.88, 216.959, 34.501, 26.2617, 23.2254, 18.2474, 7.62, 5.08, 2.54, 0, 2.54, 5.08, 7.62, 10.16, 12.7, 15.24, 17.78, 20.32, 22.86, 25.4, 27.94, 17.0388, 16.0644, 15.4502, 
211.843, 216.923, 35.8581, 28.0207, 25.1973, 20.6991, 10.16, 7.62, 5.08, 2.54, 0, 2.54, 5.08, 7.62, 10.16, 12.7, 15.24, 17.78, 20.32, 22.86, 25.4, 18.3162, 17.0388, 16.0644, 
211.837, 216.917, 37.3389, 29.8922, 27.2633, 23.1698, 12.7, 10.16, 7.62, 5.08, 2.54, 0, 2.54, 5.08, 7.62, 10.16, 12.7, 15.24, 17.78, 20.32, 22.86, 19.838, 18.3162, 17.0388, 
211.862, 216.941, 38.9292, 31.8565, 29.4037, 25.654, 15.24, 12.7, 10.16, 7.62, 5.08, 2.54, 0, 2.54, 5.08, 7.62, 10.16, 12.7, 15.24, 17.78, 20.32, 21.5526, 19.838, 18.3162, 
211.917, 216.995, 40.6162, 33.8973, 31.6034, 28.1482, 17.78, 15.24, 12.7, 10.16, 7.62, 5.08, 2.54, 0, 2.54, 5.08, 7.62, 10.16, 12.7, 15.24, 17.78, 23.4176, 21.5526, 19.838, 
212.002, 217.078, 42.3883, 36.0018, 33.8507, 30.6499, 20.32, 17.78, 15.24, 12.7, 10.16, 7.62, 5.08, 2.54, 0, 2.54, 5.08, 7.62, 10.16, 12.7, 15.24, 25.4, 23.4176, 21.5526, 
212.117, 217.191, 44.2354, 38.1592, 36.1368, 33.1575, 22.86, 20.32, 17.78, 15.24, 12.7, 10.16, 7.62, 5.08, 2.54, 0, 2.54, 5.08, 7.62, 10.16, 12.7, 27.4743, 25.4, 23.4176, 
212.263, 217.333, 46.1484, 40.3612, 38.4548, 35.6696, 25.4, 22.86, 20.32, 17.78, 15.24, 12.7, 10.16, 7.62, 5.08, 2.54, 0, 2.54, 5.08, 7.62, 10.16, 29.6212, 27.4743, 25.4, 
212.44, 217.505, 48.1194, 42.6009, 40.7992, 38.1854, 27.94, 25.4, 22.86, 20.32, 17.78, 15.24, 12.7, 10.16, 7.62, 5.08, 2.54, 0, 2.54, 5.08, 7.62, 31.8261, 29.6212, 27.4743, 
212.646, 217.707, 50.1417, 44.8725, 43.1658, 40.7042, 30.48, 27.94, 25.4, 22.86, 20.32, 17.78, 15.24, 12.7, 10.16, 7.62, 5.08, 2.54, 0, 2.54, 5.08, 34.0777, 31.8261, 29.6212, 
212.882, 217.938, 52.2092, 47.1716, 45.5511, 43.2255, 33.02, 30.48, 27.94, 25.4, 22.86, 20.32, 17.78, 15.24, 12.7, 10.16, 7.62, 5.08, 2.54, 0, 2.54, 36.3673, 34.0777, 31.8261, 
213.149, 218.198, 54.3168, 49.4942, 47.9522, 45.7489, 35.56, 33.02, 30.48, 27.94, 25.4, 22.86, 20.32, 17.78, 15.24, 12.7, 10.16, 7.62, 5.08, 2.54, 0, 38.6881, 36.3673, 34.0777, 
196.958, 202.029, 46.0364, 36.1805, 32.0493, 22.606, 15.24, 15.4502, 16.0644, 17.0388, 18.3162, 19.838, 21.5526, 23.4176, 25.4, 27.4743, 29.6212, 31.8261, 34.0777, 36.3673, 38.6881, 0, 2.54, 5.08, 
196.821, 201.895, 46.649, 36.9568, 32.9231, 23.8287, 15.4502, 15.24, 15.4502, 16.0644, 17.0388, 18.3162, 19.838, 21.5526, 23.4176, 25.4, 27.4743, 29.6212, 31.8261, 34.0777, 36.3673, 2.54, 0, 2.54, 
196.716, 201.793, 47.3899, 37.8877, 33.9648, 25.2484, 16.0644, 15.4502, 15.24, 15.4502, 16.0644, 17.0388, 18.3162, 19.838, 21.5526, 23.4176, 25.4, 27.4743, 29.6212, 31.8261, 34.0777, 5.08, 2.54, 0, 
Scaled Distances:
0, 3.27252e+07, 3.09214e+09, 2.9618e+09, 2.90641e+09, 2.77614e+09, 2.70089e+09, 2.69924e+09, 2.69799e+09, 2.69712e+09, 2.69665e+09, 2.69657e+09, 2.69689e+09, 2.69759e+09, 2.69869e+09, 2.70018e+09, 2.70206e+09, 2.70433e+09, 2.70699e+09, 2.71004e+09, 2.71347e+09, 2.50487e+09, 2.5031e+09, 2.50175e+09, 
3.27252e+07, 0, 3.15733e+09, 3.02696e+09, 2.97157e+09, 2.84127e+09, 2.76624e+09, 2.76463e+09, 2.7634e+09, 2.76256e+09, 2.7621e+09, 2.76202e+09, 2.76233e+09, 2.76302e+09, 2.76409e+09, 2.76555e+09, 2.76738e+09, 2.7696e+09, 2.7722e+09, 2.77518e+09, 2.77853e+09, 2.5702e+09, 2.56848e+09, 2.56716e+09, 
3.09214e+09, 3.15733e+09, 0, 9.81756e+07, 1.53808e+08, 2.84709e+08, 3.70871e+08, 3.82382e+08, 3.96087e+08, 4.11784e+08, 4.29268e+08, 4.48346e+08, 4.68836e+08, 4.90571e+08, 5.13403e+08, 5.37201e+08, 5.61848e+08, 5.87243e+08, 6.13297e+08, 6.39935e+08, 6.67089e+08, 5.60405e+08, 5.68297e+08, 5.77843e+08, 
2.9618e+09, 3.02696e+09, 9.81756e+07, 0, 2.29076e+07, 1.53808e+08, 2.49737e+08, 2.65954e+08, 2.84726e+08, 3.05629e+08, 3.28292e+08, 3.52405e+08, 3.77712e+08, 4.04006e+08, 4.31119e+08, 4.58916e+08, 4.87286e+08, 5.16142e+08, 5.4541e+08, 5.7503e+08, 6.04955e+08, 4.33422e+08, 4.43424e+08, 4.55418e+08, 
2.90641e+09, 2.97157e+09, 1.53808e+08, 2.29076e+07, 0, 9.81756e+07, 2.0146e+08, 2.20784e+08, 2.42653e+08, 2.66509e+08, 2.91915e+08, 3.18534e+08, 3.46111e+08, 3.74451e+08, 4.03405e+08, 4.32859e+08, 4.62724e+08, 4.9293e+08, 5.2342e+08, 5.54152e+08, 5.85088e+08, 3.80196e+08, 3.91455e+08, 4.04876e+08, 
2.77614e+09, 2.84127e+09, 2.84709e+08, 1.53808e+08, 9.81756e+07, 0, 1.10707e+08, 1.40471e+08, 1.71145e+08, 2.02373e+08, 2.3396e+08, 2.65793e+08, 2.97799e+08, 3.29934e+08, 3.62166e+08, 3.94473e+08, 4.2684e+08, 4.59253e+08, 4.91706e+08, 5.2419e+08, 5.56701e+08, 2.58529e+08, 2.74282e+08, 2.92574e+08, 
2.70089e+09, 2.76624e+09, 3.70871e+08, 2.49737e+08, 2.0146e+08, 1.10707e+08, 0, 0, 3.27252e+07, 6.54504e+07, 9.81756e+07, 1.30901e+08, 1.63626e+08, 1.96351e+08, 2.29076e+08, 2.61802e+08, 2.94527e+08, 3.27252e+08, 3.59977e+08, 3.92702e+08, 4.25428e+08, 1.63626e+08, 1.66334e+08, 1.74247e+08, 
2.69924e+09, 2.76463e+09, 3.82382e+08, 2.65954e+08, 2.20784e+08, 1.40471e+08, 0, 0, 0, 3.27252e+07, 6.54504e+07, 9.81756e+07, 1.30901e+08, 1.63626e+08, 1.96351e+08, 2.29076e+08, 2.61802e+08, 2.94527e+08, 3.27252e+08, 3.59977e+08, 3.92702e+08, 1.66334e+08, 1.63626e+08, 1.66334e+08, 
2.69799e+09, 2.7634e+09, 3.96087e+08, 2.84726e+08, 2.42653e+08, 1.71145e+08, 3.27252e+07, 0, 0, 0, 3.27252e+07, 6.54504e+07, 9.81756e+07, 1.30901e+08, 1.63626e+08, 1.96351e+08, 2.29076e+08, 2.61802e+08, 2.94527e+08, 3.27252e+08, 3.59977e+08, 1.74247e+08, 1.66334e+08, 1.63626e+08, 
2.69712e+09, 2.76256e+09, 4.11784e+08, 3.05629e+08, 2.66509e+08, 2.02373e+08, 6.54504e+07, 3.27252e+07, 0, 0, 0, 3.27252e+07, 6.54504e+07, 9.81756e+07, 1.30901e+08, 1.63626e+08, 1.96351e+08, 2.29076e+08, 2.61802e+08, 2.94527e+08, 3.27252e+08, 1.86802e+08, 1.74247e+08, 1.66334e+08, 
2.69665e+09, 2.7621e+09, 4.29268e+08, 3.28292e+08, 2.91915e+08, 2.3396e+08, 9.81756e+07, 6.54504e+07, 3.27252e+07, 0, 0, 0, 3.27252e+07, 6.54504e+07, 9.81756e+07, 1.30901e+08, 1.63626e+08, 1.96351e+08, 2.29076e+08, 2.61802e+08, 2.94527e+08, 2.0326e+08, 1.86802e+08, 1.74247e+08, 
2.69657e+09, 2.76202e+09, 4.48346e+08, 3.52405e+08, 3.18534e+08, 2.65793e+08, 1.30901e+08, 9.81756e+07, 6.54504e+07, 3.27252e+07, 0, 0, 0, 3.27252e+07, 6.54504e+07, 9.81756e+07, 1.30901e+08, 1.63626e+08, 1.96351e+08, 2.29076e+08, 2.61802e+08, 2.22867e+08, 2.0326e+08, 1.86802e+08, 
2.69689e+09, 2.76233e+09, 4.68836e+08, 3.77712e+08, 3.46111e+08, 2.97799e+08, 1.63626e+08, 1.30901e+08, 9.81756e+07, 6.54504e+07, 3.27252e+07, 0, 0, 0, 3.27252e+07, 6.54504e+07, 9.81756e+07, 1.30901e+08, 1.63626e+08, 1.96351e+08, 2.29076e+08, 2.44957e+08, 2.22867e+08, 2.0326e+08, 
2.69759e+09, 2.76302e+09, 4.90571e+08, 4.04006e+08, 3.74451e+08, 3.29934e+08, 1.96351e+08, 1.63626e+08, 1.30901e+08, 9.81756e+07, 6.54504e+07, 3.27252e+07, 0, 0, 0, 3.27252e+07, 6.54504e+07, 9.81756e+07, 1.30901e+08, 1.63626e+08, 1.96351e+08, 2.68986e+08, 2.44957e+08, 2.22867e+08, 
2.69869e+09, 2.76409e+09, 5.13403e+08, 4.31119e+08, 4.03405e+08, 3.62166e+08, 2.29076e+08, 1.96351e+08, 1.63626e+08, 1.30901e+08, 9.81756e+07, 6.54504e+07, 3.27252e+07, 0, 0, 0, 3.27252e+07, 6.54504e+07, 9.81756e+07, 1.30901e+08, 1.63626e+08, 2.94527e+08, 2.68986e+08, 2.44957e+08, 
2.70018e+09, 2.76555e+09, 5.37201e+08, 4.58916e+08, 4.32859e+08, 3.94473e+08, 2.61802e+08, 2.29076e+08, 1.96351e+08, 1.63626e+08, 1.30901e+08, 9.81756e+07, 6.54504e+07, 3.27252e+07, 0, 0, 0, 3.27252e+07, 6.54504e+07, 9.81756e+07, 1.30901e+08, 3.21252e+08, 2.94527e+08, 2.68986e+08, 
2.70206e+09, 2.76738e+09, 5.61848e+08, 4.87286e+08, 4.62724e+08, 4.2684e+08, 2.94527e+08, 2.61802e+08, 2.29076e+08, 1.96351e+08, 1.63626e+08, 1.30901e+08, 9.81756e+07, 6.54504e+07, 3.27252e+07, 0, 0, 0, 3.27252e+07, 6.54504e+07, 9.81756e+07, 3.48913e+08, 3.21252e+08, 2.94527e+08, 
2.70433e+09, 2.7696e+09, 5.87243e+08, 5.16142e+08, 4.9293e+08, 4.59253e+08, 3.27252e+08, 2.94527e+08, 2.61802e+08, 2.29076e+08, 1.96351e+08, 1.63626e+08, 1.30901e+08, 9.81756e+07, 6.54504e+07, 3.27252e+07, 0, 0, 0, 3.27252e+07, 6.54504e+07, 3.7732e+08, 3.48913e+08, 3.21252e+08, 
2.70699e+09, 2.7722e+09, 6.13297e+08, 5.4541e+08, 5.2342e+08, 4.91706e+08, 3.59977e+08, 3.27252e+08, 2.94527e+08, 2.61802e+08, 2.29076e+08, 1.96351e+08, 1.63626e+08, 1.30901e+08, 9.81756e+07, 6.54504e+07, 3.27252e+07, 0, 0, 0, 3.27252e+07, 4.06329e+08, 3.7732e+08, 3.48913e+08, 
2.71004e+09, 2.77518e+09, 6.39935e+08, 5.7503e+08, 5.54152e+08, 5.2419e+08, 3.92702e+08, 3.59977e+08, 3.27252e+08, 2.94527e+08, 2.61802e+08, 2.29076e+08, 1.96351e+08, 1.63626e+08, 1.30901e+08, 9.81756e+07, 6.54504e+07, 3.27252e+07, 0, 0, 0, 4.35828e+08, 4.06329e+08, 3.7732e+08, 
2.71347e+09, 2.77853e+09, 6.67089e+08, 6.04955e+08, 5.85088e+08, 5.56701e+08, 4.25428e+08, 3.92702e+08, 3.59977e+08, 3.27252e+08, 2.94527e+08, 2.61802e+08, 2.29076e+08, 1.96351e+08, 1.63626e+08, 1.30901e+08, 9.81756e+07, 6.54504e+07, 3.27252e+07, 0, 0, 4.6573e+08, 4.35828e+08, 4.06329e+08, 
2.50487e+09, 2.5702e+09, 5.60405e+08, 4.33422e+08, 3.80196e+08, 2.58529e+08, 1.63626e+08, 1.66334e+08, 1.74247e+08, 1.86802e+08, 2.0326e+08, 2.22867e+08, 2.44957e+08, 2.68986e+08, 2.94527e+08, 3.21252e+08, 3.48913e+08, 3.7732e+08, 4.06329e+08, 4.35828e+08, 4.6573e+08, 0, 0, 3.27252e+07, 
2.5031e+09, 2.56848e+09, 5.68297e+08, 4.43424e+08, 3.91455e+08, 2.74282e+08, 1.66334e+08, 1.63626e+08, 1.66334e+08, 1.74247e+08, 1.86802e+08, 2.0326e+08, 2.22867e+08, 2.44957e+08, 2.68986e+08, 2.94527e+08, 3.21252e+08, 3.48913e+08, 3.7732e+08, 4.06329e+08, 4.35828e+08, 0, 0, 0, 
2.50175e+09, 2.56716e+09, 5.77843e+08, 4.55418e+08, 4.04876e+08, 2.92574e+08, 1.74247e+08, 1.66334e+08, 1.63626e+08, 1.66334e+08, 1.74247e+08, 1.86802e+08, 2.0326e+08, 2.22867e+08, 2.44957e+08, 2.68986e+08, 2.94527e+08, 3.21252e+08, 3.48913e+08, 3.7732e+08, 4.06329e+08, 3.27252e+07, 0, 0, 
Optimal total distance (scaled) for 24 points: 3.27389e+09
Optimal total distance for 24 points: 312.526421
Corresponding path (0-indexed):
Point #2
Point #3
Point #4
Point #5
Point #6
Point #7
Point #8
Point #9
Point #10
Point #11
Point #12
Point #13
Point #14
Point #15
Point #16
Point #17
Point #18
Point #19
Point #20
Point #23
Point #22
Point #21
Point #0
Point #1
Execution time: 3714 ms

Elapsed time: 3714 ms


Execution #2/10000

Seed: 2
Estimated max possible cost 367.778203
for path: 
0 1 2 3 4 5 6 7 8 9 10 11 12 13 14 15 16 17 18 19 20 21 22 23 
Execution time: 3937 ms

Elapsed time: 7651 ms


Execution #3/10000

Seed: 3
Estimated max possible cost 367.778203
for path: 
0 1 2 3 4 5 6 7 8 9 10 11 12 13 14 15 16 17 18 19 20 21 22 23 
Execution time: 3737 ms

Elapsed time: 11388 ms


Execution #4/10000

Seed: 4
Estimated max possible cost 367.778203
for path: 
0 1 2 3 4 5 6 7 8 9 10 11 12 13 14 15 16 17 18 19 20 21 22 23 
Execution time: 3694 ms

Elapsed time: 15082 ms


Execution #5/10000

Seed: 5
Estimated max possible cost 367.778203
for path: 
0 1 2 3 4 5 6 7 8 9 10 11 12 13 14 15 16 17 18 19 20 21 22 23 
Execution time: 3743 ms

Elapsed time: 18825 ms


Execution #6/10000

Seed: 6
Estimated max possible cost 367.778203
for path: 
0 1 2 3 4 5 6 7 8 9 10 11 12 13 14 15 16 17 18 19 20 21 22 23 
Execution time: 3698 ms

Elapsed time: 22523 ms


Execution #7/10000

Seed: 7
Estimated max possible cost 367.778203
for path: 
0 1 2 3 4 5 6 7 8 9 10 11 12 13 14 15 16 17 18 19 20 21 22 23 
Execution time: 3682 ms

Elapsed time: 26205 ms


Execution #8/10000

Seed: 8
Estimated max possible cost 367.778203
for path: 
0 1 2 3 4 5 6 7 8 9 10 11 12 13 14 15 16 17 18 19 20 21 22 23 
Execution time: 3375 ms

Elapsed time: 29580 ms


Execution #9/10000

Seed: 9
Estimated max possible cost 367.778203
for path: 
0 1 2 3 4 5 6 7 8 9 10 11 12 13 14 15 16 17 18 19 20 21 22 23 
Execution time: 3766 ms

Elapsed time: 33346 ms


Execution #10/10000

Seed: 10
Estimated max possible cost 367.778203
for path: 
0 1 2 3 4 5 6 7 8 9 10 11 12 13 14 15 16 17 18 19 20 21 22 23 
Execution time: 3610 ms

Elapsed time: 36956 ms


Execution #11/10000

Seed: 11
Estimated max possible cost 367.778203
for path: 
0 1 2 3 4 5 6 7 8 9 10 11 12 13 14 15 16 17 18 19 20 21 22 23 
Execution time: 3641 ms

Elapsed time: 40597 ms


Execution #12/10000

Seed: 12
Estimated max possible cost 367.778203
for path: 
0 1 2 3 4 5 6 7 8 9 10 11 12 13 14 15 16 17 18 19 20 21 22 23 
Execution time: 3472 ms

Elapsed time: 44069 ms


Execution #13/10000

Seed: 13
Estimated max possible cost 367.778203
for path: 
0 1 2 3 4 5 6 7 8 9 10 11 12 13 14 15 16 17 18 19 20 21 22 23 
Execution time: 3487 ms

Elapsed time: 47556 ms


Execution #14/10000

Seed: 14
Estimated max possible cost 367.778203
for path: 
0 1 2 3 4 5 6 7 8 9 10 11 12 13 14 15 16 17 18 19 20 21 22 23 
Execution time: 3778 ms

Elapsed time: 51334 ms


Execution #15/10000

Seed: 15
Estimated max possible cost 367.778203
for path: 
0 1 2 3 4 5 6 7 8 9 10 11 12 13 14 15 16 17 18 19 20 21 22 23 
Execution time: 3747 ms

Elapsed time: 55081 ms


Execution #16/10000

Seed: 16
Estimated max possible cost 367.778203
for path: 
0 1 2 3 4 5 6 7 8 9 10 11 12 13 14 15 16 17 18 19 20 21 22 23 
Execution time: 3736 ms

Elapsed time: 58817 ms


Execution #17/10000

Seed: 17
Estimated max possible cost 367.778203
for path: 
0 1 2 3 4 5 6 7 8 9 10 11 12 13 14 15 16 17 18 19 20 21 22 23 
Execution time: 3530 ms

Elapsed time: 62347 ms


Execution #18/10000

Seed: 18
Estimated max possible cost 367.778203
for path: 
0 1 2 3 4 5 6 7 8 9 10 11 12 13 14 15 16 17 18 19 20 21 22 23 
Execution time: 3506 ms

Elapsed time: 65853 ms


Execution #19/10000

Seed: 19
Estimated max possible cost 367.778203
for path: 
0 1 2 3 4 5 6 7 8 9 10 11 12 13 14 15 16 17 18 19 20 21 22 23 
Execution time: 3919 ms

Elapsed time: 69772 ms


Execution #20/10000

Seed: 20
Estimated max possible cost 367.778203
for path: 
0 1 2 3 4 5 6 7 8 9 10 11 12 13 14 15 16 17 18 19 20 21 22 23 
Execution time: 3773 ms

Elapsed time: 73545 ms


Execution #21/10000

Seed: 21
Estimated max possible cost 367.778203
for path: 
0 1 2 3 4 5 6 7 8 9 10 11 12 13 14 15 16 17 18 19 20 21 22 23 
Execution time: 3705 ms

Elapsed time: 77250 ms


Execution #22/10000

Seed: 22
Estimated max possible cost 367.778203
for path: 
0 1 2 3 4 5 6 7 8 9 10 11 12 13 14 15 16 17 18 19 20 21 22 23 
Execution time: 3633 ms

Elapsed time: 80883 ms


Execution #23/10000

Seed: 23
Estimated max possible cost 367.778203
for path: 
0 1 2 3 4 5 6 7 8 9 10 11 12 13 14 15 16 17 18 19 20 21 22 23 
Execution time: 3646 ms

Elapsed time: 84529 ms


Execution #24/10000

Seed: 24
Estimated max possible cost 367.778203
for path: 
0 1 2 3 4 5 6 7 8 9 10 11 12 13 14 15 16 17 18 19 20 21 22 23 
Execution time: 3488 ms

Elapsed time: 88017 ms


Execution #25/10000

Seed: 25
Estimated max possible cost 367.778203
for path: 
0 1 2 3 4 5 6 7 8 9 10 11 12 13 14 15 16 17 18 19 20 21 22 23 
Execution time: 3653 ms

Elapsed time: 91670 ms


Execution #26/10000

Seed: 26
Estimated max possible cost 367.778203
for path: 
0 1 2 3 4 5 6 7 8 9 10 11 12 13 14 15 16 17 18 19 20 21 22 23 
Execution time: 3506 ms

Elapsed time: 95176 ms


Execution #27/10000

Seed: 27
Estimated max possible cost 367.778203
for path: 
0 1 2 3 4 5 6 7 8 9 10 11 12 13 14 15 16 17 18 19 20 21 22 23 
Execution time: 3640 ms

Elapsed time: 98816 ms


Execution #28/10000

Seed: 28
Estimated max possible cost 367.778203
for path: 
0 1 2 3 4 5 6 7 8 9 10 11 12 13 14 15 16 17 18 19 20 21 22 23 
Execution time: 3898 ms

Elapsed time: 102714 ms


Execution #29/10000

Seed: 29
Estimated max possible cost 367.778203
for path: 
0 1 2 3 4 5 6 7 8 9 10 11 12 13 14 15 16 17 18 19 20 21 22 23 
Execution time: 3773 ms

Elapsed time: 106487 ms


Execution #30/10000

Seed: 30
Estimated max possible cost 367.778203
for path: 
0 1 2 3 4 5 6 7 8 9 10 11 12 13 14 15 16 17 18 19 20 21 22 23 
Execution time: 3588 ms

Elapsed time: 110075 ms


Execution #31/10000

Seed: 31
Estimated max possible cost 367.778203
for path: 
0 1 2 3 4 5 6 7 8 9 10 11 12 13 14 15 16 17 18 19 20 21 22 23 
Execution time: 3680 ms

Elapsed time: 113755 ms


Execution #32/10000

Seed: 32
Estimated max possible cost 367.778203
for path: 
0 1 2 3 4 5 6 7 8 9 10 11 12 13 14 15 16 17 18 19 20 21 22 23 
Execution time: 3559 ms

Elapsed time: 117314 ms


Execution #33/10000

Seed: 33
Estimated max possible cost 367.778203
for path: 
0 1 2 3 4 5 6 7 8 9 10 11 12 13 14 15 16 17 18 19 20 21 22 23 
Execution time: 3810 ms

Elapsed time: 121124 ms


Execution #34/10000

Seed: 34
Estimated max possible cost 367.778203
for path: 
0 1 2 3 4 5 6 7 8 9 10 11 12 13 14 15 16 17 18 19 20 21 22 23 
Execution time: 3494 ms

Elapsed time: 124618 ms


Execution #35/10000

Seed: 35
Estimated max possible cost 367.778203
for path: 
0 1 2 3 4 5 6 7 8 9 10 11 12 13 14 15 16 17 18 19 20 21 22 23 
Execution time: 3763 ms

Elapsed time: 128381 ms


Execution #36/10000

Seed: 36
Estimated max possible cost 367.778203
for path: 
0 1 2 3 4 5 6 7 8 9 10 11 12 13 14 15 16 17 18 19 20 21 22 23 
Execution time: 3774 ms

Elapsed time: 132155 ms


Execution #37/10000

Seed: 37
Estimated max possible cost 367.778203
for path: 
0 1 2 3 4 5 6 7 8 9 10 11 12 13 14 15 16 17 18 19 20 21 22 23 
Execution time: 3609 ms

Elapsed time: 135764 ms


Execution #38/10000

Seed: 38
Estimated max possible cost 367.778203
for path: 
0 1 2 3 4 5 6 7 8 9 10 11 12 13 14 15 16 17 18 19 20 21 22 23 
Execution time: 3748 ms

Elapsed time: 139512 ms


Execution #39/10000

Seed: 39
Estimated max possible cost 367.778203
for path: 
0 1 2 3 4 5 6 7 8 9 10 11 12 13 14 15 16 17 18 19 20 21 22 23 
Execution time: 3552 ms

Elapsed time: 143064 ms


Execution #40/10000

Seed: 40
Estimated max possible cost 367.778203
for path: 
0 1 2 3 4 5 6 7 8 9 10 11 12 13 14 15 16 17 18 19 20 21 22 23 
Execution time: 3556 ms

Elapsed time: 146620 ms


Execution #41/10000

Seed: 41
Estimated max possible cost 367.778203
for path: 
0 1 2 3 4 5 6 7 8 9 10 11 12 13 14 15 16 17 18 19 20 21 22 23 
Execution time: 3658 ms

Elapsed time: 150278 ms


Execution #42/10000

Seed: 42
Estimated max possible cost 367.778203
for path: 
0 1 2 3 4 5 6 7 8 9 10 11 12 13 14 15 16 17 18 19 20 21 22 23 
Execution time: 3498 ms

Elapsed time: 153776 ms


Execution #43/10000

Seed: 43
Estimated max possible cost 367.778203
for path: 
0 1 2 3 4 5 6 7 8 9 10 11 12 13 14 15 16 17 18 19 20 21 22 23 
Execution time: 3581 ms

Elapsed time: 157357 ms


Execution #44/10000

Seed: 44
Estimated max possible cost 367.778203
for path: 
0 1 2 3 4 5 6 7 8 9 10 11 12 13 14 15 16 17 18 19 20 21 22 23 
Execution time: 3667 ms

Elapsed time: 161024 ms


Execution #45/10000

Seed: 45
Estimated max possible cost 367.778203
for path: 
0 1 2 3 4 5 6 7 8 9 10 11 12 13 14 15 16 17 18 19 20 21 22 23 
Execution time: 3605 ms

Elapsed time: 164629 ms


Execution #46/10000

Seed: 46
Estimated max possible cost 367.778203
for path: 
0 1 2 3 4 5 6 7 8 9 10 11 12 13 14 15 16 17 18 19 20 21 22 23 
Execution time: 3583 ms

Elapsed time: 168212 ms


Execution #47/10000

Seed: 47
Estimated max possible cost 367.778203
for path: 
0 1 2 3 4 5 6 7 8 9 10 11 12 13 14 15 16 17 18 19 20 21 22 23 
Execution time: 3725 ms

Elapsed time: 171937 ms


Execution #48/10000

Seed: 48
Estimated max possible cost 367.778203
for path: 
0 1 2 3 4 5 6 7 8 9 10 11 12 13 14 15 16 17 18 19 20 21 22 23 
Execution time: 3636 ms

Elapsed time: 175573 ms


Execution #49/10000

Seed: 49
Estimated max possible cost 367.778203
for path: 
0 1 2 3 4 5 6 7 8 9 10 11 12 13 14 15 16 17 18 19 20 21 22 23 
Execution time: 3712 ms

Elapsed time: 179285 ms


Execution #50/10000

Seed: 50
Estimated max possible cost 367.778203
for path: 
0 1 2 3 4 5 6 7 8 9 10 11 12 13 14 15 16 17 18 19 20 21 22 23 
Execution time: 3454 ms

Elapsed time: 182739 ms


Execution #51/10000

Seed: 51
Estimated max possible cost 367.778203
for path: 
0 1 2 3 4 5 6 7 8 9 10 11 12 13 14 15 16 17 18 19 20 21 22 23 
Execution time: 3617 ms

Elapsed time: 186356 ms


Execution #52/10000

Seed: 52
Estimated max possible cost 367.778203
for path: 
0 1 2 3 4 5 6 7 8 9 10 11 12 13 14 15 16 17 18 19 20 21 22 23 
Execution time: 3634 ms

Elapsed time: 189990 ms


Execution #53/10000

Seed: 53
Estimated max possible cost 367.778203
for path: 
0 1 2 3 4 5 6 7 8 9 10 11 12 13 14 15 16 17 18 19 20 21 22 23 
Execution time: 3703 ms

Elapsed time: 193693 ms


Execution #54/10000

Seed: 54
Estimated max possible cost 367.778203
for path: 
0 1 2 3 4 5 6 7 8 9 10 11 12 13 14 15 16 17 18 19 20 21 22 23 
Execution time: 3666 ms

Elapsed time: 197359 ms


Execution #55/10000

Seed: 55
Estimated max possible cost 367.778203
for path: 
0 1 2 3 4 5 6 7 8 9 10 11 12 13 14 15 16 17 18 19 20 21 22 23 
Execution time: 3755 ms

Elapsed time: 201114 ms


Execution #56/10000

Seed: 56
Estimated max possible cost 367.778203
for path: 
0 1 2 3 4 5 6 7 8 9 10 11 12 13 14 15 16 17 18 19 20 21 22 23 
Execution time: 3720 ms

Elapsed time: 204834 ms


Execution #57/10000

Seed: 57
Estimated max possible cost 367.778203
for path: 
0 1 2 3 4 5 6 7 8 9 10 11 12 13 14 15 16 17 18 19 20 21 22 23 
Execution time: 3619 ms

Elapsed time: 208453 ms


Execution #58/10000

Seed: 58
Estimated max possible cost 367.778203
for path: 
0 1 2 3 4 5 6 7 8 9 10 11 12 13 14 15 16 17 18 19 20 21 22 23 
Execution time: 3765 ms

Elapsed time: 212218 ms


Execution #59/10000

Seed: 59
Estimated max possible cost 367.778203
for path: 
0 1 2 3 4 5 6 7 8 9 10 11 12 13 14 15 16 17 18 19 20 21 22 23 
Execution time: 3703 ms

Elapsed time: 215921 ms


Execution #60/10000

Seed: 60
Estimated max possible cost 367.778203
for path: 
0 1 2 3 4 5 6 7 8 9 10 11 12 13 14 15 16 17 18 19 20 21 22 23 
Execution time: 3673 ms

Elapsed time: 219594 ms


Execution #61/10000

Seed: 61
Estimated max possible cost 367.778203
for path: 
0 1 2 3 4 5 6 7 8 9 10 11 12 13 14 15 16 17 18 19 20 21 22 23 
Execution time: 3761 ms

Elapsed time: 223355 ms


Execution #62/10000

Seed: 62
Estimated max possible cost 367.778203
for path: 
0 1 2 3 4 5 6 7 8 9 10 11 12 13 14 15 16 17 18 19 20 21 22 23 
Execution time: 3615 ms

Elapsed time: 226970 ms


Execution #63/10000

Seed: 63
Estimated max possible cost 367.778203
for path: 
0 1 2 3 4 5 6 7 8 9 10 11 12 13 14 15 16 17 18 19 20 21 22 23 
Execution time: 3666 ms

Elapsed time: 230636 ms


Execution #64/10000

Seed: 64
Estimated max possible cost 367.778203
for path: 
0 1 2 3 4 5 6 7 8 9 10 11 12 13 14 15 16 17 18 19 20 21 22 23 
Execution time: 3573 ms

Elapsed time: 234209 ms


Execution #65/10000

Seed: 65
Estimated max possible cost 367.778203
for path: 
0 1 2 3 4 5 6 7 8 9 10 11 12 13 14 15 16 17 18 19 20 21 22 23 
Execution time: 3685 ms

Elapsed time: 237894 ms


Execution #66/10000

Seed: 66
Estimated max possible cost 367.778203
for path: 
0 1 2 3 4 5 6 7 8 9 10 11 12 13 14 15 16 17 18 19 20 21 22 23 
Execution time: 3519 ms

Elapsed time: 241413 ms


Execution #67/10000

Seed: 67
Estimated max possible cost 367.778203
for path: 
0 1 2 3 4 5 6 7 8 9 10 11 12 13 14 15 16 17 18 19 20 21 22 23 
Execution time: 3484 ms

Elapsed time: 244897 ms


Execution #68/10000

Seed: 68
Estimated max possible cost 367.778203
for path: 
0 1 2 3 4 5 6 7 8 9 10 11 12 13 14 15 16 17 18 19 20 21 22 23 
Execution time: 3647 ms

Elapsed time: 248544 ms


Execution #69/10000

Seed: 69
Estimated max possible cost 367.778203
for path: 
0 1 2 3 4 5 6 7 8 9 10 11 12 13 14 15 16 17 18 19 20 21 22 23 
Execution time: 3716 ms

Elapsed time: 252260 ms


Execution #70/10000

Seed: 70
Estimated max possible cost 367.778203
for path: 
0 1 2 3 4 5 6 7 8 9 10 11 12 13 14 15 16 17 18 19 20 21 22 23 
Execution time: 3699 ms

Elapsed time: 255959 ms


Execution #71/10000

Seed: 71
Estimated max possible cost 367.778203
for path: 
0 1 2 3 4 5 6 7 8 9 10 11 12 13 14 15 16 17 18 19 20 21 22 23 
Execution time: 3582 ms

Elapsed time: 259541 ms


Execution #72/10000

Seed: 72
Estimated max possible cost 367.778203
for path: 
0 1 2 3 4 5 6 7 8 9 10 11 12 13 14 15 16 17 18 19 20 21 22 23 
Execution time: 3681 ms

Elapsed time: 263222 ms


Execution #73/10000

Seed: 73
Estimated max possible cost 367.778203
for path: 
0 1 2 3 4 5 6 7 8 9 10 11 12 13 14 15 16 17 18 19 20 21 22 23 
Execution time: 3674 ms

Elapsed time: 266896 ms


Execution #74/10000

Seed: 74
Estimated max possible cost 367.778203
for path: 
0 1 2 3 4 5 6 7 8 9 10 11 12 13 14 15 16 17 18 19 20 21 22 23 
Execution time: 3575 ms

Elapsed time: 270471 ms


Execution #75/10000

Seed: 75
Estimated max possible cost 367.778203
for path: 
0 1 2 3 4 5 6 7 8 9 10 11 12 13 14 15 16 17 18 19 20 21 22 23 
Execution time: 3602 ms

Elapsed time: 274073 ms


Execution #76/10000

Seed: 76
Estimated max possible cost 367.778203
for path: 
0 1 2 3 4 5 6 7 8 9 10 11 12 13 14 15 16 17 18 19 20 21 22 23 
Execution time: 3583 ms

Elapsed time: 277656 ms


Execution #77/10000

Seed: 77
Estimated max possible cost 367.778203
for path: 
0 1 2 3 4 5 6 7 8 9 10 11 12 13 14 15 16 17 18 19 20 21 22 23 
Execution time: 3696 ms

Elapsed time: 281352 ms


Execution #78/10000

Seed: 78
Estimated max possible cost 367.778203
for path: 
0 1 2 3 4 5 6 7 8 9 10 11 12 13 14 15 16 17 18 19 20 21 22 23 
Execution time: 3670 ms

Elapsed time: 285022 ms


Execution #79/10000

Seed: 79
Estimated max possible cost 367.778203
for path: 
0 1 2 3 4 5 6 7 8 9 10 11 12 13 14 15 16 17 18 19 20 21 22 23 
Execution time: 3885 ms

Elapsed time: 288907 ms


Execution #80/10000

Seed: 80
Estimated max possible cost 367.778203
for path: 
0 1 2 3 4 5 6 7 8 9 10 11 12 13 14 15 16 17 18 19 20 21 22 23 
Execution time: 4134 ms

Elapsed time: 293041 ms


Execution #81/10000

Seed: 81
Estimated max possible cost 367.778203
for path: 
0 1 2 3 4 5 6 7 8 9 10 11 12 13 14 15 16 17 18 19 20 21 22 23 
Execution time: 3830 ms

Elapsed time: 296871 ms


Execution #82/10000

Seed: 82
Estimated max possible cost 367.778203
for path: 
0 1 2 3 4 5 6 7 8 9 10 11 12 13 14 15 16 17 18 19 20 21 22 23 
Execution time: 3608 ms

Elapsed time: 300479 ms


Terminating due to timeout: 300479 ms >= 300000 ms

Executed runs: 81/10000
Total execution time: 300.479 s
Avg execution time: 3709.62 ms
