Solving SHP


Execution #1/10000

Seed: 1
Estimated max possible cost 372.858203
for path: 
0 1 2 3 4 5 6 7 8 9 10 11 12 13 14 15 16 17 18 19 20 21 22 23 24 25 
Memory needed for path: 300999140 locs, for costs: 251100200 locs.
Desired precision: 1e+06
Mem constraint for cost_t: 32 bits
Rounded to pow of 2 bytes mem constraint (capped at 64bits) for cost_t: 32 bits
Bits needed for an int to preserve precision: 29
Bits used per cost_t: 29
Selected cost_t = (u)int32_t
Solving with cost_t = j
Memory [GB] needed: 1.21575
Distances:
0, 5.08, 242.54, 232.423, 228.124, 218.013, 212.172, 212.044, 211.947, 211.88, 211.843, 211.837, 211.862, 211.917, 212.002, 212.117, 212.263, 212.44, 212.646, 212.882, 213.149, 196.958, 196.821, 196.716, 196.643, 196.604, 
5.08, 0, 247.599, 237.481, 233.181, 223.068, 217.244, 217.119, 217.024, 216.959, 216.923, 216.917, 216.941, 216.995, 217.078, 217.191, 217.333, 217.505, 217.707, 217.938, 218.198, 202.029, 201.895, 201.793, 201.722, 201.684, 
242.54, 247.599, 0, 10.16, 14.478, 24.638, 31.3255, 32.219, 33.2827, 34.501, 35.8581, 37.3389, 38.9292, 40.6162, 42.3883, 44.2354, 46.1484, 48.1194, 50.1417, 52.2092, 54.3168, 46.0364, 46.649, 47.3899, 48.2533, 49.2328, 
232.423, 237.481, 10.16, 0, 4.318, 14.478, 21.9236, 23.1823, 24.6393, 26.2617, 28.0207, 29.8922, 31.8565, 33.8973, 36.0018, 38.1592, 40.3612, 42.6009, 44.8725, 47.1716, 49.4942, 36.1805, 36.9568, 37.8877, 38.9623, 40.169, 
228.124, 233.181, 14.478, 4.318, 0, 10.16, 18.1765, 19.6764, 21.3738, 23.2254, 25.1973, 27.2633, 29.4037, 31.6034, 33.8507, 36.1368, 38.4548, 40.7992, 43.1658, 45.5511, 47.9522, 32.0493, 32.9231, 33.9648, 35.1595, 36.4921, 
218.013, 223.068, 24.638, 14.478, 10.16, 0, 11.1326, 13.4428, 15.8236, 18.2474, 20.6991, 23.1698, 25.654, 28.1482, 30.6499, 33.1575, 35.6696, 38.1854, 40.7042, 43.2255, 45.7489, 22.606, 23.8287, 25.2484, 26.834, 28.5578, 
212.172, 217.244, 31.3255, 21.9236, 18.1765, 11.1326, 0, 2.54, 5.08, 7.62, 10.16, 12.7, 15.24, 17.78, 20.32, 22.86, 25.4, 27.94, 30.48, 33.02, 35.56, 15.24, 15.4502, 16.0644, 17.0388, 18.3162, 
212.044, 217.119, 32.219, 23.1823, 19.6764, 13.4428, 2.54, 0, 2.54, 5.08, 7.62, 10.16, 12.7, 15.24, 17.78, 20.32, 22.86, 25.4, 27.94, 30.48, 33.02, 15.4502, 15.24, 15.4502, 16.0644, 17.0388, 
211.947, 217.024, 33.2827, 24.6393, 21.3738, 15.8236, 5.08, 2.54, 0, 2.54, 5.08, 7.62, 10.16, 12.7, 15.24, 17.78, 20.32, 22.86, 25.4, 27.94, 30.48, 16.0644, 15.4502, 15.24, 15.4502, 16.0644, 
211.88, 216.959, 34.501, 26.2617, 23.2254, 18.2474, 7.62, 5.08, 2.54, 0, 2.54, 5.08, 7.62, 10.16, 12.7, 15.24, 17.78, 20.32, 22.86, 25.4, 27.94, 17.0388, 16.0644, 15.4502, 15.24, 15.4502, 
211.843, 216.923, 35.8581, 28.0207, 25.1973, 20.6991, 10.16, 7.62, 5.08, 2.54, 0, 2.54, 5.08, 7.62, 10.16, 12.7, 15.24, 17.78, 20.32, 22.86, 25.4, 18.3162, 17.0388, 16.0644, 15.4502, 15.24, 
211.837, 216.917, 37.3389, 29.8922, 27.2633, 23.1698, 12.7, 10.16, 7.62, 5.08, 2.54, 0, 2.54, 5.08, 7.62, 10.16, 12.7, 15.24, 17.78, 20.32, 22.86, 19.838, 18.3162, 17.0388, 16.0644, 15.4502, 
211.862, 216.941, 38.9292, 31.8565, 29.4037, 25.654, 15.24, 12.7, 10.16, 7.62, 5.08, 2.54, 0, 2.54, 5.08, 7.62, 10.16, 12.7, 15.24, 17.78, 20.32, 21.5526, 19.838, 18.3162, 17.0388, 16.0644, 
211.917, 216.995, 40.6162, 33.8973, 31.6034, 28.1482, 17.78, 15.24, 12.7, 10.16, 7.62, 5.08, 2.54, 0, 2.54, 5.08, 7.62, 10.16, 12.7, 15.24, 17.78, 23.4176, 21.5526, 19.838, 18.3162, 17.0388, 
212.002, 217.078, 42.3883, 36.0018, 33.8507, 30.6499, 20.32, 17.78, 15.24, 12.7, 10.16, 7.62, 5.08, 2.54, 0, 2.54, 5.08, 7.62, 10.16, 12.7, 15.24, 25.4, 23.4176, 21.5526, 19.838, 18.3162, 
212.117, 217.191, 44.2354, 38.1592, 36.1368, 33.1575, 22.86, 20.32, 17.78, 15.24, 12.7, 10.16, 7.62, 5.08, 2.54, 0, 2.54, 5.08, 7.62, 10.16, 12.7, 27.4743, 25.4, 23.4176, 21.5526, 19.838, 
212.263, 217.333, 46.1484, 40.3612, 38.4548, 35.6696, 25.4, 22.86, 20.32, 17.78, 15.24, 12.7, 10.16, 7.62, 5.08, 2.54, 0, 2.54, 5.08, 7.62, 10.16, 29.6212, 27.4743, 25.4, 23.4176, 21.5526, 
212.44, 217.505, 48.1194, 42.6009, 40.7992, 38.1854, 27.94, 25.4, 22.86, 20.32, 17.78, 15.24, 12.7, 10.16, 7.62, 5.08, 2.54, 0, 2.54, 5.08, 7.62, 31.8261, 29.6212, 27.4743, 25.4, 23.4176, 
212.646, 217.707, 50.1417, 44.8725, 43.1658, 40.7042, 30.48, 27.94, 25.4, 22.86, 20.32, 17.78, 15.24, 12.7, 10.16, 7.62, 5.08, 2.54, 0, 2.54, 5.08, 34.0777, 31.8261, 29.6212, 27.4743, 25.4, 
212.882, 217.938, 52.2092, 47.1716, 45.5511, 43.2255, 33.02, 30.48, 27.94, 25.4, 22.86, 20.32, 17.78, 15.24, 12.7, 10.16, 7.62, 5.08, 2.54, 0, 2.54, 36.3673, 34.0777, 31.8261, 29.6212, 27.4743, 
213.149, 218.198, 54.3168, 49.4942, 47.9522, 45.7489, 35.56, 33.02, 30.48, 27.94, 25.4, 22.86, 20.32, 17.78, 15.24, 12.7, 10.16, 7.62, 5.08, 2.54, 0, 38.6881, 36.3673, 34.0777, 31.8261, 29.6212, 
196.958, 202.029, 46.0364, 36.1805, 32.0493, 22.606, 15.24, 15.4502, 16.0644, 17.0388, 18.3162, 19.838, 21.5526, 23.4176, 25.4, 27.4743, 29.6212, 31.8261, 34.0777, 36.3673, 38.6881, 0, 2.54, 5.08, 7.62, 10.16, 
196.821, 201.895, 46.649, 36.9568, 32.9231, 23.8287, 15.4502, 15.24, 15.4502, 16.0644, 17.0388, 18.3162, 19.838, 21.5526, 23.4176, 25.4, 27.4743, 29.6212, 31.8261, 34.0777, 36.3673, 2.54, 0, 2.54, 5.08, 7.62, 
196.716, 201.793, 47.3899, 37.8877, 33.9648, 25.2484, 16.0644, 15.4502, 15.24, 15.4502, 16.0644, 17.0388, 18.3162, 19.838, 21.5526, 23.4176, 25.4, 27.4743, 29.6212, 31.8261, 34.0777, 5.08, 2.54, 0, 2.54, 5.08, 
196.643, 201.722, 48.2533, 38.9623, 35.1595, 26.834, 17.0388, 16.0644, 15.4502, 15.24, 15.4502, 16.0644, 17.0388, 18.3162, 19.838, 21.5526, 23.4176, 25.4, 27.4743, 29.6212, 31.8261, 7.62, 5.08, 2.54, 0, 2.54, 
196.604, 201.684, 49.2328, 40.169, 36.4921, 28.5578, 18.3162, 17.0388, 16.0644, 15.4502, 15.24, 15.4502, 16.0644, 17.0388, 18.3162, 19.838, 21.5526, 23.4176, 25.4, 27.4743, 29.6212, 10.16, 7.62, 5.08, 2.54, 0, 
Scaled Distances:
0, 3.253e+07, 3.0737e+09, 2.94413e+09, 2.88908e+09, 2.75959e+09, 2.68478e+09, 2.68314e+09, 2.6819e+09, 2.68104e+09, 2.68057e+09, 2.68049e+09, 2.68081e+09, 2.68151e+09, 2.6826e+09, 2.68408e+09, 2.68595e+09, 2.68821e+09, 2.69085e+09, 2.69388e+09, 2.69729e+09, 2.48993e+09, 2.48817e+09, 2.48683e+09, 2.4859e+09, 2.4854e+09, 
3.253e+07, 0, 3.1385e+09, 3.00891e+09, 2.95385e+09, 2.82433e+09, 2.74974e+09, 2.74814e+09, 2.74692e+09, 2.74609e+09, 2.74563e+09, 2.74555e+09, 2.74586e+09, 2.74654e+09, 2.74761e+09, 2.74905e+09, 2.75088e+09, 2.75308e+09, 2.75567e+09, 2.75863e+09, 2.76196e+09, 2.55488e+09, 2.55316e+09, 2.55185e+09, 2.55095e+09, 2.55046e+09, 
3.0737e+09, 3.1385e+09, 0, 9.75901e+07, 1.52891e+08, 2.83011e+08, 3.68659e+08, 3.80102e+08, 3.93725e+08, 4.09328e+08, 4.26708e+08, 4.45673e+08, 4.6604e+08, 4.87646e+08, 5.10342e+08, 5.33997e+08, 5.58497e+08, 5.8374e+08, 6.0964e+08, 6.36119e+08, 6.63111e+08, 5.57063e+08, 5.64908e+08, 5.74397e+08, 5.85455e+08, 5.97999e+08, 
2.94413e+09, 3.00891e+09, 9.75901e+07, 0, 2.2771e+07, 1.52891e+08, 2.48248e+08, 2.64368e+08, 2.83028e+08, 3.03806e+08, 3.26334e+08, 3.50303e+08, 3.75459e+08, 4.01597e+08, 4.28548e+08, 4.56179e+08, 4.8438e+08, 5.13064e+08, 5.42157e+08, 5.71601e+08, 6.01347e+08, 4.30838e+08, 4.40779e+08, 4.52702e+08, 4.66464e+08, 4.81918e+08, 
2.88908e+09, 2.95385e+09, 1.52891e+08, 2.2771e+07, 0, 9.75901e+07, 2.00259e+08, 2.19468e+08, 2.41206e+08, 2.6492e+08, 2.90174e+08, 3.16634e+08, 3.44046e+08, 3.72217e+08, 4.00999e+08, 4.30278e+08, 4.59965e+08, 4.8999e+08, 5.20299e+08, 5.50847e+08, 5.81599e+08, 3.77929e+08, 3.8912e+08, 4.02461e+08, 4.17761e+08, 4.34828e+08, 
2.75959e+09, 2.82433e+09, 2.83011e+08, 1.52891e+08, 9.75901e+07, 0, 1.10047e+08, 1.39634e+08, 1.70125e+08, 2.01166e+08, 2.32565e+08, 2.64207e+08, 2.96023e+08, 3.27967e+08, 3.60007e+08, 3.92121e+08, 4.24294e+08, 4.56515e+08, 4.88773e+08, 5.21064e+08, 5.53381e+08, 2.56987e+08, 2.72646e+08, 2.90829e+08, 3.11136e+08, 3.33212e+08, 
2.68478e+09, 2.74974e+09, 3.68659e+08, 2.48248e+08, 2.00259e+08, 1.10047e+08, 0, 0, 3.253e+07, 6.50601e+07, 9.75901e+07, 1.3012e+08, 1.6265e+08, 1.9518e+08, 2.2771e+08, 2.6024e+08, 2.9277e+08, 3.253e+08, 3.5783e+08, 3.90361e+08, 4.22891e+08, 1.6265e+08, 1.65342e+08, 1.73208e+08, 1.85688e+08, 2.02047e+08, 
2.68314e+09, 2.74814e+09, 3.80102e+08, 2.64368e+08, 2.19468e+08, 1.39634e+08, 0, 0, 0, 3.253e+07, 6.50601e+07, 9.75901e+07, 1.3012e+08, 1.6265e+08, 1.9518e+08, 2.2771e+08, 2.6024e+08, 2.9277e+08, 3.253e+08, 3.5783e+08, 3.90361e+08, 1.65342e+08, 1.6265e+08, 1.65342e+08, 1.73208e+08, 1.85688e+08, 
2.6819e+09, 2.74692e+09, 3.93725e+08, 2.83028e+08, 2.41206e+08, 1.70125e+08, 3.253e+07, 0, 0, 0, 3.253e+07, 6.50601e+07, 9.75901e+07, 1.3012e+08, 1.6265e+08, 1.9518e+08, 2.2771e+08, 2.6024e+08, 2.9277e+08, 3.253e+08, 3.5783e+08, 1.73208e+08, 1.65342e+08, 1.6265e+08, 1.65342e+08, 1.73208e+08, 
2.68104e+09, 2.74609e+09, 4.09328e+08, 3.03806e+08, 2.6492e+08, 2.01166e+08, 6.50601e+07, 3.253e+07, 0, 0, 0, 3.253e+07, 6.50601e+07, 9.75901e+07, 1.3012e+08, 1.6265e+08, 1.9518e+08, 2.2771e+08, 2.6024e+08, 2.9277e+08, 3.253e+08, 1.85688e+08, 1.73208e+08, 1.65342e+08, 1.6265e+08, 1.65342e+08, 
2.68057e+09, 2.74563e+09, 4.26708e+08, 3.26334e+08, 2.90174e+08, 2.32565e+08, 9.75901e+07, 6.50601e+07, 3.253e+07, 0, 0, 0, 3.253e+07, 6.50601e+07, 9.75901e+07, 1.3012e+08, 1.6265e+08, 1.9518e+08, 2.2771e+08, 2.6024e+08, 2.9277e+08, 2.02047e+08, 1.85688e+08, 1.73208e+08, 1.65342e+08, 1.6265e+08, 
2.68049e+09, 2.74555e+09, 4.45673e+08, 3.50303e+08, 3.16634e+08, 2.64207e+08, 1.3012e+08, 9.75901e+07, 6.50601e+07, 3.253e+07, 0, 0, 0, 3.253e+07, 6.50601e+07, 9.75901e+07, 1.3012e+08, 1.6265e+08, 1.9518e+08, 2.2771e+08, 2.6024e+08, 2.21538e+08, 2.02047e+08, 1.85688e+08, 1.73208e+08, 1.65342e+08, 
2.68081e+09, 2.74586e+09, 4.6604e+08, 3.75459e+08, 3.44046e+08, 2.96023e+08, 1.6265e+08, 1.3012e+08, 9.75901e+07, 6.50601e+07, 3.253e+07, 0, 0, 0, 3.253e+07, 6.50601e+07, 9.75901e+07, 1.3012e+08, 1.6265e+08, 1.9518e+08, 2.2771e+08, 2.43497e+08, 2.21538e+08, 2.02047e+08, 1.85688e+08, 1.73208e+08, 
2.68151e+09, 2.74654e+09, 4.87646e+08, 4.01597e+08, 3.72217e+08, 3.27967e+08, 1.9518e+08, 1.6265e+08, 1.3012e+08, 9.75901e+07, 6.50601e+07, 3.253e+07, 0, 0, 0, 3.253e+07, 6.50601e+07, 9.75901e+07, 1.3012e+08, 1.6265e+08, 1.9518e+08, 2.67382e+08, 2.43497e+08, 2.21538e+08, 2.02047e+08, 1.85688e+08, 
2.6826e+09, 2.74761e+09, 5.10342e+08, 4.28548e+08, 4.00999e+08, 3.60007e+08, 2.2771e+08, 1.9518e+08, 1.6265e+08, 1.3012e+08, 9.75901e+07, 6.50601e+07, 3.253e+07, 0, 0, 0, 3.253e+07, 6.50601e+07, 9.75901e+07, 1.3012e+08, 1.6265e+08, 2.9277e+08, 2.67382e+08, 2.43497e+08, 2.21538e+08, 2.02047e+08, 
2.68408e+09, 2.74905e+09, 5.33997e+08, 4.56179e+08, 4.30278e+08, 3.92121e+08, 2.6024e+08, 2.2771e+08, 1.9518e+08, 1.6265e+08, 1.3012e+08, 9.75901e+07, 6.50601e+07, 3.253e+07, 0, 0, 0, 3.253e+07, 6.50601e+07, 9.75901e+07, 1.3012e+08, 3.19336e+08, 2.9277e+08, 2.67382e+08, 2.43497e+08, 2.21538e+08, 
2.68595e+09, 2.75088e+09, 5.58497e+08, 4.8438e+08, 4.59965e+08, 4.24294e+08, 2.9277e+08, 2.6024e+08, 2.2771e+08, 1.9518e+08, 1.6265e+08, 1.3012e+08, 9.75901e+07, 6.50601e+07, 3.253e+07, 0, 0, 0, 3.253e+07, 6.50601e+07, 9.75901e+07, 3.46832e+08, 3.19336e+08, 2.9277e+08, 2.67382e+08, 2.43497e+08, 
2.68821e+09, 2.75308e+09, 5.8374e+08, 5.13064e+08, 4.8999e+08, 4.56515e+08, 3.253e+08, 2.9277e+08, 2.6024e+08, 2.2771e+08, 1.9518e+08, 1.6265e+08, 1.3012e+08, 9.75901e+07, 6.50601e+07, 3.253e+07, 0, 0, 0, 3.253e+07, 6.50601e+07, 3.7507e+08, 3.46832e+08, 3.19336e+08, 2.9277e+08, 2.67382e+08, 
2.69085e+09, 2.75567e+09, 6.0964e+08, 5.42157e+08, 5.20299e+08, 4.88773e+08, 3.5783e+08, 3.253e+08, 2.9277e+08, 2.6024e+08, 2.2771e+08, 1.9518e+08, 1.6265e+08, 1.3012e+08, 9.75901e+07, 6.50601e+07, 3.253e+07, 0, 0, 0, 3.253e+07, 4.03906e+08, 3.7507e+08, 3.46832e+08, 3.19336e+08, 2.9277e+08, 
2.69388e+09, 2.75863e+09, 6.36119e+08, 5.71601e+08, 5.50847e+08, 5.21064e+08, 3.90361e+08, 3.5783e+08, 3.253e+08, 2.9277e+08, 2.6024e+08, 2.2771e+08, 1.9518e+08, 1.6265e+08, 1.3012e+08, 9.75901e+07, 6.50601e+07, 3.253e+07, 0, 0, 0, 4.33229e+08, 4.03906e+08, 3.7507e+08, 3.46832e+08, 3.19336e+08, 
2.69729e+09, 2.76196e+09, 6.63111e+08, 6.01347e+08, 5.81599e+08, 5.53381e+08, 4.22891e+08, 3.90361e+08, 3.5783e+08, 3.253e+08, 2.9277e+08, 2.6024e+08, 2.2771e+08, 1.9518e+08, 1.6265e+08, 1.3012e+08, 9.75901e+07, 6.50601e+07, 3.253e+07, 0, 0, 4.62953e+08, 4.33229e+08, 4.03906e+08, 3.7507e+08, 3.46832e+08, 
2.48993e+09, 2.55488e+09, 5.57063e+08, 4.30838e+08, 3.77929e+08, 2.56987e+08, 1.6265e+08, 1.65342e+08, 1.73208e+08, 1.85688e+08, 2.02047e+08, 2.21538e+08, 2.43497e+08, 2.67382e+08, 2.9277e+08, 3.19336e+08, 3.46832e+08, 3.7507e+08, 4.03906e+08, 4.33229e+08, 4.62953e+08, 0, 0, 3.253e+07, 6.50601e+07, 9.75901e+07, 
2.48817e+09, 2.55316e+09, 5.64908e+08, 4.40779e+08, 3.8912e+08, 2.72646e+08, 1.65342e+08, 1.6265e+08, 1.65342e+08, 1.73208e+08, 1.85688e+08, 2.02047e+08, 2.21538e+08, 2.43497e+08, 2.67382e+08, 2.9277e+08, 3.19336e+08, 3.46832e+08, 3.7507e+08, 4.03906e+08, 4.33229e+08, 0, 0, 0, 3.253e+07, 6.50601e+07, 
2.48683e+09, 2.55185e+09, 5.74397e+08, 4.52702e+08, 4.02461e+08, 2.90829e+08, 1.73208e+08, 1.65342e+08, 1.6265e+08, 1.65342e+08, 1.73208e+08, 1.85688e+08, 2.02047e+08, 2.21538e+08, 2.43497e+08, 2.67382e+08, 2.9277e+08, 3.19336e+08, 3.46832e+08, 3.7507e+08, 4.03906e+08, 3.253e+07, 0, 0, 0, 3.253e+07, 
2.4859e+09, 2.55095e+09, 5.85455e+08, 4.66464e+08, 4.17761e+08, 3.11136e+08, 1.85688e+08, 1.73208e+08, 1.65342e+08, 1.6265e+08, 1.65342e+08, 1.73208e+08, 1.85688e+08, 2.02047e+08, 2.21538e+08, 2.43497e+08, 2.67382e+08, 2.9277e+08, 3.19336e+08, 3.46832e+08, 3.7507e+08, 6.50601e+07, 3.253e+07, 0, 0, 0, 
2.4854e+09, 2.55046e+09, 5.97999e+08, 4.81918e+08, 4.34828e+08, 3.33212e+08, 2.02047e+08, 1.85688e+08, 1.73208e+08, 1.65342e+08, 1.6265e+08, 1.65342e+08, 1.73208e+08, 1.85688e+08, 2.02047e+08, 2.21538e+08, 2.43497e+08, 2.67382e+08, 2.9277e+08, 3.19336e+08, 3.46832e+08, 9.75901e+07, 6.50601e+07, 3.253e+07, 0, 0, 
Optimal total distance (scaled) for 26 points: 3.19729e+09
Optimal total distance for 26 points: 313.149981
Corresponding path (0-indexed):
Point #2
Point #3
Point #4
Point #5
Point #6
Point #7
Point #8
Point #9
Point #10
Point #11
Point #12
Point #13
Point #14
Point #15
Point #16
Point #17
Point #18
Point #19
Point #20
Point #25
Point #24
Point #23
Point #22
Point #21
Point #0
Point #1
Execution time: 17259 ms

Elapsed time: 17259 ms


Execution #2/10000

Seed: 2
Estimated max possible cost 372.858203
for path: 
0 1 2 3 4 5 6 7 8 9 10 11 12 13 14 15 16 17 18 19 20 21 22 23 24 25 
Execution time: 16555 ms

Elapsed time: 33814 ms


Execution #3/10000

Seed: 3
Estimated max possible cost 372.858203
for path: 
0 1 2 3 4 5 6 7 8 9 10 11 12 13 14 15 16 17 18 19 20 21 22 23 24 25 
Execution time: 16946 ms

Elapsed time: 50760 ms


Execution #4/10000

Seed: 4
Estimated max possible cost 372.858203
for path: 
0 1 2 3 4 5 6 7 8 9 10 11 12 13 14 15 16 17 18 19 20 21 22 23 24 25 
Execution time: 17086 ms

Elapsed time: 67846 ms


Execution #5/10000

Seed: 5
Estimated max possible cost 372.858203
for path: 
0 1 2 3 4 5 6 7 8 9 10 11 12 13 14 15 16 17 18 19 20 21 22 23 24 25 
Execution time: 16917 ms

Elapsed time: 84763 ms


Execution #6/10000

Seed: 6
Estimated max possible cost 372.858203
for path: 
0 1 2 3 4 5 6 7 8 9 10 11 12 13 14 15 16 17 18 19 20 21 22 23 24 25 
Execution time: 16885 ms

Elapsed time: 101648 ms


Execution #7/10000

Seed: 7
Estimated max possible cost 372.858203
for path: 
0 1 2 3 4 5 6 7 8 9 10 11 12 13 14 15 16 17 18 19 20 21 22 23 24 25 
Execution time: 16677 ms

Elapsed time: 118325 ms


Execution #8/10000

Seed: 8
Estimated max possible cost 372.858203
for path: 
0 1 2 3 4 5 6 7 8 9 10 11 12 13 14 15 16 17 18 19 20 21 22 23 24 25 
Execution time: 16645 ms

Elapsed time: 134970 ms


Execution #9/10000

Seed: 9
Estimated max possible cost 372.858203
for path: 
0 1 2 3 4 5 6 7 8 9 10 11 12 13 14 15 16 17 18 19 20 21 22 23 24 25 
Execution time: 16971 ms

Elapsed time: 151941 ms


Execution #10/10000

Seed: 10
Estimated max possible cost 372.858203
for path: 
0 1 2 3 4 5 6 7 8 9 10 11 12 13 14 15 16 17 18 19 20 21 22 23 24 25 
Execution time: 16676 ms

Elapsed time: 168617 ms


Execution #11/10000

Seed: 11
Estimated max possible cost 372.858203
for path: 
0 1 2 3 4 5 6 7 8 9 10 11 12 13 14 15 16 17 18 19 20 21 22 23 24 25 
Execution time: 16659 ms

Elapsed time: 185276 ms


Execution #12/10000

Seed: 12
Estimated max possible cost 372.858203
for path: 
0 1 2 3 4 5 6 7 8 9 10 11 12 13 14 15 16 17 18 19 20 21 22 23 24 25 
Execution time: 16646 ms

Elapsed time: 201922 ms


Execution #13/10000

Seed: 13
Estimated max possible cost 372.858203
for path: 
0 1 2 3 4 5 6 7 8 9 10 11 12 13 14 15 16 17 18 19 20 21 22 23 24 25 
Execution time: 17054 ms

Elapsed time: 218976 ms


Execution #14/10000

Seed: 14
Estimated max possible cost 372.858203
for path: 
0 1 2 3 4 5 6 7 8 9 10 11 12 13 14 15 16 17 18 19 20 21 22 23 24 25 
Execution time: 16731 ms

Elapsed time: 235707 ms


Execution #15/10000

Seed: 15
Estimated max possible cost 372.858203
for path: 
0 1 2 3 4 5 6 7 8 9 10 11 12 13 14 15 16 17 18 19 20 21 22 23 24 25 
Execution time: 16313 ms

Elapsed time: 252020 ms


Execution #16/10000

Seed: 16
Estimated max possible cost 372.858203
for path: 
0 1 2 3 4 5 6 7 8 9 10 11 12 13 14 15 16 17 18 19 20 21 22 23 24 25 
Execution time: 16842 ms

Elapsed time: 268862 ms


Execution #17/10000

Seed: 17
Estimated max possible cost 372.858203
for path: 
0 1 2 3 4 5 6 7 8 9 10 11 12 13 14 15 16 17 18 19 20 21 22 23 24 25 
Execution time: 15818 ms

Elapsed time: 284680 ms


Execution #18/10000

Seed: 18
Estimated max possible cost 372.858203
for path: 
0 1 2 3 4 5 6 7 8 9 10 11 12 13 14 15 16 17 18 19 20 21 22 23 24 25 
Execution time: 16707 ms

Elapsed time: 301387 ms


Terminating due to timeout: 301387 ms >= 300000 ms

Executed runs: 17/10000
Total execution time: 301.387 s
Avg execution time: 17728.6 ms
