Solving TSP


Execution #1/10000

Seed: 1
Estimated max possible cost 526.113394
for path: 
0 1 2 3 4 5 6 7 8 9 10 11 12 13 14 15 16 0
Memory needed for path: 158928 locs, for costs: 183040 locs.
Desired precision: 10000
Mem constraint for cost_t: 32 bits
Rounded to pow of 2 bytes mem constraint (capped at 64bits) for cost_t: 32 bits
Bits needed for an int to preserve precision: 23
Bits used per cost_t: 23
Selected cost_t = (u)int32_t
Solving with cost_t = j
Memory [GB] needed: 0.00082989
Distances:
0, 5.08, 242.54, 232.423, 228.124, 218.013, 212.172, 212.044, 211.947, 211.88, 211.843, 211.837, 211.862, 211.917, 212.002, 212.117, 212.263, 
5.08, 0, 247.599, 237.481, 233.181, 223.068, 217.244, 217.119, 217.024, 216.959, 216.923, 216.917, 216.941, 216.995, 217.078, 217.191, 217.333, 
242.54, 247.599, 0, 10.16, 14.478, 24.638, 31.3255, 32.219, 33.2827, 34.501, 35.8581, 37.3389, 38.9292, 40.6162, 42.3883, 44.2354, 46.1484, 
232.423, 237.481, 10.16, 0, 4.318, 14.478, 21.9236, 23.1823, 24.6393, 26.2617, 28.0207, 29.8922, 31.8565, 33.8973, 36.0018, 38.1592, 40.3612, 
228.124, 233.181, 14.478, 4.318, 0, 10.16, 18.1765, 19.6764, 21.3738, 23.2254, 25.1973, 27.2633, 29.4037, 31.6034, 33.8507, 36.1368, 38.4548, 
218.013, 223.068, 24.638, 14.478, 10.16, 0, 11.1326, 13.4428, 15.8236, 18.2474, 20.6991, 23.1698, 25.654, 28.1482, 30.6499, 33.1575, 35.6696, 
212.172, 217.244, 31.3255, 21.9236, 18.1765, 11.1326, 0, 2.54, 5.08, 7.62, 10.16, 12.7, 15.24, 17.78, 20.32, 22.86, 25.4, 
212.044, 217.119, 32.219, 23.1823, 19.6764, 13.4428, 2.54, 0, 2.54, 5.08, 7.62, 10.16, 12.7, 15.24, 17.78, 20.32, 22.86, 
211.947, 217.024, 33.2827, 24.6393, 21.3738, 15.8236, 5.08, 2.54, 0, 2.54, 5.08, 7.62, 10.16, 12.7, 15.24, 17.78, 20.32, 
211.88, 216.959, 34.501, 26.2617, 23.2254, 18.2474, 7.62, 5.08, 2.54, 0, 2.54, 5.08, 7.62, 10.16, 12.7, 15.24, 17.78, 
211.843, 216.923, 35.8581, 28.0207, 25.1973, 20.6991, 10.16, 7.62, 5.08, 2.54, 0, 2.54, 5.08, 7.62, 10.16, 12.7, 15.24, 
211.837, 216.917, 37.3389, 29.8922, 27.2633, 23.1698, 12.7, 10.16, 7.62, 5.08, 2.54, 0, 2.54, 5.08, 7.62, 10.16, 12.7, 
211.862, 216.941, 38.9292, 31.8565, 29.4037, 25.654, 15.24, 12.7, 10.16, 7.62, 5.08, 2.54, 0, 2.54, 5.08, 7.62, 10.16, 
211.917, 216.995, 40.6162, 33.8973, 31.6034, 28.1482, 17.78, 15.24, 12.7, 10.16, 7.62, 5.08, 2.54, 0, 2.54, 5.08, 7.62, 
212.002, 217.078, 42.3883, 36.0018, 33.8507, 30.6499, 20.32, 17.78, 15.24, 12.7, 10.16, 7.62, 5.08, 2.54, 0, 2.54, 5.08, 
212.117, 217.191, 44.2354, 38.1592, 36.1368, 33.1575, 22.86, 20.32, 17.78, 15.24, 12.7, 10.16, 7.62, 5.08, 2.54, 0, 2.54, 
212.263, 217.333, 46.1484, 40.3612, 38.4548, 35.6696, 25.4, 22.86, 20.32, 17.78, 15.24, 12.7, 10.16, 7.62, 5.08, 2.54, 0, 
Scaled Distances:
0, 2.18213e+07, 2.06186e+09, 1.97494e+09, 1.93801e+09, 1.85115e+09, 1.80097e+09, 1.79987e+09, 1.79903e+09, 1.79846e+09, 1.79814e+09, 1.79809e+09, 1.7983e+09, 1.79877e+09, 1.7995e+09, 1.8005e+09, 1.80175e+09, 
2.18213e+07, 0, 2.10532e+09, 2.01839e+09, 1.98146e+09, 1.89457e+09, 1.84454e+09, 1.84347e+09, 1.84265e+09, 1.84209e+09, 1.84178e+09, 1.84173e+09, 1.84194e+09, 1.8424e+09, 1.84311e+09, 1.84408e+09, 1.84531e+09, 
2.06186e+09, 2.10532e+09, 0, 6.5464e+07, 1.0256e+08, 1.89846e+08, 2.47299e+08, 2.54974e+08, 2.64113e+08, 2.7458e+08, 2.86238e+08, 2.9896e+08, 3.12622e+08, 3.27115e+08, 3.4234e+08, 3.58208e+08, 3.74643e+08, 
1.97494e+09, 2.01839e+09, 6.5464e+07, 0, 1.52749e+07, 1.0256e+08, 1.66526e+08, 1.77339e+08, 1.89857e+08, 2.03795e+08, 2.18907e+08, 2.34985e+08, 2.5186e+08, 2.69393e+08, 2.87473e+08, 3.06008e+08, 3.24925e+08, 
1.93801e+09, 1.98146e+09, 1.0256e+08, 1.52749e+07, 0, 6.5464e+07, 1.34335e+08, 1.4722e+08, 1.61802e+08, 1.7771e+08, 1.9465e+08, 2.124e+08, 2.30788e+08, 2.49686e+08, 2.68993e+08, 2.88633e+08, 3.08547e+08, 
1.85115e+09, 1.89457e+09, 1.89846e+08, 1.0256e+08, 6.5464e+07, 0, 7.38199e+07, 9.36669e+07, 1.14121e+08, 1.34943e+08, 1.56006e+08, 1.77232e+08, 1.98574e+08, 2.20002e+08, 2.41495e+08, 2.63037e+08, 2.84619e+08, 
1.80097e+09, 1.84454e+09, 2.47299e+08, 1.66526e+08, 1.34335e+08, 7.38199e+07, 0, 0, 2.18213e+07, 4.36427e+07, 6.5464e+07, 8.72854e+07, 1.09107e+08, 1.30928e+08, 1.52749e+08, 1.74571e+08, 1.96392e+08, 
1.79987e+09, 1.84347e+09, 2.54974e+08, 1.77339e+08, 1.4722e+08, 9.36669e+07, 0, 0, 0, 2.18213e+07, 4.36427e+07, 6.5464e+07, 8.72854e+07, 1.09107e+08, 1.30928e+08, 1.52749e+08, 1.74571e+08, 
1.79903e+09, 1.84265e+09, 2.64113e+08, 1.89857e+08, 1.61802e+08, 1.14121e+08, 2.18213e+07, 0, 0, 0, 2.18213e+07, 4.36427e+07, 6.5464e+07, 8.72854e+07, 1.09107e+08, 1.30928e+08, 1.52749e+08, 
1.79846e+09, 1.84209e+09, 2.7458e+08, 2.03795e+08, 1.7771e+08, 1.34943e+08, 4.36427e+07, 2.18213e+07, 0, 0, 0, 2.18213e+07, 4.36427e+07, 6.5464e+07, 8.72854e+07, 1.09107e+08, 1.30928e+08, 
1.79814e+09, 1.84178e+09, 2.86238e+08, 2.18907e+08, 1.9465e+08, 1.56006e+08, 6.5464e+07, 4.36427e+07, 2.18213e+07, 0, 0, 0, 2.18213e+07, 4.36427e+07, 6.5464e+07, 8.72854e+07, 1.09107e+08, 
1.79809e+09, 1.84173e+09, 2.9896e+08, 2.34985e+08, 2.124e+08, 1.77232e+08, 8.72854e+07, 6.5464e+07, 4.36427e+07, 2.18213e+07, 0, 0, 0, 2.18213e+07, 4.36427e+07, 6.5464e+07, 8.72854e+07, 
1.7983e+09, 1.84194e+09, 3.12622e+08, 2.5186e+08, 2.30788e+08, 1.98574e+08, 1.09107e+08, 8.72854e+07, 6.5464e+07, 4.36427e+07, 2.18213e+07, 0, 0, 0, 2.18213e+07, 4.36427e+07, 6.5464e+07, 
1.79877e+09, 1.8424e+09, 3.27115e+08, 2.69393e+08, 2.49686e+08, 2.20002e+08, 1.30928e+08, 1.09107e+08, 8.72854e+07, 6.5464e+07, 4.36427e+07, 2.18213e+07, 0, 0, 0, 2.18213e+07, 4.36427e+07, 
1.7995e+09, 1.84311e+09, 3.4234e+08, 2.87473e+08, 2.68993e+08, 2.41495e+08, 1.52749e+08, 1.30928e+08, 1.09107e+08, 8.72854e+07, 6.5464e+07, 4.36427e+07, 2.18213e+07, 0, 0, 0, 2.18213e+07, 
1.8005e+09, 1.84408e+09, 3.58208e+08, 3.06008e+08, 2.88633e+08, 2.63037e+08, 1.74571e+08, 1.52749e+08, 1.30928e+08, 1.09107e+08, 8.72854e+07, 6.5464e+07, 4.36427e+07, 2.18213e+07, 0, 0, 0, 
1.80175e+09, 1.84531e+09, 3.74643e+08, 3.24925e+08, 3.08547e+08, 2.84619e+08, 1.96392e+08, 1.74571e+08, 1.52749e+08, 1.30928e+08, 1.09107e+08, 8.72854e+07, 6.5464e+07, 4.36427e+07, 2.18213e+07, 0, 0, 
Optimal total distance (scaled) for 17 points: 4.11165e+09
Optimal total distance for 17 points: 521.774957
Corresponding path (0-indexed):
Point #16
Point #0
Point #1
Point #5
Point #4
Point #3
Point #2
Point #6
Point #7
Point #8
Point #9
Point #10
Point #11
Point #12
Point #13
Point #14
Point #15
Point #16
Execution time: 7 ms

Elapsed time: 7 ms


Execution #2/10000

Seed: 2
Estimated max possible cost 526.113394
for path: 
0 1 2 3 4 5 6 7 8 9 10 11 12 13 14 15 16 0
Execution time: 6 ms

Elapsed time: 13 ms


Execution #3/10000

Seed: 3
Estimated max possible cost 526.113394
for path: 
0 1 2 3 4 5 6 7 8 9 10 11 12 13 14 15 16 0
Execution time: 5 ms

Elapsed time: 18 ms


Execution #4/10000

Seed: 4
Estimated max possible cost 526.113394
for path: 
0 1 2 3 4 5 6 7 8 9 10 11 12 13 14 15 16 0
Execution time: 7 ms

Elapsed time: 25 ms


Execution #5/10000

Seed: 5
Estimated max possible cost 526.113394
for path: 
0 1 2 3 4 5 6 7 8 9 10 11 12 13 14 15 16 0
Execution time: 8 ms

Elapsed time: 33 ms


Execution #6/10000

Seed: 6
Estimated max possible cost 526.113394
for path: 
0 1 2 3 4 5 6 7 8 9 10 11 12 13 14 15 16 0
Execution time: 7 ms

Elapsed time: 40 ms


Execution #7/10000

Seed: 7
Estimated max possible cost 526.113394
for path: 
0 1 2 3 4 5 6 7 8 9 10 11 12 13 14 15 16 0
Execution time: 5 ms

Elapsed time: 45 ms


Execution #8/10000

Seed: 8
Estimated max possible cost 526.113394
for path: 
0 1 2 3 4 5 6 7 8 9 10 11 12 13 14 15 16 0
Execution time: 5 ms

Elapsed time: 50 ms


Execution #9/10000

Seed: 9
Estimated max possible cost 526.113394
for path: 
0 1 2 3 4 5 6 7 8 9 10 11 12 13 14 15 16 0
Execution time: 5 ms

Elapsed time: 55 ms


Execution #10/10000

Seed: 10
Estimated max possible cost 526.113394
for path: 
0 1 2 3 4 5 6 7 8 9 10 11 12 13 14 15 16 0
Execution time: 5 ms

Elapsed time: 60 ms


Execution #11/10000

Seed: 11
Estimated max possible cost 526.113394
for path: 
0 1 2 3 4 5 6 7 8 9 10 11 12 13 14 15 16 0
Execution time: 5 ms

Elapsed time: 65 ms


Execution #12/10000

Seed: 12
Estimated max possible cost 526.113394
for path: 
0 1 2 3 4 5 6 7 8 9 10 11 12 13 14 15 16 0
Execution time: 5 ms

Elapsed time: 70 ms


Execution #13/10000

Seed: 13
Estimated max possible cost 526.113394
for path: 
0 1 2 3 4 5 6 7 8 9 10 11 12 13 14 15 16 0
Execution time: 5 ms

Elapsed time: 75 ms


Execution #14/10000

Seed: 14
Estimated max possible cost 526.113394
for path: 
0 1 2 3 4 5 6 7 8 9 10 11 12 13 14 15 16 0
Execution time: 5 ms

Elapsed time: 80 ms


Execution #15/10000

Seed: 15
Estimated max possible cost 526.113394
for path: 
0 1 2 3 4 5 6 7 8 9 10 11 12 13 14 15 16 0
Execution time: 5 ms

Elapsed time: 85 ms


Execution #16/10000

Seed: 16
Estimated max possible cost 526.113394
for path: 
0 1 2 3 4 5 6 7 8 9 10 11 12 13 14 15 16 0
Execution time: 5 ms

Elapsed time: 90 ms


Execution #17/10000

Seed: 17
Estimated max possible cost 526.113394
for path: 
0 1 2 3 4 5 6 7 8 9 10 11 12 13 14 15 16 0
Execution time: 5 ms

Elapsed time: 95 ms


Execution #18/10000

Seed: 18
Estimated max possible cost 526.113394
for path: 
0 1 2 3 4 5 6 7 8 9 10 11 12 13 14 15 16 0
Execution time: 7 ms

Elapsed time: 102 ms


Execution #19/10000

Seed: 19
Estimated max possible cost 526.113394
for path: 
0 1 2 3 4 5 6 7 8 9 10 11 12 13 14 15 16 0
Execution time: 8 ms

Elapsed time: 110 ms


Execution #20/10000

Seed: 20
Estimated max possible cost 526.113394
for path: 
0 1 2 3 4 5 6 7 8 9 10 11 12 13 14 15 16 0
Execution time: 8 ms

Elapsed time: 118 ms


Execution #21/10000

Seed: 21
Estimated max possible cost 526.113394
for path: 
0 1 2 3 4 5 6 7 8 9 10 11 12 13 14 15 16 0
Execution time: 8 ms

Elapsed time: 126 ms


Execution #22/10000

Seed: 22
Estimated max possible cost 526.113394
for path: 
0 1 2 3 4 5 6 7 8 9 10 11 12 13 14 15 16 0
Execution time: 6 ms

Elapsed time: 132 ms


Execution #23/10000

Seed: 23
Estimated max possible cost 526.113394
for path: 
0 1 2 3 4 5 6 7 8 9 10 11 12 13 14 15 16 0
Execution time: 5 ms

Elapsed time: 137 ms


Execution #24/10000

Seed: 24
Estimated max possible cost 526.113394
for path: 
0 1 2 3 4 5 6 7 8 9 10 11 12 13 14 15 16 0
Execution time: 8 ms

Elapsed time: 145 ms


Execution #25/10000

Seed: 25
Estimated max possible cost 526.113394
for path: 
0 1 2 3 4 5 6 7 8 9 10 11 12 13 14 15 16 0
Execution time: 8 ms

Elapsed time: 153 ms


Execution #26/10000

Seed: 26
Estimated max possible cost 526.113394
for path: 
0 1 2 3 4 5 6 7 8 9 10 11 12 13 14 15 16 0
Execution time: 7 ms

Elapsed time: 160 ms


Execution #27/10000

Seed: 27
Estimated max possible cost 526.113394
for path: 
0 1 2 3 4 5 6 7 8 9 10 11 12 13 14 15 16 0
Execution time: 5 ms

Elapsed time: 165 ms


Execution #28/10000

Seed: 28
Estimated max possible cost 526.113394
for path: 
0 1 2 3 4 5 6 7 8 9 10 11 12 13 14 15 16 0
Execution time: 5 ms

Elapsed time: 170 ms


Execution #29/10000

Seed: 29
Estimated max possible cost 526.113394
for path: 
0 1 2 3 4 5 6 7 8 9 10 11 12 13 14 15 16 0
Execution time: 5 ms

Elapsed time: 175 ms


Execution #30/10000

Seed: 30
Estimated max possible cost 526.113394
for path: 
0 1 2 3 4 5 6 7 8 9 10 11 12 13 14 15 16 0
Execution time: 5 ms

Elapsed time: 180 ms


Execution #31/10000

Seed: 31
Estimated max possible cost 526.113394
for path: 
0 1 2 3 4 5 6 7 8 9 10 11 12 13 14 15 16 0
Execution time: 5 ms

Elapsed time: 185 ms


Execution #32/10000

Seed: 32
Estimated max possible cost 526.113394
for path: 
0 1 2 3 4 5 6 7 8 9 10 11 12 13 14 15 16 0
Execution time: 5 ms

Elapsed time: 190 ms


Execution #33/10000

Seed: 33
Estimated max possible cost 526.113394
for path: 
0 1 2 3 4 5 6 7 8 9 10 11 12 13 14 15 16 0
Execution time: 5 ms

Elapsed time: 195 ms


Execution #34/10000

Seed: 34
Estimated max possible cost 526.113394
for path: 
0 1 2 3 4 5 6 7 8 9 10 11 12 13 14 15 16 0
Execution time: 5 ms

Elapsed time: 200 ms


Execution #35/10000

Seed: 35
Estimated max possible cost 526.113394
for path: 
0 1 2 3 4 5 6 7 8 9 10 11 12 13 14 15 16 0
Execution time: 6 ms

Elapsed time: 206 ms


Execution #36/10000

Seed: 36
Estimated max possible cost 526.113394
for path: 
0 1 2 3 4 5 6 7 8 9 10 11 12 13 14 15 16 0
Execution time: 5 ms

Elapsed time: 211 ms


Execution #37/10000

Seed: 37
Estimated max possible cost 526.113394
for path: 
0 1 2 3 4 5 6 7 8 9 10 11 12 13 14 15 16 0
Execution time: 5 ms

Elapsed time: 216 ms


Execution #38/10000

Seed: 38
Estimated max possible cost 526.113394
for path: 
0 1 2 3 4 5 6 7 8 9 10 11 12 13 14 15 16 0
Execution time: 5 ms

Elapsed time: 221 ms


Execution #39/10000

Seed: 39
Estimated max possible cost 526.113394
for path: 
0 1 2 3 4 5 6 7 8 9 10 11 12 13 14 15 16 0
Execution time: 5 ms

Elapsed time: 226 ms


Execution #40/10000

Seed: 40
Estimated max possible cost 526.113394
for path: 
0 1 2 3 4 5 6 7 8 9 10 11 12 13 14 15 16 0
Execution time: 6 ms

Elapsed time: 232 ms


Execution #41/10000

Seed: 41
Estimated max possible cost 526.113394
for path: 
0 1 2 3 4 5 6 7 8 9 10 11 12 13 14 15 16 0
Execution time: 5 ms

Elapsed time: 237 ms


Execution #42/10000

Seed: 42
Estimated max possible cost 526.113394
for path: 
0 1 2 3 4 5 6 7 8 9 10 11 12 13 14 15 16 0
Execution time: 5 ms

Elapsed time: 242 ms


Execution #43/10000

Seed: 43
Estimated max possible cost 526.113394
for path: 
0 1 2 3 4 5 6 7 8 9 10 11 12 13 14 15 16 0
Execution time: 5 ms

Elapsed time: 247 ms


Execution #44/10000

Seed: 44
Estimated max possible cost 526.113394
for path: 
0 1 2 3 4 5 6 7 8 9 10 11 12 13 14 15 16 0
Execution time: 5 ms

Elapsed time: 252 ms


Execution #45/10000

Seed: 45
Estimated max possible cost 526.113394
for path: 
0 1 2 3 4 5 6 7 8 9 10 11 12 13 14 15 16 0
Execution time: 5 ms

Elapsed time: 257 ms


Execution #46/10000

Seed: 46
Estimated max possible cost 526.113394
for path: 
0 1 2 3 4 5 6 7 8 9 10 11 12 13 14 15 16 0
Execution time: 5 ms

Elapsed time: 262 ms


Execution #47/10000

Seed: 47
Estimated max possible cost 526.113394
for path: 
0 1 2 3 4 5 6 7 8 9 10 11 12 13 14 15 16 0
Execution time: 5 ms

Elapsed time: 267 ms


Execution #48/10000

Seed: 48
Estimated max possible cost 526.113394
for path: 
0 1 2 3 4 5 6 7 8 9 10 11 12 13 14 15 16 0
Execution time: 5 ms

Elapsed time: 272 ms


Execution #49/10000

Seed: 49
Estimated max possible cost 526.113394
for path: 
0 1 2 3 4 5 6 7 8 9 10 11 12 13 14 15 16 0
Execution time: 8 ms

Elapsed time: 280 ms


Execution #50/10000

Seed: 50
Estimated max possible cost 526.113394
for path: 
0 1 2 3 4 5 6 7 8 9 10 11 12 13 14 15 16 0
Execution time: 8 ms

Elapsed time: 288 ms


Execution #51/10000

Seed: 51
Estimated max possible cost 526.113394
for path: 
0 1 2 3 4 5 6 7 8 9 10 11 12 13 14 15 16 0
Execution time: 8 ms

Elapsed time: 296 ms


Execution #52/10000

Seed: 52
Estimated max possible cost 526.113394
for path: 
0 1 2 3 4 5 6 7 8 9 10 11 12 13 14 15 16 0
Execution time: 8 ms

Elapsed time: 304 ms


Execution #53/10000

Seed: 53
Estimated max possible cost 526.113394
for path: 
0 1 2 3 4 5 6 7 8 9 10 11 12 13 14 15 16 0
Execution time: 8 ms

Elapsed time: 312 ms


Execution #54/10000

Seed: 54
Estimated max possible cost 526.113394
for path: 
0 1 2 3 4 5 6 7 8 9 10 11 12 13 14 15 16 0
Execution time: 7 ms

Elapsed time: 319 ms


Execution #55/10000

Seed: 55
Estimated max possible cost 526.113394
for path: 
0 1 2 3 4 5 6 7 8 9 10 11 12 13 14 15 16 0
Execution time: 8 ms

Elapsed time: 327 ms


Execution #56/10000

Seed: 56
Estimated max possible cost 526.113394
for path: 
0 1 2 3 4 5 6 7 8 9 10 11 12 13 14 15 16 0
Execution time: 9 ms

Elapsed time: 336 ms


Execution #57/10000

Seed: 57
Estimated max possible cost 526.113394
for path: 
0 1 2 3 4 5 6 7 8 9 10 11 12 13 14 15 16 0
Execution time: 8 ms

Elapsed time: 344 ms


Execution #58/10000

Seed: 58
Estimated max possible cost 526.113394
for path: 
0 1 2 3 4 5 6 7 8 9 10 11 12 13 14 15 16 0
Execution time: 8 ms

Elapsed time: 352 ms


Execution #59/10000

Seed: 59
Estimated max possible cost 526.113394
for path: 
0 1 2 3 4 5 6 7 8 9 10 11 12 13 14 15 16 0
Execution time: 8 ms

Elapsed time: 360 ms


Execution #60/10000

Seed: 60
Estimated max possible cost 526.113394
for path: 
0 1 2 3 4 5 6 7 8 9 10 11 12 13 14 15 16 0
Execution time: 8 ms

Elapsed time: 368 ms


Execution #61/10000

Seed: 61
Estimated max possible cost 526.113394
for path: 
0 1 2 3 4 5 6 7 8 9 10 11 12 13 14 15 16 0
Execution time: 8 ms

Elapsed time: 376 ms


Execution #62/10000

Seed: 62
Estimated max possible cost 526.113394
for path: 
0 1 2 3 4 5 6 7 8 9 10 11 12 13 14 15 16 0
Execution time: 8 ms

Elapsed time: 384 ms


Execution #63/10000

Seed: 63
Estimated max possible cost 526.113394
for path: 
0 1 2 3 4 5 6 7 8 9 10 11 12 13 14 15 16 0
Execution time: 8 ms

Elapsed time: 392 ms


Execution #64/10000

Seed: 64
Estimated max possible cost 526.113394
for path: 
0 1 2 3 4 5 6 7 8 9 10 11 12 13 14 15 16 0
Execution time: 12 ms

Elapsed time: 404 ms


Execution #65/10000

Seed: 65
Estimated max possible cost 526.113394
for path: 
0 1 2 3 4 5 6 7 8 9 10 11 12 13 14 15 16 0
Execution time: 15 ms

Elapsed time: 419 ms


Execution #66/10000

Seed: 66
Estimated max possible cost 526.113394
for path: 
0 1 2 3 4 5 6 7 8 9 10 11 12 13 14 15 16 0
Execution time: 10 ms

Elapsed time: 429 ms


Execution #67/10000

Seed: 67
Estimated max possible cost 526.113394
for path: 
0 1 2 3 4 5 6 7 8 9 10 11 12 13 14 15 16 0
Execution time: 6 ms

Elapsed time: 435 ms


Execution #68/10000

Seed: 68
Estimated max possible cost 526.113394
for path: 
0 1 2 3 4 5 6 7 8 9 10 11 12 13 14 15 16 0
Execution time: 6 ms

Elapsed time: 441 ms


Execution #69/10000

Seed: 69
Estimated max possible cost 526.113394
for path: 
0 1 2 3 4 5 6 7 8 9 10 11 12 13 14 15 16 0
Execution time: 5 ms

Elapsed time: 446 ms


Execution #70/10000

Seed: 70
Estimated max possible cost 526.113394
for path: 
0 1 2 3 4 5 6 7 8 9 10 11 12 13 14 15 16 0
Execution time: 5 ms

Elapsed time: 451 ms


Execution #71/10000

Seed: 71
Estimated max possible cost 526.113394
for path: 
0 1 2 3 4 5 6 7 8 9 10 11 12 13 14 15 16 0
Execution time: 5 ms

Elapsed time: 456 ms


Execution #72/10000

Seed: 72
Estimated max possible cost 526.113394
for path: 
0 1 2 3 4 5 6 7 8 9 10 11 12 13 14 15 16 0
Execution time: 5 ms

Elapsed time: 461 ms


Execution #73/10000

Seed: 73
Estimated max possible cost 526.113394
for path: 
0 1 2 3 4 5 6 7 8 9 10 11 12 13 14 15 16 0
Execution time: 6 ms

Elapsed time: 467 ms


Execution #74/10000

Seed: 74
Estimated max possible cost 526.113394
for path: 
0 1 2 3 4 5 6 7 8 9 10 11 12 13 14 15 16 0
Execution time: 6 ms

Elapsed time: 473 ms


Execution #75/10000

Seed: 75
Estimated max possible cost 526.113394
for path: 
0 1 2 3 4 5 6 7 8 9 10 11 12 13 14 15 16 0
Execution time: 5 ms

Elapsed time: 478 ms


Execution #76/10000

Seed: 76
Estimated max possible cost 526.113394
for path: 
0 1 2 3 4 5 6 7 8 9 10 11 12 13 14 15 16 0
Execution time: 5 ms

Elapsed time: 483 ms


Execution #77/10000

Seed: 77
Estimated max possible cost 526.113394
for path: 
0 1 2 3 4 5 6 7 8 9 10 11 12 13 14 15 16 0
Execution time: 5 ms

Elapsed time: 488 ms


Execution #78/10000

Seed: 78
Estimated max possible cost 526.113394
for path: 
0 1 2 3 4 5 6 7 8 9 10 11 12 13 14 15 16 0
Execution time: 5 ms

Elapsed time: 493 ms


Execution #79/10000

Seed: 79
Estimated max possible cost 526.113394
for path: 
0 1 2 3 4 5 6 7 8 9 10 11 12 13 14 15 16 0
Execution time: 6 ms

Elapsed time: 499 ms


Execution #80/10000

Seed: 80
Estimated max possible cost 526.113394
for path: 
0 1 2 3 4 5 6 7 8 9 10 11 12 13 14 15 16 0
Execution time: 5 ms

Elapsed time: 504 ms


Execution #81/10000

Seed: 81
Estimated max possible cost 526.113394
for path: 
0 1 2 3 4 5 6 7 8 9 10 11 12 13 14 15 16 0
Execution time: 7 ms

Elapsed time: 511 ms


Execution #82/10000

Seed: 82
Estimated max possible cost 526.113394
for path: 
0 1 2 3 4 5 6 7 8 9 10 11 12 13 14 15 16 0
Execution time: 8 ms

Elapsed time: 519 ms


Execution #83/10000

Seed: 83
Estimated max possible cost 526.113394
for path: 
0 1 2 3 4 5 6 7 8 9 10 11 12 13 14 15 16 0
Execution time: 9 ms

Elapsed time: 528 ms


Execution #84/10000

Seed: 84
Estimated max possible cost 526.113394
for path: 
0 1 2 3 4 5 6 7 8 9 10 11 12 13 14 15 16 0
Execution time: 9 ms

Elapsed time: 537 ms


Execution #85/10000

Seed: 85
Estimated max possible cost 526.113394
for path: 
0 1 2 3 4 5 6 7 8 9 10 11 12 13 14 15 16 0
Execution time: 8 ms

Elapsed time: 545 ms


Execution #86/10000

Seed: 86
Estimated max possible cost 526.113394
for path: 
0 1 2 3 4 5 6 7 8 9 10 11 12 13 14 15 16 0
Execution time: 9 ms

Elapsed time: 554 ms


Execution #87/10000

Seed: 87
Estimated max possible cost 526.113394
for path: 
0 1 2 3 4 5 6 7 8 9 10 11 12 13 14 15 16 0
Execution time: 9 ms

Elapsed time: 563 ms


Execution #88/10000

Seed: 88
Estimated max possible cost 526.113394
for path: 
0 1 2 3 4 5 6 7 8 9 10 11 12 13 14 15 16 0
Execution time: 8 ms

Elapsed time: 571 ms


Execution #89/10000

Seed: 89
Estimated max possible cost 526.113394
for path: 
0 1 2 3 4 5 6 7 8 9 10 11 12 13 14 15 16 0
Execution time: 9 ms

Elapsed time: 580 ms


Execution #90/10000

Seed: 90
Estimated max possible cost 526.113394
for path: 
0 1 2 3 4 5 6 7 8 9 10 11 12 13 14 15 16 0
Execution time: 8 ms

Elapsed time: 588 ms


Execution #91/10000

Seed: 91
Estimated max possible cost 526.113394
for path: 
0 1 2 3 4 5 6 7 8 9 10 11 12 13 14 15 16 0
Execution time: 6 ms

Elapsed time: 594 ms


Execution #92/10000

Seed: 92
Estimated max possible cost 526.113394
for path: 
0 1 2 3 4 5 6 7 8 9 10 11 12 13 14 15 16 0
Execution time: 5 ms

Elapsed time: 599 ms


Execution #93/10000

Seed: 93
Estimated max possible cost 526.113394
for path: 
0 1 2 3 4 5 6 7 8 9 10 11 12 13 14 15 16 0
Execution time: 5 ms

Elapsed time: 604 ms


Execution #94/10000

Seed: 94
Estimated max possible cost 526.113394
for path: 
0 1 2 3 4 5 6 7 8 9 10 11 12 13 14 15 16 0
Execution time: 5 ms

Elapsed time: 609 ms


Execution #95/10000

Seed: 95
Estimated max possible cost 526.113394
for path: 
0 1 2 3 4 5 6 7 8 9 10 11 12 13 14 15 16 0
Execution time: 5 ms

Elapsed time: 614 ms


Execution #96/10000

Seed: 96
Estimated max possible cost 526.113394
for path: 
0 1 2 3 4 5 6 7 8 9 10 11 12 13 14 15 16 0
Execution time: 5 ms

Elapsed time: 619 ms


Execution #97/10000

Seed: 97
Estimated max possible cost 526.113394
for path: 
0 1 2 3 4 5 6 7 8 9 10 11 12 13 14 15 16 0
Execution time: 5 ms

Elapsed time: 624 ms


Execution #98/10000

Seed: 98
Estimated max possible cost 526.113394
for path: 
0 1 2 3 4 5 6 7 8 9 10 11 12 13 14 15 16 0
Execution time: 5 ms

Elapsed time: 629 ms


Execution #99/10000

Seed: 99
Estimated max possible cost 526.113394
for path: 
0 1 2 3 4 5 6 7 8 9 10 11 12 13 14 15 16 0
Execution time: 5 ms

Elapsed time: 634 ms


Execution #100/10000

Seed: 100
Estimated max possible cost 526.113394
for path: 
0 1 2 3 4 5 6 7 8 9 10 11 12 13 14 15 16 0
Execution time: 5 ms

Elapsed time: 639 ms


Execution #101/10000

Seed: 101
Estimated max possible cost 526.113394
for path: 
0 1 2 3 4 5 6 7 8 9 10 11 12 13 14 15 16 0
Execution time: 5 ms

Elapsed time: 644 ms


Execution #102/10000

Seed: 102
Estimated max possible cost 526.113394
for path: 
0 1 2 3 4 5 6 7 8 9 10 11 12 13 14 15 16 0
Execution time: 5 ms

Elapsed time: 649 ms


Execution #103/10000

Seed: 103
Estimated max possible cost 526.113394
for path: 
0 1 2 3 4 5 6 7 8 9 10 11 12 13 14 15 16 0
Execution time: 5 ms

Elapsed time: 654 ms


Execution #104/10000

Seed: 104
Estimated max possible cost 526.113394
for path: 
0 1 2 3 4 5 6 7 8 9 10 11 12 13 14 15 16 0
Execution time: 5 ms

Elapsed time: 659 ms


Execution #105/10000

Seed: 105
Estimated max possible cost 526.113394
for path: 
0 1 2 3 4 5 6 7 8 9 10 11 12 13 14 15 16 0
Execution time: 5 ms

Elapsed time: 664 ms


Execution #106/10000

Seed: 106
Estimated max possible cost 526.113394
for path: 
0 1 2 3 4 5 6 7 8 9 10 11 12 13 14 15 16 0
Execution time: 8 ms

Elapsed time: 672 ms


Execution #107/10000

Seed: 107
Estimated max possible cost 526.113394
for path: 
0 1 2 3 4 5 6 7 8 9 10 11 12 13 14 15 16 0
Execution time: 8 ms

Elapsed time: 680 ms


Execution #108/10000

Seed: 108
Estimated max possible cost 526.113394
for path: 
0 1 2 3 4 5 6 7 8 9 10 11 12 13 14 15 16 0
Execution time: 8 ms

Elapsed time: 688 ms


Execution #109/10000

Seed: 109
Estimated max possible cost 526.113394
for path: 
0 1 2 3 4 5 6 7 8 9 10 11 12 13 14 15 16 0
Execution time: 8 ms

Elapsed time: 696 ms


Execution #110/10000

Seed: 110
Estimated max possible cost 526.113394
for path: 
0 1 2 3 4 5 6 7 8 9 10 11 12 13 14 15 16 0
Execution time: 9 ms

Elapsed time: 705 ms


Execution #111/10000

Seed: 111
Estimated max possible cost 526.113394
for path: 
0 1 2 3 4 5 6 7 8 9 10 11 12 13 14 15 16 0
Execution time: 12 ms

Elapsed time: 717 ms


Execution #112/10000

Seed: 112
Estimated max possible cost 526.113394
for path: 
0 1 2 3 4 5 6 7 8 9 10 11 12 13 14 15 16 0
Execution time: 9 ms

Elapsed time: 726 ms


Execution #113/10000

Seed: 113
Estimated max possible cost 526.113394
for path: 
0 1 2 3 4 5 6 7 8 9 10 11 12 13 14 15 16 0
Execution time: 13 ms

Elapsed time: 739 ms


Execution #114/10000

Seed: 114
Estimated max possible cost 526.113394
for path: 
0 1 2 3 4 5 6 7 8 9 10 11 12 13 14 15 16 0
Execution time: 8 ms

Elapsed time: 747 ms


Execution #115/10000

Seed: 115
Estimated max possible cost 526.113394
for path: 
0 1 2 3 4 5 6 7 8 9 10 11 12 13 14 15 16 0
Execution time: 5 ms

Elapsed time: 752 ms


Execution #116/10000

Seed: 116
Estimated max possible cost 526.113394
for path: 
0 1 2 3 4 5 6 7 8 9 10 11 12 13 14 15 16 0
Execution time: 7 ms

Elapsed time: 759 ms


Execution #117/10000

Seed: 117
Estimated max possible cost 526.113394
for path: 
0 1 2 3 4 5 6 7 8 9 10 11 12 13 14 15 16 0
Execution time: 5 ms

Elapsed time: 764 ms


Execution #118/10000

Seed: 118
Estimated max possible cost 526.113394
for path: 
0 1 2 3 4 5 6 7 8 9 10 11 12 13 14 15 16 0
Execution time: 5 ms

Elapsed time: 769 ms


Execution #119/10000

Seed: 119
Estimated max possible cost 526.113394
for path: 
0 1 2 3 4 5 6 7 8 9 10 11 12 13 14 15 16 0
Execution time: 5 ms

Elapsed time: 774 ms


Execution #120/10000

Seed: 120
Estimated max possible cost 526.113394
for path: 
0 1 2 3 4 5 6 7 8 9 10 11 12 13 14 15 16 0
Execution time: 7 ms

Elapsed time: 781 ms


Execution #121/10000

Seed: 121
Estimated max possible cost 526.113394
for path: 
0 1 2 3 4 5 6 7 8 9 10 11 12 13 14 15 16 0
Execution time: 8 ms

Elapsed time: 789 ms


Execution #122/10000

Seed: 122
Estimated max possible cost 526.113394
for path: 
0 1 2 3 4 5 6 7 8 9 10 11 12 13 14 15 16 0
Execution time: 8 ms

Elapsed time: 797 ms


Execution #123/10000

Seed: 123
Estimated max possible cost 526.113394
for path: 
0 1 2 3 4 5 6 7 8 9 10 11 12 13 14 15 16 0
Execution time: 8 ms

Elapsed time: 805 ms


Execution #124/10000

Seed: 124
Estimated max possible cost 526.113394
for path: 
0 1 2 3 4 5 6 7 8 9 10 11 12 13 14 15 16 0
Execution time: 8 ms

Elapsed time: 813 ms


Execution #125/10000

Seed: 125
Estimated max possible cost 526.113394
for path: 
0 1 2 3 4 5 6 7 8 9 10 11 12 13 14 15 16 0
Execution time: 8 ms

Elapsed time: 821 ms


Execution #126/10000

Seed: 126
Estimated max possible cost 526.113394
for path: 
0 1 2 3 4 5 6 7 8 9 10 11 12 13 14 15 16 0
Execution time: 7 ms

Elapsed time: 828 ms


Execution #127/10000

Seed: 127
Estimated max possible cost 526.113394
for path: 
0 1 2 3 4 5 6 7 8 9 10 11 12 13 14 15 16 0
Execution time: 9 ms

Elapsed time: 837 ms


Execution #128/10000

Seed: 128
Estimated max possible cost 526.113394
for path: 
0 1 2 3 4 5 6 7 8 9 10 11 12 13 14 15 16 0
Execution time: 8 ms

Elapsed time: 845 ms


Execution #129/10000

Seed: 129
Estimated max possible cost 526.113394
for path: 
0 1 2 3 4 5 6 7 8 9 10 11 12 13 14 15 16 0
Execution time: 8 ms

Elapsed time: 853 ms


Execution #130/10000

Seed: 130
Estimated max possible cost 526.113394
for path: 
0 1 2 3 4 5 6 7 8 9 10 11 12 13 14 15 16 0
Execution time: 8 ms

Elapsed time: 861 ms


Execution #131/10000

Seed: 131
Estimated max possible cost 526.113394
for path: 
0 1 2 3 4 5 6 7 8 9 10 11 12 13 14 15 16 0
Execution time: 8 ms

Elapsed time: 869 ms


Execution #132/10000

Seed: 132
Estimated max possible cost 526.113394
for path: 
0 1 2 3 4 5 6 7 8 9 10 11 12 13 14 15 16 0
Execution time: 5 ms

Elapsed time: 874 ms


Execution #133/10000

Seed: 133
Estimated max possible cost 526.113394
for path: 
0 1 2 3 4 5 6 7 8 9 10 11 12 13 14 15 16 0
Execution time: 5 ms

Elapsed time: 879 ms


Execution #134/10000

Seed: 134
Estimated max possible cost 526.113394
for path: 
0 1 2 3 4 5 6 7 8 9 10 11 12 13 14 15 16 0
Execution time: 6 ms

Elapsed time: 885 ms


Execution #135/10000

Seed: 135
Estimated max possible cost 526.113394
for path: 
0 1 2 3 4 5 6 7 8 9 10 11 12 13 14 15 16 0
Execution time: 6 ms

Elapsed time: 891 ms


Execution #136/10000

Seed: 136
Estimated max possible cost 526.113394
for path: 
0 1 2 3 4 5 6 7 8 9 10 11 12 13 14 15 16 0
Execution time: 5 ms

Elapsed time: 896 ms


Execution #137/10000

Seed: 137
Estimated max possible cost 526.113394
for path: 
0 1 2 3 4 5 6 7 8 9 10 11 12 13 14 15 16 0
Execution time: 5 ms

Elapsed time: 901 ms


Execution #138/10000

Seed: 138
Estimated max possible cost 526.113394
for path: 
0 1 2 3 4 5 6 7 8 9 10 11 12 13 14 15 16 0
Execution time: 5 ms

Elapsed time: 906 ms


Execution #139/10000

Seed: 139
Estimated max possible cost 526.113394
for path: 
0 1 2 3 4 5 6 7 8 9 10 11 12 13 14 15 16 0
Execution time: 5 ms

Elapsed time: 911 ms


Execution #140/10000

Seed: 140
Estimated max possible cost 526.113394
for path: 
0 1 2 3 4 5 6 7 8 9 10 11 12 13 14 15 16 0
Execution time: 6 ms

Elapsed time: 917 ms


Execution #141/10000

Seed: 141
Estimated max possible cost 526.113394
for path: 
0 1 2 3 4 5 6 7 8 9 10 11 12 13 14 15 16 0
Execution time: 7 ms

Elapsed time: 924 ms


Execution #142/10000

Seed: 142
Estimated max possible cost 526.113394
for path: 
0 1 2 3 4 5 6 7 8 9 10 11 12 13 14 15 16 0
Execution time: 7 ms

Elapsed time: 931 ms


Execution #143/10000

Seed: 143
Estimated max possible cost 526.113394
for path: 
0 1 2 3 4 5 6 7 8 9 10 11 12 13 14 15 16 0
Execution time: 6 ms

Elapsed time: 937 ms


Execution #144/10000

Seed: 144
Estimated max possible cost 526.113394
for path: 
0 1 2 3 4 5 6 7 8 9 10 11 12 13 14 15 16 0
Execution time: 5 ms

Elapsed time: 942 ms


Execution #145/10000

Seed: 145
Estimated max possible cost 526.113394
for path: 
0 1 2 3 4 5 6 7 8 9 10 11 12 13 14 15 16 0
Execution time: 5 ms

Elapsed time: 947 ms


Execution #146/10000

Seed: 146
Estimated max possible cost 526.113394
for path: 
0 1 2 3 4 5 6 7 8 9 10 11 12 13 14 15 16 0
Execution time: 5 ms

Elapsed time: 952 ms


Execution #147/10000

Seed: 147
Estimated max possible cost 526.113394
for path: 
0 1 2 3 4 5 6 7 8 9 10 11 12 13 14 15 16 0
Execution time: 5 ms

Elapsed time: 957 ms


Execution #148/10000

Seed: 148
Estimated max possible cost 526.113394
for path: 
0 1 2 3 4 5 6 7 8 9 10 11 12 13 14 15 16 0
Execution time: 5 ms

Elapsed time: 962 ms


Execution #149/10000

Seed: 149
Estimated max possible cost 526.113394
for path: 
0 1 2 3 4 5 6 7 8 9 10 11 12 13 14 15 16 0
Execution time: 5 ms

Elapsed time: 967 ms


Execution #150/10000

Seed: 150
Estimated max possible cost 526.113394
for path: 
0 1 2 3 4 5 6 7 8 9 10 11 12 13 14 15 16 0
Execution time: 5 ms

Elapsed time: 972 ms


Execution #151/10000

Seed: 151
Estimated max possible cost 526.113394
for path: 
0 1 2 3 4 5 6 7 8 9 10 11 12 13 14 15 16 0
Execution time: 5 ms

Elapsed time: 977 ms


Execution #152/10000

Seed: 152
Estimated max possible cost 526.113394
for path: 
0 1 2 3 4 5 6 7 8 9 10 11 12 13 14 15 16 0
Execution time: 5 ms

Elapsed time: 982 ms


Execution #153/10000

Seed: 153
Estimated max possible cost 526.113394
for path: 
0 1 2 3 4 5 6 7 8 9 10 11 12 13 14 15 16 0
Execution time: 5 ms

Elapsed time: 987 ms


Execution #154/10000

Seed: 154
Estimated max possible cost 526.113394
for path: 
0 1 2 3 4 5 6 7 8 9 10 11 12 13 14 15 16 0
Execution time: 6 ms

Elapsed time: 993 ms


Execution #155/10000

Seed: 155
Estimated max possible cost 526.113394
for path: 
0 1 2 3 4 5 6 7 8 9 10 11 12 13 14 15 16 0
Execution time: 8 ms

Elapsed time: 1001 ms


Execution #156/10000

Seed: 156
Estimated max possible cost 526.113394
for path: 
0 1 2 3 4 5 6 7 8 9 10 11 12 13 14 15 16 0
Execution time: 7 ms

Elapsed time: 1008 ms


Execution #157/10000

Seed: 157
Estimated max possible cost 526.113394
for path: 
0 1 2 3 4 5 6 7 8 9 10 11 12 13 14 15 16 0
Execution time: 8 ms

Elapsed time: 1016 ms


Execution #158/10000

Seed: 158
Estimated max possible cost 526.113394
for path: 
0 1 2 3 4 5 6 7 8 9 10 11 12 13 14 15 16 0
Execution time: 8 ms

Elapsed time: 1024 ms


Execution #159/10000

Seed: 159
Estimated max possible cost 526.113394
for path: 
0 1 2 3 4 5 6 7 8 9 10 11 12 13 14 15 16 0
Execution time: 8 ms

Elapsed time: 1032 ms


Execution #160/10000

Seed: 160
Estimated max possible cost 526.113394
for path: 
0 1 2 3 4 5 6 7 8 9 10 11 12 13 14 15 16 0
Execution time: 8 ms

Elapsed time: 1040 ms


Execution #161/10000

Seed: 161
Estimated max possible cost 526.113394
for path: 
0 1 2 3 4 5 6 7 8 9 10 11 12 13 14 15 16 0
Execution time: 8 ms

Elapsed time: 1048 ms


Execution #162/10000

Seed: 162
Estimated max possible cost 526.113394
for path: 
0 1 2 3 4 5 6 7 8 9 10 11 12 13 14 15 16 0
Execution time: 7 ms

Elapsed time: 1055 ms


Execution #163/10000

Seed: 163
Estimated max possible cost 526.113394
for path: 
0 1 2 3 4 5 6 7 8 9 10 11 12 13 14 15 16 0
Execution time: 7 ms

Elapsed time: 1062 ms


Execution #164/10000

Seed: 164
Estimated max possible cost 526.113394
for path: 
0 1 2 3 4 5 6 7 8 9 10 11 12 13 14 15 16 0
Execution time: 7 ms

Elapsed time: 1069 ms


Execution #165/10000

Seed: 165
Estimated max possible cost 526.113394
for path: 
0 1 2 3 4 5 6 7 8 9 10 11 12 13 14 15 16 0
Execution time: 5 ms

Elapsed time: 1074 ms


Execution #166/10000

Seed: 166
Estimated max possible cost 526.113394
for path: 
0 1 2 3 4 5 6 7 8 9 10 11 12 13 14 15 16 0
Execution time: 5 ms

Elapsed time: 1079 ms


Execution #167/10000

Seed: 167
Estimated max possible cost 526.113394
for path: 
0 1 2 3 4 5 6 7 8 9 10 11 12 13 14 15 16 0
Execution time: 8 ms

Elapsed time: 1087 ms


Execution #168/10000

Seed: 168
Estimated max possible cost 526.113394
for path: 
0 1 2 3 4 5 6 7 8 9 10 11 12 13 14 15 16 0
Execution time: 16 ms

Elapsed time: 1103 ms


Execution #169/10000

Seed: 169
Estimated max possible cost 526.113394
for path: 
0 1 2 3 4 5 6 7 8 9 10 11 12 13 14 15 16 0
Execution time: 11 ms

Elapsed time: 1114 ms


Execution #170/10000

Seed: 170
Estimated max possible cost 526.113394
for path: 
0 1 2 3 4 5 6 7 8 9 10 11 12 13 14 15 16 0
Execution time: 10 ms

Elapsed time: 1124 ms


Execution #171/10000

Seed: 171
Estimated max possible cost 526.113394
for path: 
0 1 2 3 4 5 6 7 8 9 10 11 12 13 14 15 16 0
Execution time: 8 ms

Elapsed time: 1132 ms


Execution #172/10000

Seed: 172
Estimated max possible cost 526.113394
for path: 
0 1 2 3 4 5 6 7 8 9 10 11 12 13 14 15 16 0
Execution time: 5 ms

Elapsed time: 1137 ms


Execution #173/10000

Seed: 173
Estimated max possible cost 526.113394
for path: 
0 1 2 3 4 5 6 7 8 9 10 11 12 13 14 15 16 0
Execution time: 5 ms

Elapsed time: 1142 ms


Execution #174/10000

Seed: 174
Estimated max possible cost 526.113394
for path: 
0 1 2 3 4 5 6 7 8 9 10 11 12 13 14 15 16 0
Execution time: 5 ms

Elapsed time: 1147 ms


Execution #175/10000

Seed: 175
Estimated max possible cost 526.113394
for path: 
0 1 2 3 4 5 6 7 8 9 10 11 12 13 14 15 16 0
Execution time: 5 ms

Elapsed time: 1152 ms


Execution #176/10000

Seed: 176
Estimated max possible cost 526.113394
for path: 
0 1 2 3 4 5 6 7 8 9 10 11 12 13 14 15 16 0
Execution time: 4 ms

Elapsed time: 1156 ms


Execution #177/10000

Seed: 177
Estimated max possible cost 526.113394
for path: 
0 1 2 3 4 5 6 7 8 9 10 11 12 13 14 15 16 0
Execution time: 6 ms

Elapsed time: 1162 ms


Execution #178/10000

Seed: 178
Estimated max possible cost 526.113394
for path: 
0 1 2 3 4 5 6 7 8 9 10 11 12 13 14 15 16 0
Execution time: 8 ms

Elapsed time: 1170 ms


Execution #179/10000

Seed: 179
Estimated max possible cost 526.113394
for path: 
0 1 2 3 4 5 6 7 8 9 10 11 12 13 14 15 16 0
Execution time: 9 ms

Elapsed time: 1179 ms


Execution #180/10000

Seed: 180
Estimated max possible cost 526.113394
for path: 
0 1 2 3 4 5 6 7 8 9 10 11 12 13 14 15 16 0
Execution time: 8 ms

Elapsed time: 1187 ms


Execution #181/10000

Seed: 181
Estimated max possible cost 526.113394
for path: 
0 1 2 3 4 5 6 7 8 9 10 11 12 13 14 15 16 0
Execution time: 8 ms

Elapsed time: 1195 ms


Execution #182/10000

Seed: 182
Estimated max possible cost 526.113394
for path: 
0 1 2 3 4 5 6 7 8 9 10 11 12 13 14 15 16 0
Execution time: 8 ms

Elapsed time: 1203 ms


Execution #183/10000

Seed: 183
Estimated max possible cost 526.113394
for path: 
0 1 2 3 4 5 6 7 8 9 10 11 12 13 14 15 16 0
Execution time: 7 ms

Elapsed time: 1210 ms


Execution #184/10000

Seed: 184
Estimated max possible cost 526.113394
for path: 
0 1 2 3 4 5 6 7 8 9 10 11 12 13 14 15 16 0
Execution time: 5 ms

Elapsed time: 1215 ms


Execution #185/10000

Seed: 185
Estimated max possible cost 526.113394
for path: 
0 1 2 3 4 5 6 7 8 9 10 11 12 13 14 15 16 0
Execution time: 5 ms

Elapsed time: 1220 ms


Execution #186/10000

Seed: 186
Estimated max possible cost 526.113394
for path: 
0 1 2 3 4 5 6 7 8 9 10 11 12 13 14 15 16 0
Execution time: 6 ms

Elapsed time: 1226 ms


Execution #187/10000

Seed: 187
Estimated max possible cost 526.113394
for path: 
0 1 2 3 4 5 6 7 8 9 10 11 12 13 14 15 16 0
Execution time: 5 ms

Elapsed time: 1231 ms


Execution #188/10000

Seed: 188
Estimated max possible cost 526.113394
for path: 
0 1 2 3 4 5 6 7 8 9 10 11 12 13 14 15 16 0
Execution time: 5 ms

Elapsed time: 1236 ms


Execution #189/10000

Seed: 189
Estimated max possible cost 526.113394
for path: 
0 1 2 3 4 5 6 7 8 9 10 11 12 13 14 15 16 0
Execution time: 5 ms

Elapsed time: 1241 ms


Execution #190/10000

Seed: 190
Estimated max possible cost 526.113394
for path: 
0 1 2 3 4 5 6 7 8 9 10 11 12 13 14 15 16 0
Execution time: 5 ms

Elapsed time: 1246 ms


Execution #191/10000

Seed: 191
Estimated max possible cost 526.113394
for path: 
0 1 2 3 4 5 6 7 8 9 10 11 12 13 14 15 16 0
Execution time: 5 ms

Elapsed time: 1251 ms


Execution #192/10000

Seed: 192
Estimated max possible cost 526.113394
for path: 
0 1 2 3 4 5 6 7 8 9 10 11 12 13 14 15 16 0
Execution time: 5 ms

Elapsed time: 1256 ms


Execution #193/10000

Seed: 193
Estimated max possible cost 526.113394
for path: 
0 1 2 3 4 5 6 7 8 9 10 11 12 13 14 15 16 0
Execution time: 5 ms

Elapsed time: 1261 ms


Execution #194/10000

Seed: 194
Estimated max possible cost 526.113394
for path: 
0 1 2 3 4 5 6 7 8 9 10 11 12 13 14 15 16 0
Execution time: 5 ms

Elapsed time: 1266 ms


Execution #195/10000

Seed: 195
Estimated max possible cost 526.113394
for path: 
0 1 2 3 4 5 6 7 8 9 10 11 12 13 14 15 16 0
Execution time: 5 ms

Elapsed time: 1271 ms


Execution #196/10000

Seed: 196
Estimated max possible cost 526.113394
for path: 
0 1 2 3 4 5 6 7 8 9 10 11 12 13 14 15 16 0
Execution time: 5 ms

Elapsed time: 1276 ms


Execution #197/10000

Seed: 197
Estimated max possible cost 526.113394
for path: 
0 1 2 3 4 5 6 7 8 9 10 11 12 13 14 15 16 0
Execution time: 5 ms

Elapsed time: 1281 ms


Execution #198/10000

Seed: 198
Estimated max possible cost 526.113394
for path: 
0 1 2 3 4 5 6 7 8 9 10 11 12 13 14 15 16 0
Execution time: 5 ms

Elapsed time: 1286 ms


Execution #199/10000

Seed: 199
Estimated max possible cost 526.113394
for path: 
0 1 2 3 4 5 6 7 8 9 10 11 12 13 14 15 16 0
Execution time: 5 ms

Elapsed time: 1291 ms


Execution #200/10000

Seed: 200
Estimated max possible cost 526.113394
for path: 
