Solving TSP


Execution #1/10000

Seed: 1
Estimated max possible cost 528.829608
for path: 
0 1 2 3 4 5 6 7 8 9 10 11 12 13 14 15 16 17 0
Memory needed for path: 252892 locs, for costs: 330616 locs.
Desired precision: 10000
Mem constraint for cost_t: 32 bits
Rounded to pow of 2 bytes mem constraint (capped at 64bits) for cost_t: 32 bits
Bits needed for an int to preserve precision: 23
Bits used per cost_t: 23
Selected cost_t = (u)int32_t
Solving with cost_t = j
Memory [GB] needed: 0.00146716
Distances:
0, 5.08, 242.54, 232.423, 228.124, 218.013, 212.172, 212.044, 211.947, 211.88, 211.843, 211.837, 211.862, 211.917, 212.002, 212.117, 212.263, 212.44, 
5.08, 0, 247.599, 237.481, 233.181, 223.068, 217.244, 217.119, 217.024, 216.959, 216.923, 216.917, 216.941, 216.995, 217.078, 217.191, 217.333, 217.505, 
242.54, 247.599, 0, 10.16, 14.478, 24.638, 31.3255, 32.219, 33.2827, 34.501, 35.8581, 37.3389, 38.9292, 40.6162, 42.3883, 44.2354, 46.1484, 48.1194, 
232.423, 237.481, 10.16, 0, 4.318, 14.478, 21.9236, 23.1823, 24.6393, 26.2617, 28.0207, 29.8922, 31.8565, 33.8973, 36.0018, 38.1592, 40.3612, 42.6009, 
228.124, 233.181, 14.478, 4.318, 0, 10.16, 18.1765, 19.6764, 21.3738, 23.2254, 25.1973, 27.2633, 29.4037, 31.6034, 33.8507, 36.1368, 38.4548, 40.7992, 
218.013, 223.068, 24.638, 14.478, 10.16, 0, 11.1326, 13.4428, 15.8236, 18.2474, 20.6991, 23.1698, 25.654, 28.1482, 30.6499, 33.1575, 35.6696, 38.1854, 
212.172, 217.244, 31.3255, 21.9236, 18.1765, 11.1326, 0, 2.54, 5.08, 7.62, 10.16, 12.7, 15.24, 17.78, 20.32, 22.86, 25.4, 27.94, 
212.044, 217.119, 32.219, 23.1823, 19.6764, 13.4428, 2.54, 0, 2.54, 5.08, 7.62, 10.16, 12.7, 15.24, 17.78, 20.32, 22.86, 25.4, 
211.947, 217.024, 33.2827, 24.6393, 21.3738, 15.8236, 5.08, 2.54, 0, 2.54, 5.08, 7.62, 10.16, 12.7, 15.24, 17.78, 20.32, 22.86, 
211.88, 216.959, 34.501, 26.2617, 23.2254, 18.2474, 7.62, 5.08, 2.54, 0, 2.54, 5.08, 7.62, 10.16, 12.7, 15.24, 17.78, 20.32, 
211.843, 216.923, 35.8581, 28.0207, 25.1973, 20.6991, 10.16, 7.62, 5.08, 2.54, 0, 2.54, 5.08, 7.62, 10.16, 12.7, 15.24, 17.78, 
211.837, 216.917, 37.3389, 29.8922, 27.2633, 23.1698, 12.7, 10.16, 7.62, 5.08, 2.54, 0, 2.54, 5.08, 7.62, 10.16, 12.7, 15.24, 
211.862, 216.941, 38.9292, 31.8565, 29.4037, 25.654, 15.24, 12.7, 10.16, 7.62, 5.08, 2.54, 0, 2.54, 5.08, 7.62, 10.16, 12.7, 
211.917, 216.995, 40.6162, 33.8973, 31.6034, 28.1482, 17.78, 15.24, 12.7, 10.16, 7.62, 5.08, 2.54, 0, 2.54, 5.08, 7.62, 10.16, 
212.002, 217.078, 42.3883, 36.0018, 33.8507, 30.6499, 20.32, 17.78, 15.24, 12.7, 10.16, 7.62, 5.08, 2.54, 0, 2.54, 5.08, 7.62, 
212.117, 217.191, 44.2354, 38.1592, 36.1368, 33.1575, 22.86, 20.32, 17.78, 15.24, 12.7, 10.16, 7.62, 5.08, 2.54, 0, 2.54, 5.08, 
212.263, 217.333, 46.1484, 40.3612, 38.4548, 35.6696, 25.4, 22.86, 20.32, 17.78, 15.24, 12.7, 10.16, 7.62, 5.08, 2.54, 0, 2.54, 
212.44, 217.505, 48.1194, 42.6009, 40.7992, 38.1854, 27.94, 25.4, 22.86, 20.32, 17.78, 15.24, 12.7, 10.16, 7.62, 5.08, 2.54, 0, 
Scaled Distances:
0, 2.17701e+07, 2.05702e+09, 1.97031e+09, 1.93346e+09, 1.8468e+09, 1.79674e+09, 1.79564e+09, 1.79481e+09, 1.79423e+09, 1.79392e+09, 1.79387e+09, 1.79408e+09, 1.79455e+09, 1.79528e+09, 1.79627e+09, 1.79752e+09, 1.79903e+09, 
2.17701e+07, 0, 2.10038e+09, 2.01366e+09, 1.97681e+09, 1.89013e+09, 1.84021e+09, 1.83914e+09, 1.83833e+09, 1.83777e+09, 1.83746e+09, 1.83741e+09, 1.83761e+09, 1.83807e+09, 1.83879e+09, 1.83975e+09, 1.84097e+09, 1.84245e+09, 
2.05702e+09, 2.10038e+09, 0, 6.53104e+07, 1.0232e+08, 1.894e+08, 2.46718e+08, 2.54376e+08, 2.63493e+08, 2.73935e+08, 2.85567e+08, 2.98258e+08, 3.11888e+08, 3.26348e+08, 3.41537e+08, 3.57368e+08, 3.73764e+08, 3.90657e+08, 
1.97031e+09, 2.01366e+09, 6.53104e+07, 0, 1.52391e+07, 1.0232e+08, 1.66135e+08, 1.76923e+08, 1.89411e+08, 2.03316e+08, 2.18393e+08, 2.34434e+08, 2.51269e+08, 2.68761e+08, 2.86798e+08, 3.05289e+08, 3.24162e+08, 3.43358e+08, 
1.93346e+09, 1.97681e+09, 1.0232e+08, 1.52391e+07, 0, 6.53104e+07, 1.34019e+08, 1.46875e+08, 1.61423e+08, 1.77293e+08, 1.94193e+08, 2.11901e+08, 2.30247e+08, 2.491e+08, 2.68361e+08, 2.87955e+08, 3.07823e+08, 3.27917e+08, 
1.8468e+09, 1.89013e+09, 1.894e+08, 1.0232e+08, 6.53104e+07, 0, 7.36466e+07, 9.34471e+07, 1.13853e+08, 1.34627e+08, 1.5564e+08, 1.76816e+08, 1.98108e+08, 2.19486e+08, 2.40928e+08, 2.6242e+08, 2.83951e+08, 3.05514e+08, 
1.79674e+09, 1.84021e+09, 2.46718e+08, 1.66135e+08, 1.34019e+08, 7.36466e+07, 0, 0, 2.17701e+07, 4.35402e+07, 6.53104e+07, 8.70805e+07, 1.08851e+08, 1.30621e+08, 1.52391e+08, 1.74161e+08, 1.95931e+08, 2.17701e+08, 
1.79564e+09, 1.83914e+09, 2.54376e+08, 1.76923e+08, 1.46875e+08, 9.34471e+07, 0, 0, 0, 2.17701e+07, 4.35402e+07, 6.53104e+07, 8.70805e+07, 1.08851e+08, 1.30621e+08, 1.52391e+08, 1.74161e+08, 1.95931e+08, 
1.79481e+09, 1.83833e+09, 2.63493e+08, 1.89411e+08, 1.61423e+08, 1.13853e+08, 2.17701e+07, 0, 0, 0, 2.17701e+07, 4.35402e+07, 6.53104e+07, 8.70805e+07, 1.08851e+08, 1.30621e+08, 1.52391e+08, 1.74161e+08, 
1.79423e+09, 1.83777e+09, 2.73935e+08, 2.03316e+08, 1.77293e+08, 1.34627e+08, 4.35402e+07, 2.17701e+07, 0, 0, 0, 2.17701e+07, 4.35402e+07, 6.53104e+07, 8.70805e+07, 1.08851e+08, 1.30621e+08, 1.52391e+08, 
1.79392e+09, 1.83746e+09, 2.85567e+08, 2.18393e+08, 1.94193e+08, 1.5564e+08, 6.53104e+07, 4.35402e+07, 2.17701e+07, 0, 0, 0, 2.17701e+07, 4.35402e+07, 6.53104e+07, 8.70805e+07, 1.08851e+08, 1.30621e+08, 
1.79387e+09, 1.83741e+09, 2.98258e+08, 2.34434e+08, 2.11901e+08, 1.76816e+08, 8.70805e+07, 6.53104e+07, 4.35402e+07, 2.17701e+07, 0, 0, 0, 2.17701e+07, 4.35402e+07, 6.53104e+07, 8.70805e+07, 1.08851e+08, 
1.79408e+09, 1.83761e+09, 3.11888e+08, 2.51269e+08, 2.30247e+08, 1.98108e+08, 1.08851e+08, 8.70805e+07, 6.53104e+07, 4.35402e+07, 2.17701e+07, 0, 0, 0, 2.17701e+07, 4.35402e+07, 6.53104e+07, 8.70805e+07, 
1.79455e+09, 1.83807e+09, 3.26348e+08, 2.68761e+08, 2.491e+08, 2.19486e+08, 1.30621e+08, 1.08851e+08, 8.70805e+07, 6.53104e+07, 4.35402e+07, 2.17701e+07, 0, 0, 0, 2.17701e+07, 4.35402e+07, 6.53104e+07, 
1.79528e+09, 1.83879e+09, 3.41537e+08, 2.86798e+08, 2.68361e+08, 2.40928e+08, 1.52391e+08, 1.30621e+08, 1.08851e+08, 8.70805e+07, 6.53104e+07, 4.35402e+07, 2.17701e+07, 0, 0, 0, 2.17701e+07, 4.35402e+07, 
1.79627e+09, 1.83975e+09, 3.57368e+08, 3.05289e+08, 2.87955e+08, 2.6242e+08, 1.74161e+08, 1.52391e+08, 1.30621e+08, 1.08851e+08, 8.70805e+07, 6.53104e+07, 4.35402e+07, 2.17701e+07, 0, 0, 0, 2.17701e+07, 
1.79752e+09, 1.84097e+09, 3.73764e+08, 3.24162e+08, 3.07823e+08, 2.83951e+08, 1.95931e+08, 1.74161e+08, 1.52391e+08, 1.30621e+08, 1.08851e+08, 8.70805e+07, 6.53104e+07, 4.35402e+07, 2.17701e+07, 0, 0, 0, 
1.79903e+09, 1.84245e+09, 3.90657e+08, 3.43358e+08, 3.27917e+08, 3.05514e+08, 2.17701e+08, 1.95931e+08, 1.74161e+08, 1.52391e+08, 1.30621e+08, 1.08851e+08, 8.70805e+07, 6.53104e+07, 4.35402e+07, 2.17701e+07, 0, 0, 
Optimal total distance (scaled) for 18 points: 4.10351e+09
Optimal total distance for 18 points: 524.491171
Corresponding path (0-indexed):
Point #17
Point #0
Point #1
Point #5
Point #4
Point #3
Point #2
Point #6
Point #7
Point #8
Point #9
Point #10
Point #11
Point #12
Point #13
Point #14
Point #15
Point #16
Point #17
Execution time: 17 ms

Elapsed time: 17 ms


Execution #2/10000

Seed: 2
Estimated max possible cost 528.829608
for path: 
0 1 2 3 4 5 6 7 8 9 10 11 12 13 14 15 16 17 0
Execution time: 16 ms

Elapsed time: 33 ms


Execution #3/10000

Seed: 3
Estimated max possible cost 528.829608
for path: 
0 1 2 3 4 5 6 7 8 9 10 11 12 13 14 15 16 17 0
Execution time: 13 ms

Elapsed time: 46 ms


Execution #4/10000

Seed: 4
Estimated max possible cost 528.829608
for path: 
0 1 2 3 4 5 6 7 8 9 10 11 12 13 14 15 16 17 0
Execution time: 13 ms

Elapsed time: 59 ms


Execution #5/10000

Seed: 5
Estimated max possible cost 528.829608
for path: 
0 1 2 3 4 5 6 7 8 9 10 11 12 13 14 15 16 17 0
Execution time: 13 ms

Elapsed time: 72 ms


Execution #6/10000

Seed: 6
Estimated max possible cost 528.829608
for path: 
0 1 2 3 4 5 6 7 8 9 10 11 12 13 14 15 16 17 0
Execution time: 13 ms

Elapsed time: 85 ms


Execution #7/10000

Seed: 7
Estimated max possible cost 528.829608
for path: 
0 1 2 3 4 5 6 7 8 9 10 11 12 13 14 15 16 17 0
Execution time: 20 ms

Elapsed time: 105 ms


Execution #8/10000

Seed: 8
Estimated max possible cost 528.829608
for path: 
0 1 2 3 4 5 6 7 8 9 10 11 12 13 14 15 16 17 0
Execution time: 18 ms

Elapsed time: 123 ms


Execution #9/10000

Seed: 9
Estimated max possible cost 528.829608
for path: 
0 1 2 3 4 5 6 7 8 9 10 11 12 13 14 15 16 17 0
Execution time: 14 ms

Elapsed time: 137 ms


Execution #10/10000

Seed: 10
Estimated max possible cost 528.829608
for path: 
0 1 2 3 4 5 6 7 8 9 10 11 12 13 14 15 16 17 0
Execution time: 14 ms

Elapsed time: 151 ms


Execution #11/10000

Seed: 11
Estimated max possible cost 528.829608
for path: 
0 1 2 3 4 5 6 7 8 9 10 11 12 13 14 15 16 17 0
Execution time: 13 ms

Elapsed time: 164 ms


Execution #12/10000

Seed: 12
Estimated max possible cost 528.829608
for path: 
0 1 2 3 4 5 6 7 8 9 10 11 12 13 14 15 16 17 0
Execution time: 14 ms

Elapsed time: 178 ms


Execution #13/10000

Seed: 13
Estimated max possible cost 528.829608
for path: 
0 1 2 3 4 5 6 7 8 9 10 11 12 13 14 15 16 17 0
Execution time: 13 ms

Elapsed time: 191 ms


Execution #14/10000

Seed: 14
Estimated max possible cost 528.829608
for path: 
0 1 2 3 4 5 6 7 8 9 10 11 12 13 14 15 16 17 0
Execution time: 19 ms

Elapsed time: 210 ms


Execution #15/10000

Seed: 15
Estimated max possible cost 528.829608
for path: 
0 1 2 3 4 5 6 7 8 9 10 11 12 13 14 15 16 17 0
Execution time: 19 ms

Elapsed time: 229 ms


Execution #16/10000

Seed: 16
Estimated max possible cost 528.829608
for path: 
0 1 2 3 4 5 6 7 8 9 10 11 12 13 14 15 16 17 0
Execution time: 14 ms

Elapsed time: 243 ms


Execution #17/10000

Seed: 17
Estimated max possible cost 528.829608
for path: 
0 1 2 3 4 5 6 7 8 9 10 11 12 13 14 15 16 17 0
Execution time: 12 ms

Elapsed time: 255 ms


Execution #18/10000

Seed: 18
Estimated max possible cost 528.829608
for path: 
0 1 2 3 4 5 6 7 8 9 10 11 12 13 14 15 16 17 0
Execution time: 12 ms

Elapsed time: 267 ms


Execution #19/10000

Seed: 19
Estimated max possible cost 528.829608
for path: 
0 1 2 3 4 5 6 7 8 9 10 11 12 13 14 15 16 17 0
Execution time: 19 ms

Elapsed time: 286 ms


Execution #20/10000

Seed: 20
Estimated max possible cost 528.829608
for path: 
0 1 2 3 4 5 6 7 8 9 10 11 12 13 14 15 16 17 0
Execution time: 21 ms

Elapsed time: 307 ms


Execution #21/10000

Seed: 21
Estimated max possible cost 528.829608
for path: 
0 1 2 3 4 5 6 7 8 9 10 11 12 13 14 15 16 17 0
Execution time: 19 ms

Elapsed time: 326 ms


Execution #22/10000

Seed: 22
Estimated max possible cost 528.829608
for path: 
0 1 2 3 4 5 6 7 8 9 10 11 12 13 14 15 16 17 0
Execution time: 13 ms

Elapsed time: 339 ms


Execution #23/10000

Seed: 23
Estimated max possible cost 528.829608
for path: 
0 1 2 3 4 5 6 7 8 9 10 11 12 13 14 15 16 17 0
Execution time: 14 ms

Elapsed time: 353 ms


Execution #24/10000

Seed: 24
Estimated max possible cost 528.829608
for path: 
0 1 2 3 4 5 6 7 8 9 10 11 12 13 14 15 16 17 0
Execution time: 22 ms

Elapsed time: 375 ms


Execution #25/10000

Seed: 25
Estimated max possible cost 528.829608
for path: 
0 1 2 3 4 5 6 7 8 9 10 11 12 13 14 15 16 17 0
Execution time: 20 ms

Elapsed time: 395 ms


Execution #26/10000

Seed: 26
Estimated max possible cost 528.829608
for path: 
0 1 2 3 4 5 6 7 8 9 10 11 12 13 14 15 16 17 0
Execution time: 34 ms

Elapsed time: 429 ms


Execution #27/10000

Seed: 27
Estimated max possible cost 528.829608
for path: 
0 1 2 3 4 5 6 7 8 9 10 11 12 13 14 15 16 17 0
Execution time: 19 ms

Elapsed time: 448 ms


Execution #28/10000

Seed: 28
Estimated max possible cost 528.829608
for path: 
0 1 2 3 4 5 6 7 8 9 10 11 12 13 14 15 16 17 0
Execution time: 14 ms

Elapsed time: 462 ms


Execution #29/10000

Seed: 29
Estimated max possible cost 528.829608
for path: 
0 1 2 3 4 5 6 7 8 9 10 11 12 13 14 15 16 17 0
Execution time: 13 ms

Elapsed time: 475 ms


Execution #30/10000

Seed: 30
Estimated max possible cost 528.829608
for path: 
0 1 2 3 4 5 6 7 8 9 10 11 12 13 14 15 16 17 0
Execution time: 14 ms

Elapsed time: 489 ms


Execution #31/10000

Seed: 31
Estimated max possible cost 528.829608
for path: 
0 1 2 3 4 5 6 7 8 9 10 11 12 13 14 15 16 17 0
Execution time: 13 ms

Elapsed time: 502 ms


Execution #32/10000

Seed: 32
Estimated max possible cost 528.829608
for path: 
0 1 2 3 4 5 6 7 8 9 10 11 12 13 14 15 16 17 0
Execution time: 13 ms

Elapsed time: 515 ms


Execution #33/10000

Seed: 33
Estimated max possible cost 528.829608
for path: 
0 1 2 3 4 5 6 7 8 9 10 11 12 13 14 15 16 17 0
Execution time: 18 ms

Elapsed time: 533 ms


Execution #34/10000

Seed: 34
Estimated max possible cost 528.829608
for path: 
0 1 2 3 4 5 6 7 8 9 10 11 12 13 14 15 16 17 0
Execution time: 21 ms

Elapsed time: 554 ms


Execution #35/10000

Seed: 35
Estimated max possible cost 528.829608
for path: 
0 1 2 3 4 5 6 7 8 9 10 11 12 13 14 15 16 17 0
Execution time: 21 ms

Elapsed time: 575 ms


Execution #36/10000

Seed: 36
Estimated max possible cost 528.829608
for path: 
0 1 2 3 4 5 6 7 8 9 10 11 12 13 14 15 16 17 0
Execution time: 22 ms

Elapsed time: 597 ms


Execution #37/10000

Seed: 37
Estimated max possible cost 528.829608
for path: 
0 1 2 3 4 5 6 7 8 9 10 11 12 13 14 15 16 17 0
Execution time: 16 ms

Elapsed time: 613 ms


Execution #38/10000

Seed: 38
Estimated max possible cost 528.829608
for path: 
0 1 2 3 4 5 6 7 8 9 10 11 12 13 14 15 16 17 0
Execution time: 13 ms

Elapsed time: 626 ms


Execution #39/10000

Seed: 39
Estimated max possible cost 528.829608
for path: 
0 1 2 3 4 5 6 7 8 9 10 11 12 13 14 15 16 17 0
Execution time: 14 ms

Elapsed time: 640 ms


Execution #40/10000

Seed: 40
Estimated max possible cost 528.829608
for path: 
0 1 2 3 4 5 6 7 8 9 10 11 12 13 14 15 16 17 0
Execution time: 14 ms

Elapsed time: 654 ms


Execution #41/10000

Seed: 41
Estimated max possible cost 528.829608
for path: 
0 1 2 3 4 5 6 7 8 9 10 11 12 13 14 15 16 17 0
Execution time: 13 ms

Elapsed time: 667 ms


Execution #42/10000

Seed: 42
Estimated max possible cost 528.829608
for path: 
0 1 2 3 4 5 6 7 8 9 10 11 12 13 14 15 16 17 0
Execution time: 13 ms

Elapsed time: 680 ms


Execution #43/10000

Seed: 43
Estimated max possible cost 528.829608
for path: 
0 1 2 3 4 5 6 7 8 9 10 11 12 13 14 15 16 17 0
Execution time: 20 ms

Elapsed time: 700 ms


Execution #44/10000

Seed: 44
Estimated max possible cost 528.829608
for path: 
0 1 2 3 4 5 6 7 8 9 10 11 12 13 14 15 16 17 0
Execution time: 23 ms

Elapsed time: 723 ms


Execution #45/10000

Seed: 45
Estimated max possible cost 528.829608
for path: 
0 1 2 3 4 5 6 7 8 9 10 11 12 13 14 15 16 17 0
Execution time: 33 ms

Elapsed time: 756 ms


Execution #46/10000

Seed: 46
Estimated max possible cost 528.829608
for path: 
0 1 2 3 4 5 6 7 8 9 10 11 12 13 14 15 16 17 0
Execution time: 18 ms

Elapsed time: 774 ms


Execution #47/10000

Seed: 47
Estimated max possible cost 528.829608
for path: 
0 1 2 3 4 5 6 7 8 9 10 11 12 13 14 15 16 17 0
Execution time: 16 ms

Elapsed time: 790 ms


Execution #48/10000

Seed: 48
Estimated max possible cost 528.829608
for path: 
0 1 2 3 4 5 6 7 8 9 10 11 12 13 14 15 16 17 0
Execution time: 16 ms

Elapsed time: 806 ms


Execution #49/10000

Seed: 49
Estimated max possible cost 528.829608
for path: 
0 1 2 3 4 5 6 7 8 9 10 11 12 13 14 15 16 17 0
Execution time: 21 ms

Elapsed time: 827 ms


Execution #50/10000

Seed: 50
Estimated max possible cost 528.829608
for path: 
0 1 2 3 4 5 6 7 8 9 10 11 12 13 14 15 16 17 0
Execution time: 21 ms

Elapsed time: 848 ms


Execution #51/10000

Seed: 51
Estimated max possible cost 528.829608
for path: 
0 1 2 3 4 5 6 7 8 9 10 11 12 13 14 15 16 17 0
Execution time: 20 ms

Elapsed time: 868 ms


Execution #52/10000

Seed: 52
Estimated max possible cost 528.829608
for path: 
0 1 2 3 4 5 6 7 8 9 10 11 12 13 14 15 16 17 0
Execution time: 20 ms

Elapsed time: 888 ms


Execution #53/10000

Seed: 53
Estimated max possible cost 528.829608
for path: 
0 1 2 3 4 5 6 7 8 9 10 11 12 13 14 15 16 17 0
Execution time: 16 ms

Elapsed time: 904 ms


Execution #54/10000

Seed: 54
Estimated max possible cost 528.829608
for path: 
0 1 2 3 4 5 6 7 8 9 10 11 12 13 14 15 16 17 0
Execution time: 14 ms

Elapsed time: 918 ms


Execution #55/10000

Seed: 55
Estimated max possible cost 528.829608
for path: 
0 1 2 3 4 5 6 7 8 9 10 11 12 13 14 15 16 17 0
Execution time: 13 ms

Elapsed time: 931 ms


Execution #56/10000

Seed: 56
Estimated max possible cost 528.829608
for path: 
0 1 2 3 4 5 6 7 8 9 10 11 12 13 14 15 16 17 0
Execution time: 17 ms

Elapsed time: 948 ms


Execution #57/10000

Seed: 57
Estimated max possible cost 528.829608
for path: 
0 1 2 3 4 5 6 7 8 9 10 11 12 13 14 15 16 17 0
Execution time: 19 ms

Elapsed time: 967 ms


Execution #58/10000

Seed: 58
Estimated max possible cost 528.829608
for path: 
0 1 2 3 4 5 6 7 8 9 10 11 12 13 14 15 16 17 0
Execution time: 14 ms

Elapsed time: 981 ms


Execution #59/10000

Seed: 59
Estimated max possible cost 528.829608
for path: 
0 1 2 3 4 5 6 7 8 9 10 11 12 13 14 15 16 17 0
Execution time: 12 ms

Elapsed time: 993 ms


Execution #60/10000

Seed: 60
Estimated max possible cost 528.829608
for path: 
0 1 2 3 4 5 6 7 8 9 10 11 12 13 14 15 16 17 0
Execution time: 13 ms

Elapsed time: 1006 ms


Execution #61/10000

Seed: 61
Estimated max possible cost 528.829608
for path: 
0 1 2 3 4 5 6 7 8 9 10 11 12 13 14 15 16 17 0
Execution time: 14 ms

Elapsed time: 1020 ms


Execution #62/10000

Seed: 62
Estimated max possible cost 528.829608
for path: 
0 1 2 3 4 5 6 7 8 9 10 11 12 13 14 15 16 17 0
Execution time: 17 ms

Elapsed time: 1037 ms


Execution #63/10000

Seed: 63
Estimated max possible cost 528.829608
for path: 
0 1 2 3 4 5 6 7 8 9 10 11 12 13 14 15 16 17 0
Execution time: 20 ms

Elapsed time: 1057 ms


Execution #64/10000

Seed: 64
Estimated max possible cost 528.829608
for path: 
0 1 2 3 4 5 6 7 8 9 10 11 12 13 14 15 16 17 0
Execution time: 22 ms

Elapsed time: 1079 ms


Execution #65/10000

Seed: 65
Estimated max possible cost 528.829608
for path: 
0 1 2 3 4 5 6 7 8 9 10 11 12 13 14 15 16 17 0
Execution time: 18 ms

Elapsed time: 1097 ms


Execution #66/10000

Seed: 66
Estimated max possible cost 528.829608
for path: 
0 1 2 3 4 5 6 7 8 9 10 11 12 13 14 15 16 17 0
Execution time: 17 ms

Elapsed time: 1114 ms


Execution #67/10000

Seed: 67
Estimated max possible cost 528.829608
for path: 
0 1 2 3 4 5 6 7 8 9 10 11 12 13 14 15 16 17 0
Execution time: 17 ms

Elapsed time: 1131 ms


Execution #68/10000

Seed: 68
Estimated max possible cost 528.829608
for path: 
0 1 2 3 4 5 6 7 8 9 10 11 12 13 14 15 16 17 0
Execution time: 33 ms

Elapsed time: 1164 ms


Execution #69/10000

Seed: 69
Estimated max possible cost 528.829608
for path: 
0 1 2 3 4 5 6 7 8 9 10 11 12 13 14 15 16 17 0
Execution time: 16 ms

Elapsed time: 1180 ms


Execution #70/10000

Seed: 70
Estimated max possible cost 528.829608
for path: 
0 1 2 3 4 5 6 7 8 9 10 11 12 13 14 15 16 17 0
Execution time: 13 ms

Elapsed time: 1193 ms


Execution #71/10000

Seed: 71
Estimated max possible cost 528.829608
for path: 
0 1 2 3 4 5 6 7 8 9 10 11 12 13 14 15 16 17 0
Execution time: 13 ms

Elapsed time: 1206 ms


Execution #72/10000

Seed: 72
Estimated max possible cost 528.829608
for path: 
0 1 2 3 4 5 6 7 8 9 10 11 12 13 14 15 16 17 0
Execution time: 22 ms

Elapsed time: 1228 ms


Execution #73/10000

Seed: 73
Estimated max possible cost 528.829608
for path: 
0 1 2 3 4 5 6 7 8 9 10 11 12 13 14 15 16 17 0
Execution time: 21 ms

Elapsed time: 1249 ms


Execution #74/10000

Seed: 74
Estimated max possible cost 528.829608
for path: 
0 1 2 3 4 5 6 7 8 9 10 11 12 13 14 15 16 17 0
Execution time: 15 ms

Elapsed time: 1264 ms


Execution #75/10000

Seed: 75
Estimated max possible cost 528.829608
for path: 
0 1 2 3 4 5 6 7 8 9 10 11 12 13 14 15 16 17 0
Execution time: 13 ms

Elapsed time: 1277 ms


Execution #76/10000

Seed: 76
Estimated max possible cost 528.829608
for path: 
0 1 2 3 4 5 6 7 8 9 10 11 12 13 14 15 16 17 0
Execution time: 15 ms

Elapsed time: 1292 ms


Execution #77/10000

Seed: 77
Estimated max possible cost 528.829608
for path: 
0 1 2 3 4 5 6 7 8 9 10 11 12 13 14 15 16 17 0
Execution time: 14 ms

Elapsed time: 1306 ms


Execution #78/10000

Seed: 78
Estimated max possible cost 528.829608
for path: 
0 1 2 3 4 5 6 7 8 9 10 11 12 13 14 15 16 17 0
Execution time: 13 ms

Elapsed time: 1319 ms


Execution #79/10000

Seed: 79
Estimated max possible cost 528.829608
for path: 
0 1 2 3 4 5 6 7 8 9 10 11 12 13 14 15 16 17 0
Execution time: 13 ms

Elapsed time: 1332 ms


Execution #80/10000

Seed: 80
Estimated max possible cost 528.829608
for path: 
0 1 2 3 4 5 6 7 8 9 10 11 12 13 14 15 16 17 0
Execution time: 13 ms

Elapsed time: 1345 ms


Execution #81/10000

Seed: 81
Estimated max possible cost 528.829608
for path: 
0 1 2 3 4 5 6 7 8 9 10 11 12 13 14 15 16 17 0
Execution time: 13 ms

Elapsed time: 1358 ms


Execution #82/10000

Seed: 82
Estimated max possible cost 528.829608
for path: 
0 1 2 3 4 5 6 7 8 9 10 11 12 13 14 15 16 17 0
Execution time: 14 ms

Elapsed time: 1372 ms


Execution #83/10000

Seed: 83
Estimated max possible cost 528.829608
for path: 
0 1 2 3 4 5 6 7 8 9 10 11 12 13 14 15 16 17 0
Execution time: 13 ms

Elapsed time: 1385 ms


Execution #84/10000

Seed: 84
Estimated max possible cost 528.829608
for path: 
0 1 2 3 4 5 6 7 8 9 10 11 12 13 14 15 16 17 0
Execution time: 13 ms

Elapsed time: 1398 ms


Execution #85/10000

Seed: 85
Estimated max possible cost 528.829608
for path: 
0 1 2 3 4 5 6 7 8 9 10 11 12 13 14 15 16 17 0
Execution time: 13 ms

Elapsed time: 1411 ms


Execution #86/10000

Seed: 86
Estimated max possible cost 528.829608
for path: 
0 1 2 3 4 5 6 7 8 9 10 11 12 13 14 15 16 17 0
Execution time: 12 ms

Elapsed time: 1423 ms


Execution #87/10000

Seed: 87
Estimated max possible cost 528.829608
for path: 
0 1 2 3 4 5 6 7 8 9 10 11 12 13 14 15 16 17 0
Execution time: 12 ms

Elapsed time: 1435 ms


Execution #88/10000

Seed: 88
Estimated max possible cost 528.829608
for path: 
0 1 2 3 4 5 6 7 8 9 10 11 12 13 14 15 16 17 0
Execution time: 12 ms

Elapsed time: 1447 ms


Execution #89/10000

Seed: 89
Estimated max possible cost 528.829608
for path: 
0 1 2 3 4 5 6 7 8 9 10 11 12 13 14 15 16 17 0
Execution time: 23 ms

Elapsed time: 1470 ms


Execution #90/10000

Seed: 90
Estimated max possible cost 528.829608
for path: 
0 1 2 3 4 5 6 7 8 9 10 11 12 13 14 15 16 17 0
Execution time: 36 ms

Elapsed time: 1506 ms


Execution #91/10000

Seed: 91
Estimated max possible cost 528.829608
for path: 
0 1 2 3 4 5 6 7 8 9 10 11 12 13 14 15 16 17 0
Execution time: 14 ms

Elapsed time: 1520 ms


Execution #92/10000

Seed: 92
Estimated max possible cost 528.829608
for path: 
0 1 2 3 4 5 6 7 8 9 10 11 12 13 14 15 16 17 0
Execution time: 12 ms

Elapsed time: 1532 ms


Execution #93/10000

Seed: 93
Estimated max possible cost 528.829608
for path: 
0 1 2 3 4 5 6 7 8 9 10 11 12 13 14 15 16 17 0
Execution time: 14 ms

Elapsed time: 1546 ms


Execution #94/10000

Seed: 94
Estimated max possible cost 528.829608
for path: 
0 1 2 3 4 5 6 7 8 9 10 11 12 13 14 15 16 17 0
Execution time: 20 ms

Elapsed time: 1566 ms


Execution #95/10000

Seed: 95
Estimated max possible cost 528.829608
for path: 
0 1 2 3 4 5 6 7 8 9 10 11 12 13 14 15 16 17 0
Execution time: 13 ms

Elapsed time: 1579 ms


Execution #96/10000

Seed: 96
Estimated max possible cost 528.829608
for path: 
0 1 2 3 4 5 6 7 8 9 10 11 12 13 14 15 16 17 0
Execution time: 21 ms

Elapsed time: 1600 ms


Execution #97/10000

Seed: 97
Estimated max possible cost 528.829608
for path: 
0 1 2 3 4 5 6 7 8 9 10 11 12 13 14 15 16 17 0
Execution time: 21 ms

Elapsed time: 1621 ms


Execution #98/10000

Seed: 98
Estimated max possible cost 528.829608
for path: 
0 1 2 3 4 5 6 7 8 9 10 11 12 13 14 15 16 17 0
Execution time: 20 ms

Elapsed time: 1641 ms


Execution #99/10000

Seed: 99
Estimated max possible cost 528.829608
for path: 
0 1 2 3 4 5 6 7 8 9 10 11 12 13 14 15 16 17 0
Execution time: 12 ms

Elapsed time: 1653 ms


Execution #100/10000

Seed: 100
Estimated max possible cost 528.829608
for path: 
0 1 2 3 4 5 6 7 8 9 10 11 12 13 14 15 16 17 0
Execution time: 19 ms

Elapsed time: 1672 ms


Execution #101/10000

Seed: 101
Estimated max possible cost 528.829608
for path: 
0 1 2 3 4 5 6 7 8 9 10 11 12 13 14 15 16 17 0
Execution time: 13 ms

Elapsed time: 1685 ms


Execution #102/10000

Seed: 102
Estimated max possible cost 528.829608
for path: 
0 1 2 3 4 5 6 7 8 9 10 11 12 13 14 15 16 17 0
Execution time: 14 ms

Elapsed time: 1699 ms


Execution #103/10000

Seed: 103
Estimated max possible cost 528.829608
for path: 
0 1 2 3 4 5 6 7 8 9 10 11 12 13 14 15 16 17 0
Execution time: 13 ms

Elapsed time: 1712 ms


Execution #104/10000

Seed: 104
Estimated max possible cost 528.829608
for path: 
0 1 2 3 4 5 6 7 8 9 10 11 12 13 14 15 16 17 0
Execution time: 13 ms

Elapsed time: 1725 ms


Execution #105/10000

Seed: 105
Estimated max possible cost 528.829608
for path: 
0 1 2 3 4 5 6 7 8 9 10 11 12 13 14 15 16 17 0
Execution time: 13 ms

Elapsed time: 1738 ms


Execution #106/10000

Seed: 106
Estimated max possible cost 528.829608
for path: 
0 1 2 3 4 5 6 7 8 9 10 11 12 13 14 15 16 17 0
Execution time: 13 ms

Elapsed time: 1751 ms


Execution #107/10000

Seed: 107
Estimated max possible cost 528.829608
for path: 
0 1 2 3 4 5 6 7 8 9 10 11 12 13 14 15 16 17 0
Execution time: 13 ms

Elapsed time: 1764 ms


Execution #108/10000

Seed: 108
Estimated max possible cost 528.829608
for path: 
0 1 2 3 4 5 6 7 8 9 10 11 12 13 14 15 16 17 0
Execution time: 13 ms

Elapsed time: 1777 ms


Execution #109/10000

Seed: 109
Estimated max possible cost 528.829608
for path: 
0 1 2 3 4 5 6 7 8 9 10 11 12 13 14 15 16 17 0
Execution time: 19 ms

Elapsed time: 1796 ms


Execution #110/10000

Seed: 110
Estimated max possible cost 528.829608
for path: 
0 1 2 3 4 5 6 7 8 9 10 11 12 13 14 15 16 17 0
Execution time: 21 ms

Elapsed time: 1817 ms


Execution #111/10000

Seed: 111
Estimated max possible cost 528.829608
for path: 
0 1 2 3 4 5 6 7 8 9 10 11 12 13 14 15 16 17 0
Execution time: 21 ms

Elapsed time: 1838 ms


Execution #112/10000

Seed: 112
Estimated max possible cost 528.829608
for path: 
0 1 2 3 4 5 6 7 8 9 10 11 12 13 14 15 16 17 0
Execution time: 21 ms

Elapsed time: 1859 ms


Execution #113/10000

Seed: 113
Estimated max possible cost 528.829608
for path: 
0 1 2 3 4 5 6 7 8 9 10 11 12 13 14 15 16 17 0
Execution time: 34 ms

Elapsed time: 1893 ms


Execution #114/10000

Seed: 114
Estimated max possible cost 528.829608
for path: 
0 1 2 3 4 5 6 7 8 9 10 11 12 13 14 15 16 17 0
Execution time: 25 ms

Elapsed time: 1918 ms


Execution #115/10000

Seed: 115
Estimated max possible cost 528.829608
for path: 
0 1 2 3 4 5 6 7 8 9 10 11 12 13 14 15 16 17 0
Execution time: 12 ms

Elapsed time: 1930 ms


Execution #116/10000

Seed: 116
Estimated max possible cost 528.829608
for path: 
0 1 2 3 4 5 6 7 8 9 10 11 12 13 14 15 16 17 0
Execution time: 18 ms

Elapsed time: 1948 ms


Execution #117/10000

Seed: 117
Estimated max possible cost 528.829608
for path: 
0 1 2 3 4 5 6 7 8 9 10 11 12 13 14 15 16 17 0
Execution time: 19 ms

Elapsed time: 1967 ms


Execution #118/10000

Seed: 118
Estimated max possible cost 528.829608
for path: 
0 1 2 3 4 5 6 7 8 9 10 11 12 13 14 15 16 17 0
Execution time: 13 ms

Elapsed time: 1980 ms


Execution #119/10000

Seed: 119
Estimated max possible cost 528.829608
for path: 
0 1 2 3 4 5 6 7 8 9 10 11 12 13 14 15 16 17 0
Execution time: 13 ms

Elapsed time: 1993 ms


Execution #120/10000

Seed: 120
Estimated max possible cost 528.829608
for path: 
0 1 2 3 4 5 6 7 8 9 10 11 12 13 14 15 16 17 0
Execution time: 13 ms

Elapsed time: 2006 ms


Execution #121/10000

Seed: 121
Estimated max possible cost 528.829608
for path: 
0 1 2 3 4 5 6 7 8 9 10 11 12 13 14 15 16 17 0
Execution time: 19 ms

Elapsed time: 2025 ms


Execution #122/10000

Seed: 122
Estimated max possible cost 528.829608
for path: 
0 1 2 3 4 5 6 7 8 9 10 11 12 13 14 15 16 17 0
Execution time: 21 ms

Elapsed time: 2046 ms


Execution #123/10000

Seed: 123
Estimated max possible cost 528.829608
for path: 
0 1 2 3 4 5 6 7 8 9 10 11 12 13 14 15 16 17 0
Execution time: 17 ms

Elapsed time: 2063 ms


Execution #124/10000

Seed: 124
Estimated max possible cost 528.829608
for path: 
0 1 2 3 4 5 6 7 8 9 10 11 12 13 14 15 16 17 0
Execution time: 13 ms

Elapsed time: 2076 ms


Execution #125/10000

Seed: 125
Estimated max possible cost 528.829608
for path: 
0 1 2 3 4 5 6 7 8 9 10 11 12 13 14 15 16 17 0
Execution time: 12 ms

Elapsed time: 2088 ms


Execution #126/10000

Seed: 126
Estimated max possible cost 528.829608
for path: 
0 1 2 3 4 5 6 7 8 9 10 11 12 13 14 15 16 17 0
Execution time: 13 ms

Elapsed time: 2101 ms


Execution #127/10000

Seed: 127
Estimated max possible cost 528.829608
for path: 
0 1 2 3 4 5 6 7 8 9 10 11 12 13 14 15 16 17 0
Execution time: 13 ms

Elapsed time: 2114 ms


Execution #128/10000

Seed: 128
Estimated max possible cost 528.829608
for path: 
0 1 2 3 4 5 6 7 8 9 10 11 12 13 14 15 16 17 0
Execution time: 13 ms

Elapsed time: 2127 ms


Execution #129/10000

Seed: 129
Estimated max possible cost 528.829608
for path: 
0 1 2 3 4 5 6 7 8 9 10 11 12 13 14 15 16 17 0
Execution time: 16 ms

Elapsed time: 2143 ms


Execution #130/10000

Seed: 130
Estimated max possible cost 528.829608
for path: 
0 1 2 3 4 5 6 7 8 9 10 11 12 13 14 15 16 17 0
Execution time: 12 ms

Elapsed time: 2155 ms


Execution #131/10000

Seed: 131
Estimated max possible cost 528.829608
for path: 
0 1 2 3 4 5 6 7 8 9 10 11 12 13 14 15 16 17 0
Execution time: 18 ms

Elapsed time: 2173 ms


Execution #132/10000

Seed: 132
Estimated max possible cost 528.829608
for path: 
0 1 2 3 4 5 6 7 8 9 10 11 12 13 14 15 16 17 0
Execution time: 20 ms

Elapsed time: 2193 ms


Execution #133/10000

Seed: 133
Estimated max possible cost 528.829608
for path: 
0 1 2 3 4 5 6 7 8 9 10 11 12 13 14 15 16 17 0
Execution time: 21 ms

Elapsed time: 2214 ms


Execution #134/10000

Seed: 134
Estimated max possible cost 528.829608
for path: 
0 1 2 3 4 5 6 7 8 9 10 11 12 13 14 15 16 17 0
Execution time: 16 ms

Elapsed time: 2230 ms


Execution #135/10000

Seed: 135
Estimated max possible cost 528.829608
for path: 
0 1 2 3 4 5 6 7 8 9 10 11 12 13 14 15 16 17 0
Execution time: 13 ms

Elapsed time: 2243 ms


Execution #136/10000

Seed: 136
Estimated max possible cost 528.829608
for path: 
0 1 2 3 4 5 6 7 8 9 10 11 12 13 14 15 16 17 0
Execution time: 17 ms

Elapsed time: 2260 ms


Execution #137/10000

Seed: 137
Estimated max possible cost 528.829608
for path: 
0 1 2 3 4 5 6 7 8 9 10 11 12 13 14 15 16 17 0
Execution time: 26 ms

Elapsed time: 2286 ms


Execution #138/10000

Seed: 138
Estimated max possible cost 528.829608
for path: 
0 1 2 3 4 5 6 7 8 9 10 11 12 13 14 15 16 17 0
Execution time: 18 ms

Elapsed time: 2304 ms


Execution #139/10000

Seed: 139
Estimated max possible cost 528.829608
for path: 
0 1 2 3 4 5 6 7 8 9 10 11 12 13 14 15 16 17 0
Execution time: 13 ms

Elapsed time: 2317 ms


Execution #140/10000

Seed: 140
Estimated max possible cost 528.829608
for path: 
0 1 2 3 4 5 6 7 8 9 10 11 12 13 14 15 16 17 0
Execution time: 12 ms

Elapsed time: 2329 ms


Execution #141/10000

Seed: 141
Estimated max possible cost 528.829608
for path: 
0 1 2 3 4 5 6 7 8 9 10 11 12 13 14 15 16 17 0
Execution time: 13 ms

Elapsed time: 2342 ms


Execution #142/10000

Seed: 142
Estimated max possible cost 528.829608
for path: 
0 1 2 3 4 5 6 7 8 9 10 11 12 13 14 15 16 17 0
Execution time: 13 ms

Elapsed time: 2355 ms


Execution #143/10000

Seed: 143
Estimated max possible cost 528.829608
for path: 
0 1 2 3 4 5 6 7 8 9 10 11 12 13 14 15 16 17 0
Execution time: 13 ms

Elapsed time: 2368 ms


Execution #144/10000

Seed: 144
Estimated max possible cost 528.829608
for path: 
0 1 2 3 4 5 6 7 8 9 10 11 12 13 14 15 16 17 0
Execution time: 13 ms

Elapsed time: 2381 ms


Execution #145/10000

Seed: 145
Estimated max possible cost 528.829608
for path: 
0 1 2 3 4 5 6 7 8 9 10 11 12 13 14 15 16 17 0
Execution time: 13 ms

Elapsed time: 2394 ms


Execution #146/10000

Seed: 146
Estimated max possible cost 528.829608
for path: 
0 1 2 3 4 5 6 7 8 9 10 11 12 13 14 15 16 17 0
Execution time: 13 ms

Elapsed time: 2407 ms


Execution #147/10000

Seed: 147
Estimated max possible cost 528.829608
for path: 
0 1 2 3 4 5 6 7 8 9 10 11 12 13 14 15 16 17 0
Execution time: 12 ms

Elapsed time: 2419 ms


Execution #148/10000

Seed: 148
Estimated max possible cost 528.829608
for path: 
0 1 2 3 4 5 6 7 8 9 10 11 12 13 14 15 16 17 0
Execution time: 18 ms

Elapsed time: 2437 ms


Execution #149/10000

Seed: 149
Estimated max possible cost 528.829608
for path: 
0 1 2 3 4 5 6 7 8 9 10 11 12 13 14 15 16 17 0
Execution time: 12 ms

Elapsed time: 2449 ms


Execution #150/10000

Seed: 150
Estimated max possible cost 528.829608
for path: 
0 1 2 3 4 5 6 7 8 9 10 11 12 13 14 15 16 17 0
Execution time: 38 ms

Elapsed time: 2487 ms


Execution #151/10000

Seed: 151
Estimated max possible cost 528.829608
for path: 
0 1 2 3 4 5 6 7 8 9 10 11 12 13 14 15 16 17 0
Execution time: 36 ms

Elapsed time: 2523 ms


Execution #152/10000

Seed: 152
Estimated max possible cost 528.829608
for path: 
0 1 2 3 4 5 6 7 8 9 10 11 12 13 14 15 16 17 0
Execution time: 22 ms

Elapsed time: 2545 ms


Execution #153/10000

Seed: 153
Estimated max possible cost 528.829608
for path: 
0 1 2 3 4 5 6 7 8 9 10 11 12 13 14 15 16 17 0
Execution time: 13 ms

Elapsed time: 2558 ms


Execution #154/10000

Seed: 154
Estimated max possible cost 528.829608
for path: 
0 1 2 3 4 5 6 7 8 9 10 11 12 13 14 15 16 17 0
Execution time: 12 ms

Elapsed time: 2570 ms


Execution #155/10000

Seed: 155
Estimated max possible cost 528.829608
for path: 
0 1 2 3 4 5 6 7 8 9 10 11 12 13 14 15 16 17 0
Execution time: 17 ms

Elapsed time: 2587 ms


Execution #156/10000

Seed: 156
Estimated max possible cost 528.829608
for path: 
0 1 2 3 4 5 6 7 8 9 10 11 12 13 14 15 16 17 0
Execution time: 21 ms

Elapsed time: 2608 ms


Execution #157/10000

Seed: 157
Estimated max possible cost 528.829608
for path: 
0 1 2 3 4 5 6 7 8 9 10 11 12 13 14 15 16 17 0
Execution time: 18 ms

Elapsed time: 2626 ms


Execution #158/10000

Seed: 158
Estimated max possible cost 528.829608
for path: 
0 1 2 3 4 5 6 7 8 9 10 11 12 13 14 15 16 17 0
Execution time: 13 ms

Elapsed time: 2639 ms


Execution #159/10000

Seed: 159
Estimated max possible cost 528.829608
for path: 
0 1 2 3 4 5 6 7 8 9 10 11 12 13 14 15 16 17 0
Execution time: 13 ms

Elapsed time: 2652 ms


Execution #160/10000

Seed: 160
Estimated max possible cost 528.829608
for path: 
0 1 2 3 4 5 6 7 8 9 10 11 12 13 14 15 16 17 0
Execution time: 12 ms

Elapsed time: 2664 ms


Execution #161/10000

Seed: 161
Estimated max possible cost 528.829608
for path: 
0 1 2 3 4 5 6 7 8 9 10 11 12 13 14 15 16 17 0
Execution time: 13 ms

Elapsed time: 2677 ms


Execution #162/10000

Seed: 162
Estimated max possible cost 528.829608
for path: 
0 1 2 3 4 5 6 7 8 9 10 11 12 13 14 15 16 17 0
Execution time: 13 ms

Elapsed time: 2690 ms


Execution #163/10000

Seed: 163
Estimated max possible cost 528.829608
for path: 
0 1 2 3 4 5 6 7 8 9 10 11 12 13 14 15 16 17 0
Execution time: 13 ms

Elapsed time: 2703 ms


Execution #164/10000

Seed: 164
Estimated max possible cost 528.829608
for path: 
0 1 2 3 4 5 6 7 8 9 10 11 12 13 14 15 16 17 0
Execution time: 13 ms

Elapsed time: 2716 ms


Execution #165/10000

Seed: 165
Estimated max possible cost 528.829608
for path: 
0 1 2 3 4 5 6 7 8 9 10 11 12 13 14 15 16 17 0
Execution time: 12 ms

Elapsed time: 2728 ms


Execution #166/10000

Seed: 166
Estimated max possible cost 528.829608
for path: 
0 1 2 3 4 5 6 7 8 9 10 11 12 13 14 15 16 17 0
Execution time: 13 ms

Elapsed time: 2741 ms


Execution #167/10000

Seed: 167
Estimated max possible cost 528.829608
for path: 
0 1 2 3 4 5 6 7 8 9 10 11 12 13 14 15 16 17 0
Execution time: 13 ms

Elapsed time: 2754 ms


Execution #168/10000

Seed: 168
Estimated max possible cost 528.829608
for path: 
0 1 2 3 4 5 6 7 8 9 10 11 12 13 14 15 16 17 0
Execution time: 13 ms

Elapsed time: 2767 ms


Execution #169/10000

Seed: 169
Estimated max possible cost 528.829608
for path: 
0 1 2 3 4 5 6 7 8 9 10 11 12 13 14 15 16 17 0
Execution time: 13 ms

Elapsed time: 2780 ms


Execution #170/10000

Seed: 170
Estimated max possible cost 528.829608
for path: 
0 1 2 3 4 5 6 7 8 9 10 11 12 13 14 15 16 17 0
Execution time: 17 ms

Elapsed time: 2797 ms


Execution #171/10000

Seed: 171
Estimated max possible cost 528.829608
for path: 
0 1 2 3 4 5 6 7 8 9 10 11 12 13 14 15 16 17 0
Execution time: 22 ms

Elapsed time: 2819 ms


Execution #172/10000

Seed: 172
Estimated max possible cost 528.829608
for path: 
0 1 2 3 4 5 6 7 8 9 10 11 12 13 14 15 16 17 0
Execution time: 21 ms

Elapsed time: 2840 ms


Execution #173/10000

Seed: 173
Estimated max possible cost 528.829608
for path: 
0 1 2 3 4 5 6 7 8 9 10 11 12 13 14 15 16 17 0
Execution time: 20 ms

Elapsed time: 2860 ms


Execution #174/10000

Seed: 174
Estimated max possible cost 528.829608
for path: 
0 1 2 3 4 5 6 7 8 9 10 11 12 13 14 15 16 17 0
Execution time: 14 ms

Elapsed time: 2874 ms


Execution #175/10000

Seed: 175
Estimated max possible cost 528.829608
for path: 
0 1 2 3 4 5 6 7 8 9 10 11 12 13 14 15 16 17 0
Execution time: 13 ms

Elapsed time: 2887 ms


Execution #176/10000

Seed: 176
Estimated max possible cost 528.829608
for path: 
0 1 2 3 4 5 6 7 8 9 10 11 12 13 14 15 16 17 0
Execution time: 15 ms

Elapsed time: 2902 ms


Execution #177/10000

Seed: 177
Estimated max possible cost 528.829608
for path: 
0 1 2 3 4 5 6 7 8 9 10 11 12 13 14 15 16 17 0
Execution time: 20 ms

Elapsed time: 2922 ms


Execution #178/10000

Seed: 178
Estimated max possible cost 528.829608
for path: 
0 1 2 3 4 5 6 7 8 9 10 11 12 13 14 15 16 17 0
Execution time: 20 ms

Elapsed time: 2942 ms


Execution #179/10000

Seed: 179
Estimated max possible cost 528.829608
for path: 
0 1 2 3 4 5 6 7 8 9 10 11 12 13 14 15 16 17 0
Execution time: 21 ms

Elapsed time: 2963 ms


Execution #180/10000

Seed: 180
Estimated max possible cost 528.829608
for path: 
0 1 2 3 4 5 6 7 8 9 10 11 12 13 14 15 16 17 0
Execution time: 21 ms

Elapsed time: 2984 ms


Execution #181/10000

Seed: 181
Estimated max possible cost 528.829608
for path: 
0 1 2 3 4 5 6 7 8 9 10 11 12 13 14 15 16 17 0
Execution time: 22 ms

Elapsed time: 3006 ms


Execution #182/10000

Seed: 182
Estimated max possible cost 528.829608
for path: 
0 1 2 3 4 5 6 7 8 9 10 11 12 13 14 15 16 17 0
Execution time: 20 ms

Elapsed time: 3026 ms


Execution #183/10000

Seed: 183
Estimated max possible cost 528.829608
for path: 
0 1 2 3 4 5 6 7 8 9 10 11 12 13 14 15 16 17 0
Execution time: 20 ms

Elapsed time: 3046 ms


Execution #184/10000

Seed: 184
Estimated max possible cost 528.829608
for path: 
0 1 2 3 4 5 6 7 8 9 10 11 12 13 14 15 16 17 0
Execution time: 20 ms

Elapsed time: 3066 ms


Execution #185/10000

Seed: 185
Estimated max possible cost 528.829608
for path: 
0 1 2 3 4 5 6 7 8 9 10 11 12 13 14 15 16 17 0
Execution time: 20 ms

Elapsed time: 3086 ms


Execution #186/10000

Seed: 186
Estimated max possible cost 528.829608
for path: 
0 1 2 3 4 5 6 7 8 9 10 11 12 13 14 15 16 17 0
Execution time: 20 ms

Elapsed time: 3106 ms


Execution #187/10000

Seed: 187
Estimated max possible cost 528.829608
for path: 
0 1 2 3 4 5 6 7 8 9 10 11 12 13 14 15 16 17 0
Execution time: 35 ms

Elapsed time: 3141 ms


Execution #188/10000

Seed: 188
Estimated max possible cost 528.829608
for path: 
0 1 2 3 4 5 6 7 8 9 10 11 12 13 14 15 16 17 0
Execution time: 30 ms

Elapsed time: 3171 ms


Execution #189/10000

Seed: 189
Estimated max possible cost 528.829608
for path: 
0 1 2 3 4 5 6 7 8 9 10 11 12 13 14 15 16 17 0
Execution time: 16 ms

Elapsed time: 3187 ms


Execution #190/10000

Seed: 190
Estimated max possible cost 528.829608
for path: 
0 1 2 3 4 5 6 7 8 9 10 11 12 13 14 15 16 17 0
Execution time: 12 ms

Elapsed time: 3199 ms


Execution #191/10000

Seed: 191
