Solving TSP


Execution #1/10000

Seed: 1
Estimated max possible cost 531.576018
for path: 
0 1 2 3 4 5 6 7 8 9 10 11 12 13 14 15 16 17 18 0
Memory needed for path: 741744 locs, for costs: 787644 locs.
Desired precision: 10000
Mem constraint for cost_t: 32 bits
Rounded to pow of 2 bytes mem constraint (capped at 64bits) for cost_t: 32 bits
Bits needed for an int to preserve precision: 23
Bits used per cost_t: 23
Selected cost_t = (u)int32_t
Solving with cost_t = j
Memory [GB] needed: 0.00362501
Distances:
0, 5.08, 242.54, 232.423, 228.124, 218.013, 212.172, 212.044, 211.947, 211.88, 211.843, 211.837, 211.862, 211.917, 212.002, 212.117, 212.263, 212.44, 212.646, 
5.08, 0, 247.599, 237.481, 233.181, 223.068, 217.244, 217.119, 217.024, 216.959, 216.923, 216.917, 216.941, 216.995, 217.078, 217.191, 217.333, 217.505, 217.707, 
242.54, 247.599, 0, 10.16, 14.478, 24.638, 31.3255, 32.219, 33.2827, 34.501, 35.8581, 37.3389, 38.9292, 40.6162, 42.3883, 44.2354, 46.1484, 48.1194, 50.1417, 
232.423, 237.481, 10.16, 0, 4.318, 14.478, 21.9236, 23.1823, 24.6393, 26.2617, 28.0207, 29.8922, 31.8565, 33.8973, 36.0018, 38.1592, 40.3612, 42.6009, 44.8725, 
228.124, 233.181, 14.478, 4.318, 0, 10.16, 18.1765, 19.6764, 21.3738, 23.2254, 25.1973, 27.2633, 29.4037, 31.6034, 33.8507, 36.1368, 38.4548, 40.7992, 43.1658, 
218.013, 223.068, 24.638, 14.478, 10.16, 0, 11.1326, 13.4428, 15.8236, 18.2474, 20.6991, 23.1698, 25.654, 28.1482, 30.6499, 33.1575, 35.6696, 38.1854, 40.7042, 
212.172, 217.244, 31.3255, 21.9236, 18.1765, 11.1326, 0, 2.54, 5.08, 7.62, 10.16, 12.7, 15.24, 17.78, 20.32, 22.86, 25.4, 27.94, 30.48, 
212.044, 217.119, 32.219, 23.1823, 19.6764, 13.4428, 2.54, 0, 2.54, 5.08, 7.62, 10.16, 12.7, 15.24, 17.78, 20.32, 22.86, 25.4, 27.94, 
211.947, 217.024, 33.2827, 24.6393, 21.3738, 15.8236, 5.08, 2.54, 0, 2.54, 5.08, 7.62, 10.16, 12.7, 15.24, 17.78, 20.32, 22.86, 25.4, 
211.88, 216.959, 34.501, 26.2617, 23.2254, 18.2474, 7.62, 5.08, 2.54, 0, 2.54, 5.08, 7.62, 10.16, 12.7, 15.24, 17.78, 20.32, 22.86, 
211.843, 216.923, 35.8581, 28.0207, 25.1973, 20.6991, 10.16, 7.62, 5.08, 2.54, 0, 2.54, 5.08, 7.62, 10.16, 12.7, 15.24, 17.78, 20.32, 
211.837, 216.917, 37.3389, 29.8922, 27.2633, 23.1698, 12.7, 10.16, 7.62, 5.08, 2.54, 0, 2.54, 5.08, 7.62, 10.16, 12.7, 15.24, 17.78, 
211.862, 216.941, 38.9292, 31.8565, 29.4037, 25.654, 15.24, 12.7, 10.16, 7.62, 5.08, 2.54, 0, 2.54, 5.08, 7.62, 10.16, 12.7, 15.24, 
211.917, 216.995, 40.6162, 33.8973, 31.6034, 28.1482, 17.78, 15.24, 12.7, 10.16, 7.62, 5.08, 2.54, 0, 2.54, 5.08, 7.62, 10.16, 12.7, 
212.002, 217.078, 42.3883, 36.0018, 33.8507, 30.6499, 20.32, 17.78, 15.24, 12.7, 10.16, 7.62, 5.08, 2.54, 0, 2.54, 5.08, 7.62, 10.16, 
212.117, 217.191, 44.2354, 38.1592, 36.1368, 33.1575, 22.86, 20.32, 17.78, 15.24, 12.7, 10.16, 7.62, 5.08, 2.54, 0, 2.54, 5.08, 7.62, 
212.263, 217.333, 46.1484, 40.3612, 38.4548, 35.6696, 25.4, 22.86, 20.32, 17.78, 15.24, 12.7, 10.16, 7.62, 5.08, 2.54, 0, 2.54, 5.08, 
212.44, 217.505, 48.1194, 42.6009, 40.7992, 38.1854, 27.94, 25.4, 22.86, 20.32, 17.78, 15.24, 12.7, 10.16, 7.62, 5.08, 2.54, 0, 2.54, 
212.646, 217.707, 50.1417, 44.8725, 43.1658, 40.7042, 30.48, 27.94, 25.4, 22.86, 20.32, 17.78, 15.24, 12.7, 10.16, 7.62, 5.08, 2.54, 0, 
Scaled Distances:
0, 2.17178e+07, 2.05208e+09, 1.96557e+09, 1.92882e+09, 1.84237e+09, 1.79242e+09, 1.79133e+09, 1.7905e+09, 1.78993e+09, 1.78961e+09, 1.78956e+09, 1.78977e+09, 1.79024e+09, 1.79097e+09, 1.79196e+09, 1.7932e+09, 1.79471e+09, 1.79647e+09, 
2.17178e+07, 0, 2.09534e+09, 2.00882e+09, 1.97206e+09, 1.88559e+09, 1.83579e+09, 1.83473e+09, 1.83391e+09, 1.83335e+09, 1.83305e+09, 1.833e+09, 1.8332e+09, 1.83366e+09, 1.83437e+09, 1.83533e+09, 1.83655e+09, 1.83803e+09, 1.83975e+09, 
2.05208e+09, 2.09534e+09, 0, 6.51535e+07, 1.02074e+08, 1.88945e+08, 2.46126e+08, 2.53765e+08, 2.6286e+08, 2.73277e+08, 2.84881e+08, 2.97542e+08, 3.11139e+08, 3.25564e+08, 3.40716e+08, 3.56509e+08, 3.72866e+08, 3.89719e+08, 4.0701e+08, 
1.96557e+09, 2.00882e+09, 6.51535e+07, 0, 1.52025e+07, 1.02074e+08, 1.65736e+08, 1.76498e+08, 1.88956e+08, 2.02828e+08, 2.17868e+08, 2.33871e+08, 2.50666e+08, 2.68116e+08, 2.86109e+08, 3.04556e+08, 3.23384e+08, 3.42534e+08, 3.61957e+08, 
1.92882e+09, 1.97206e+09, 1.02074e+08, 1.52025e+07, 0, 6.51535e+07, 1.33698e+08, 1.46522e+08, 1.61035e+08, 1.76867e+08, 1.93727e+08, 2.11393e+08, 2.29694e+08, 2.48501e+08, 2.67717e+08, 2.87264e+08, 3.07083e+08, 3.27129e+08, 3.47364e+08, 
1.84237e+09, 1.88559e+09, 1.88945e+08, 1.02074e+08, 6.51535e+07, 0, 7.34697e+07, 9.32227e+07, 1.13579e+08, 1.34303e+08, 1.55266e+08, 1.76391e+08, 1.97632e+08, 2.18958e+08, 2.40349e+08, 2.61789e+08, 2.83269e+08, 3.0478e+08, 3.26317e+08, 
1.79242e+09, 1.83579e+09, 2.46126e+08, 1.65736e+08, 1.33698e+08, 7.34697e+07, 0, 0, 2.17178e+07, 4.34357e+07, 6.51535e+07, 8.68713e+07, 1.08589e+08, 1.30307e+08, 1.52025e+08, 1.73743e+08, 1.95461e+08, 2.17178e+08, 2.38896e+08, 
1.79133e+09, 1.83473e+09, 2.53765e+08, 1.76498e+08, 1.46522e+08, 9.32227e+07, 0, 0, 0, 2.17178e+07, 4.34357e+07, 6.51535e+07, 8.68713e+07, 1.08589e+08, 1.30307e+08, 1.52025e+08, 1.73743e+08, 1.95461e+08, 2.17178e+08, 
1.7905e+09, 1.83391e+09, 2.6286e+08, 1.88956e+08, 1.61035e+08, 1.13579e+08, 2.17178e+07, 0, 0, 0, 2.17178e+07, 4.34357e+07, 6.51535e+07, 8.68713e+07, 1.08589e+08, 1.30307e+08, 1.52025e+08, 1.73743e+08, 1.95461e+08, 
1.78993e+09, 1.83335e+09, 2.73277e+08, 2.02828e+08, 1.76867e+08, 1.34303e+08, 4.34357e+07, 2.17178e+07, 0, 0, 0, 2.17178e+07, 4.34357e+07, 6.51535e+07, 8.68713e+07, 1.08589e+08, 1.30307e+08, 1.52025e+08, 1.73743e+08, 
1.78961e+09, 1.83305e+09, 2.84881e+08, 2.17868e+08, 1.93727e+08, 1.55266e+08, 6.51535e+07, 4.34357e+07, 2.17178e+07, 0, 0, 0, 2.17178e+07, 4.34357e+07, 6.51535e+07, 8.68713e+07, 1.08589e+08, 1.30307e+08, 1.52025e+08, 
1.78956e+09, 1.833e+09, 2.97542e+08, 2.33871e+08, 2.11393e+08, 1.76391e+08, 8.68713e+07, 6.51535e+07, 4.34357e+07, 2.17178e+07, 0, 0, 0, 2.17178e+07, 4.34357e+07, 6.51535e+07, 8.68713e+07, 1.08589e+08, 1.30307e+08, 
1.78977e+09, 1.8332e+09, 3.11139e+08, 2.50666e+08, 2.29694e+08, 1.97632e+08, 1.08589e+08, 8.68713e+07, 6.51535e+07, 4.34357e+07, 2.17178e+07, 0, 0, 0, 2.17178e+07, 4.34357e+07, 6.51535e+07, 8.68713e+07, 1.08589e+08, 
1.79024e+09, 1.83366e+09, 3.25564e+08, 2.68116e+08, 2.48501e+08, 2.18958e+08, 1.30307e+08, 1.08589e+08, 8.68713e+07, 6.51535e+07, 4.34357e+07, 2.17178e+07, 0, 0, 0, 2.17178e+07, 4.34357e+07, 6.51535e+07, 8.68713e+07, 
1.79097e+09, 1.83437e+09, 3.40716e+08, 2.86109e+08, 2.67717e+08, 2.40349e+08, 1.52025e+08, 1.30307e+08, 1.08589e+08, 8.68713e+07, 6.51535e+07, 4.34357e+07, 2.17178e+07, 0, 0, 0, 2.17178e+07, 4.34357e+07, 6.51535e+07, 
1.79196e+09, 1.83533e+09, 3.56509e+08, 3.04556e+08, 2.87264e+08, 2.61789e+08, 1.73743e+08, 1.52025e+08, 1.30307e+08, 1.08589e+08, 8.68713e+07, 6.51535e+07, 4.34357e+07, 2.17178e+07, 0, 0, 0, 2.17178e+07, 4.34357e+07, 
1.7932e+09, 1.83655e+09, 3.72866e+08, 3.23384e+08, 3.07083e+08, 2.83269e+08, 1.95461e+08, 1.73743e+08, 1.52025e+08, 1.30307e+08, 1.08589e+08, 8.68713e+07, 6.51535e+07, 4.34357e+07, 2.17178e+07, 0, 0, 0, 2.17178e+07, 
1.79471e+09, 1.83803e+09, 3.89719e+08, 3.42534e+08, 3.27129e+08, 3.0478e+08, 2.17178e+08, 1.95461e+08, 1.73743e+08, 1.52025e+08, 1.30307e+08, 1.08589e+08, 8.68713e+07, 6.51535e+07, 4.34357e+07, 2.17178e+07, 0, 0, 0, 
1.79647e+09, 1.83975e+09, 4.0701e+08, 3.61957e+08, 3.47364e+08, 3.26317e+08, 2.38896e+08, 2.17178e+08, 1.95461e+08, 1.73743e+08, 1.52025e+08, 1.30307e+08, 1.08589e+08, 8.68713e+07, 6.51535e+07, 4.34357e+07, 2.17178e+07, 0, 0, 
Optimal total distance (scaled) for 19 points: 4.09542e+09
Optimal total distance for 19 points: 527.237580
Corresponding path (0-indexed):
Point #18
Point #0
Point #1
Point #5
Point #4
Point #3
Point #2
Point #6
Point #7
Point #8
Point #9
Point #10
Point #11
Point #12
Point #13
Point #14
Point #15
Point #16
Point #17
Point #18
Execution time: 59 ms

Elapsed time: 59 ms


Execution #2/10000

Seed: 2
Estimated max possible cost 531.576018
for path: 
0 1 2 3 4 5 6 7 8 9 10 11 12 13 14 15 16 17 18 0
Execution time: 32 ms

Elapsed time: 91 ms


Execution #3/10000

Seed: 3
Estimated max possible cost 531.576018
for path: 
0 1 2 3 4 5 6 7 8 9 10 11 12 13 14 15 16 17 18 0
Execution time: 27 ms

Elapsed time: 118 ms


Execution #4/10000

Seed: 4
Estimated max possible cost 531.576018
for path: 
0 1 2 3 4 5 6 7 8 9 10 11 12 13 14 15 16 17 18 0
Execution time: 40 ms

Elapsed time: 158 ms


Execution #5/10000

Seed: 5
Estimated max possible cost 531.576018
for path: 
0 1 2 3 4 5 6 7 8 9 10 11 12 13 14 15 16 17 18 0
Execution time: 27 ms

Elapsed time: 185 ms


Execution #6/10000

Seed: 6
Estimated max possible cost 531.576018
for path: 
0 1 2 3 4 5 6 7 8 9 10 11 12 13 14 15 16 17 18 0
Execution time: 26 ms

Elapsed time: 211 ms


Execution #7/10000

Seed: 7
Estimated max possible cost 531.576018
for path: 
0 1 2 3 4 5 6 7 8 9 10 11 12 13 14 15 16 17 18 0
Execution time: 32 ms

Elapsed time: 243 ms


Execution #8/10000

Seed: 8
Estimated max possible cost 531.576018
for path: 
0 1 2 3 4 5 6 7 8 9 10 11 12 13 14 15 16 17 18 0
Execution time: 26 ms

Elapsed time: 269 ms


Execution #9/10000

Seed: 9
Estimated max possible cost 531.576018
for path: 
0 1 2 3 4 5 6 7 8 9 10 11 12 13 14 15 16 17 18 0
Execution time: 40 ms

Elapsed time: 309 ms


Execution #10/10000

Seed: 10
Estimated max possible cost 531.576018
for path: 
0 1 2 3 4 5 6 7 8 9 10 11 12 13 14 15 16 17 18 0
Execution time: 33 ms

Elapsed time: 342 ms


Execution #11/10000

Seed: 11
Estimated max possible cost 531.576018
for path: 
0 1 2 3 4 5 6 7 8 9 10 11 12 13 14 15 16 17 18 0
Execution time: 33 ms

Elapsed time: 375 ms


Execution #12/10000

Seed: 12
Estimated max possible cost 531.576018
for path: 
0 1 2 3 4 5 6 7 8 9 10 11 12 13 14 15 16 17 18 0
Execution time: 27 ms

Elapsed time: 402 ms


Execution #13/10000

Seed: 13
Estimated max possible cost 531.576018
for path: 
0 1 2 3 4 5 6 7 8 9 10 11 12 13 14 15 16 17 18 0
Execution time: 45 ms

Elapsed time: 447 ms


Execution #14/10000

Seed: 14
Estimated max possible cost 531.576018
for path: 
0 1 2 3 4 5 6 7 8 9 10 11 12 13 14 15 16 17 18 0
Execution time: 37 ms

Elapsed time: 484 ms


Execution #15/10000

Seed: 15
Estimated max possible cost 531.576018
for path: 
0 1 2 3 4 5 6 7 8 9 10 11 12 13 14 15 16 17 18 0
Execution time: 26 ms

Elapsed time: 510 ms


Execution #16/10000

Seed: 16
Estimated max possible cost 531.576018
for path: 
0 1 2 3 4 5 6 7 8 9 10 11 12 13 14 15 16 17 18 0
Execution time: 32 ms

Elapsed time: 542 ms


Execution #17/10000

Seed: 17
Estimated max possible cost 531.576018
for path: 
0 1 2 3 4 5 6 7 8 9 10 11 12 13 14 15 16 17 18 0
Execution time: 32 ms

Elapsed time: 574 ms


Execution #18/10000

Seed: 18
Estimated max possible cost 531.576018
for path: 
0 1 2 3 4 5 6 7 8 9 10 11 12 13 14 15 16 17 18 0
Execution time: 39 ms

Elapsed time: 613 ms


Execution #19/10000

Seed: 19
Estimated max possible cost 531.576018
for path: 
0 1 2 3 4 5 6 7 8 9 10 11 12 13 14 15 16 17 18 0
Execution time: 32 ms

Elapsed time: 645 ms


Execution #20/10000

Seed: 20
Estimated max possible cost 531.576018
for path: 
0 1 2 3 4 5 6 7 8 9 10 11 12 13 14 15 16 17 18 0
Execution time: 26 ms

Elapsed time: 671 ms


Execution #21/10000

Seed: 21
Estimated max possible cost 531.576018
for path: 
0 1 2 3 4 5 6 7 8 9 10 11 12 13 14 15 16 17 18 0
Execution time: 26 ms

Elapsed time: 697 ms


Execution #22/10000

Seed: 22
Estimated max possible cost 531.576018
for path: 
0 1 2 3 4 5 6 7 8 9 10 11 12 13 14 15 16 17 18 0
Execution time: 27 ms

Elapsed time: 724 ms


Execution #23/10000

Seed: 23
Estimated max possible cost 531.576018
for path: 
0 1 2 3 4 5 6 7 8 9 10 11 12 13 14 15 16 17 18 0
Execution time: 50 ms

Elapsed time: 774 ms


Execution #24/10000

Seed: 24
Estimated max possible cost 531.576018
for path: 
0 1 2 3 4 5 6 7 8 9 10 11 12 13 14 15 16 17 18 0
Execution time: 42 ms

Elapsed time: 816 ms


Execution #25/10000

Seed: 25
Estimated max possible cost 531.576018
for path: 
0 1 2 3 4 5 6 7 8 9 10 11 12 13 14 15 16 17 18 0
Execution time: 42 ms

Elapsed time: 858 ms


Execution #26/10000

Seed: 26
Estimated max possible cost 531.576018
for path: 
0 1 2 3 4 5 6 7 8 9 10 11 12 13 14 15 16 17 18 0
Execution time: 41 ms

Elapsed time: 899 ms


Execution #27/10000

Seed: 27
Estimated max possible cost 531.576018
for path: 
0 1 2 3 4 5 6 7 8 9 10 11 12 13 14 15 16 17 18 0
Execution time: 35 ms

Elapsed time: 934 ms


Execution #28/10000

Seed: 28
Estimated max possible cost 531.576018
for path: 
0 1 2 3 4 5 6 7 8 9 10 11 12 13 14 15 16 17 18 0
Execution time: 27 ms

Elapsed time: 961 ms


Execution #29/10000

Seed: 29
Estimated max possible cost 531.576018
for path: 
0 1 2 3 4 5 6 7 8 9 10 11 12 13 14 15 16 17 18 0
Execution time: 25 ms

Elapsed time: 986 ms


Execution #30/10000

Seed: 30
Estimated max possible cost 531.576018
for path: 
0 1 2 3 4 5 6 7 8 9 10 11 12 13 14 15 16 17 18 0
Execution time: 39 ms

Elapsed time: 1025 ms


Execution #31/10000

Seed: 31
Estimated max possible cost 531.576018
for path: 
0 1 2 3 4 5 6 7 8 9 10 11 12 13 14 15 16 17 18 0
Execution time: 29 ms

Elapsed time: 1054 ms


Execution #32/10000

Seed: 32
Estimated max possible cost 531.576018
for path: 
0 1 2 3 4 5 6 7 8 9 10 11 12 13 14 15 16 17 18 0
Execution time: 27 ms

Elapsed time: 1081 ms


Execution #33/10000

Seed: 33
Estimated max possible cost 531.576018
for path: 
0 1 2 3 4 5 6 7 8 9 10 11 12 13 14 15 16 17 18 0
Execution time: 27 ms

Elapsed time: 1108 ms


Execution #34/10000

Seed: 34
Estimated max possible cost 531.576018
for path: 
0 1 2 3 4 5 6 7 8 9 10 11 12 13 14 15 16 17 18 0
Execution time: 74 ms

Elapsed time: 1182 ms


Execution #35/10000

Seed: 35
Estimated max possible cost 531.576018
for path: 
0 1 2 3 4 5 6 7 8 9 10 11 12 13 14 15 16 17 18 0
Execution time: 38 ms

Elapsed time: 1220 ms


Execution #36/10000

Seed: 36
Estimated max possible cost 531.576018
for path: 
0 1 2 3 4 5 6 7 8 9 10 11 12 13 14 15 16 17 18 0
Execution time: 27 ms

Elapsed time: 1247 ms


Execution #37/10000

Seed: 37
Estimated max possible cost 531.576018
for path: 
0 1 2 3 4 5 6 7 8 9 10 11 12 13 14 15 16 17 18 0
Execution time: 26 ms

Elapsed time: 1273 ms


Execution #38/10000

Seed: 38
Estimated max possible cost 531.576018
for path: 
0 1 2 3 4 5 6 7 8 9 10 11 12 13 14 15 16 17 18 0
Execution time: 33 ms

Elapsed time: 1306 ms


Execution #39/10000

Seed: 39
Estimated max possible cost 531.576018
for path: 
0 1 2 3 4 5 6 7 8 9 10 11 12 13 14 15 16 17 18 0
Execution time: 40 ms

Elapsed time: 1346 ms


Execution #40/10000

Seed: 40
Estimated max possible cost 531.576018
for path: 
0 1 2 3 4 5 6 7 8 9 10 11 12 13 14 15 16 17 18 0
Execution time: 28 ms

Elapsed time: 1374 ms


Execution #41/10000

Seed: 41
Estimated max possible cost 531.576018
for path: 
0 1 2 3 4 5 6 7 8 9 10 11 12 13 14 15 16 17 18 0
Execution time: 39 ms

Elapsed time: 1413 ms


Execution #42/10000

Seed: 42
Estimated max possible cost 531.576018
for path: 
0 1 2 3 4 5 6 7 8 9 10 11 12 13 14 15 16 17 18 0
Execution time: 30 ms

Elapsed time: 1443 ms


Execution #43/10000

Seed: 43
Estimated max possible cost 531.576018
for path: 
0 1 2 3 4 5 6 7 8 9 10 11 12 13 14 15 16 17 18 0
Execution time: 24 ms

Elapsed time: 1467 ms


Execution #44/10000

Seed: 44
Estimated max possible cost 531.576018
for path: 
0 1 2 3 4 5 6 7 8 9 10 11 12 13 14 15 16 17 18 0
Execution time: 27 ms

Elapsed time: 1494 ms


Execution #45/10000

Seed: 45
Estimated max possible cost 531.576018
for path: 
0 1 2 3 4 5 6 7 8 9 10 11 12 13 14 15 16 17 18 0
Execution time: 33 ms

Elapsed time: 1527 ms


Execution #46/10000

Seed: 46
Estimated max possible cost 531.576018
for path: 
0 1 2 3 4 5 6 7 8 9 10 11 12 13 14 15 16 17 18 0
Execution time: 40 ms

Elapsed time: 1567 ms


Execution #47/10000

Seed: 47
Estimated max possible cost 531.576018
for path: 
0 1 2 3 4 5 6 7 8 9 10 11 12 13 14 15 16 17 18 0
Execution time: 24 ms

Elapsed time: 1591 ms


Execution #48/10000

Seed: 48
Estimated max possible cost 531.576018
for path: 
0 1 2 3 4 5 6 7 8 9 10 11 12 13 14 15 16 17 18 0
Execution time: 30 ms

Elapsed time: 1621 ms


Execution #49/10000

Seed: 49
Estimated max possible cost 531.576018
for path: 
0 1 2 3 4 5 6 7 8 9 10 11 12 13 14 15 16 17 18 0
Execution time: 26 ms

Elapsed time: 1647 ms


Execution #50/10000

Seed: 50
Estimated max possible cost 531.576018
for path: 
0 1 2 3 4 5 6 7 8 9 10 11 12 13 14 15 16 17 18 0
Execution time: 24 ms

Elapsed time: 1671 ms


Execution #51/10000

Seed: 51
Estimated max possible cost 531.576018
for path: 
0 1 2 3 4 5 6 7 8 9 10 11 12 13 14 15 16 17 18 0
Execution time: 42 ms

Elapsed time: 1713 ms


Execution #52/10000

Seed: 52
Estimated max possible cost 531.576018
for path: 
0 1 2 3 4 5 6 7 8 9 10 11 12 13 14 15 16 17 18 0
Execution time: 46 ms

Elapsed time: 1759 ms


Execution #53/10000

Seed: 53
Estimated max possible cost 531.576018
for path: 
0 1 2 3 4 5 6 7 8 9 10 11 12 13 14 15 16 17 18 0
Execution time: 50 ms

Elapsed time: 1809 ms


Execution #54/10000

Seed: 54
Estimated max possible cost 531.576018
for path: 
0 1 2 3 4 5 6 7 8 9 10 11 12 13 14 15 16 17 18 0
Execution time: 33 ms

Elapsed time: 1842 ms


Execution #55/10000

Seed: 55
Estimated max possible cost 531.576018
for path: 
0 1 2 3 4 5 6 7 8 9 10 11 12 13 14 15 16 17 18 0
Execution time: 24 ms

Elapsed time: 1866 ms


Execution #56/10000

Seed: 56
Estimated max possible cost 531.576018
for path: 
0 1 2 3 4 5 6 7 8 9 10 11 12 13 14 15 16 17 18 0
Execution time: 25 ms

Elapsed time: 1891 ms


Execution #57/10000

Seed: 57
Estimated max possible cost 531.576018
for path: 
0 1 2 3 4 5 6 7 8 9 10 11 12 13 14 15 16 17 18 0
Execution time: 24 ms

Elapsed time: 1915 ms


Execution #58/10000

Seed: 58
Estimated max possible cost 531.576018
for path: 
0 1 2 3 4 5 6 7 8 9 10 11 12 13 14 15 16 17 18 0
Execution time: 26 ms

Elapsed time: 1941 ms


Execution #59/10000

Seed: 59
Estimated max possible cost 531.576018
for path: 
0 1 2 3 4 5 6 7 8 9 10 11 12 13 14 15 16 17 18 0
Execution time: 26 ms

Elapsed time: 1967 ms


Execution #60/10000

Seed: 60
Estimated max possible cost 531.576018
for path: 
0 1 2 3 4 5 6 7 8 9 10 11 12 13 14 15 16 17 18 0
Execution time: 25 ms

Elapsed time: 1992 ms


Execution #61/10000

Seed: 61
Estimated max possible cost 531.576018
for path: 
0 1 2 3 4 5 6 7 8 9 10 11 12 13 14 15 16 17 18 0
Execution time: 26 ms

Elapsed time: 2018 ms


Execution #62/10000

Seed: 62
Estimated max possible cost 531.576018
for path: 
0 1 2 3 4 5 6 7 8 9 10 11 12 13 14 15 16 17 18 0
Execution time: 44 ms

Elapsed time: 2062 ms


Execution #63/10000

Seed: 63
Estimated max possible cost 531.576018
for path: 
0 1 2 3 4 5 6 7 8 9 10 11 12 13 14 15 16 17 18 0
Execution time: 36 ms

Elapsed time: 2098 ms


Execution #64/10000

Seed: 64
Estimated max possible cost 531.576018
for path: 
0 1 2 3 4 5 6 7 8 9 10 11 12 13 14 15 16 17 18 0
Execution time: 26 ms

Elapsed time: 2124 ms


Execution #65/10000

Seed: 65
Estimated max possible cost 531.576018
for path: 
0 1 2 3 4 5 6 7 8 9 10 11 12 13 14 15 16 17 18 0
Execution time: 37 ms

Elapsed time: 2161 ms


Execution #66/10000

Seed: 66
Estimated max possible cost 531.576018
for path: 
0 1 2 3 4 5 6 7 8 9 10 11 12 13 14 15 16 17 18 0
Execution time: 26 ms

Elapsed time: 2187 ms


Execution #67/10000

Seed: 67
Estimated max possible cost 531.576018
for path: 
0 1 2 3 4 5 6 7 8 9 10 11 12 13 14 15 16 17 18 0
Execution time: 31 ms

Elapsed time: 2218 ms


Execution #68/10000

Seed: 68
Estimated max possible cost 531.576018
for path: 
0 1 2 3 4 5 6 7 8 9 10 11 12 13 14 15 16 17 18 0
Execution time: 36 ms

Elapsed time: 2254 ms


Execution #69/10000

Seed: 69
Estimated max possible cost 531.576018
for path: 
0 1 2 3 4 5 6 7 8 9 10 11 12 13 14 15 16 17 18 0
Execution time: 26 ms

Elapsed time: 2280 ms


Execution #70/10000

Seed: 70
Estimated max possible cost 531.576018
for path: 
0 1 2 3 4 5 6 7 8 9 10 11 12 13 14 15 16 17 18 0
Execution time: 42 ms

Elapsed time: 2322 ms


Execution #71/10000

Seed: 71
Estimated max possible cost 531.576018
for path: 
0 1 2 3 4 5 6 7 8 9 10 11 12 13 14 15 16 17 18 0
Execution time: 45 ms

Elapsed time: 2367 ms


Execution #72/10000

Seed: 72
Estimated max possible cost 531.576018
for path: 
0 1 2 3 4 5 6 7 8 9 10 11 12 13 14 15 16 17 18 0
Execution time: 25 ms

Elapsed time: 2392 ms


Execution #73/10000

Seed: 73
Estimated max possible cost 531.576018
for path: 
0 1 2 3 4 5 6 7 8 9 10 11 12 13 14 15 16 17 18 0
Execution time: 26 ms

Elapsed time: 2418 ms


Execution #74/10000

Seed: 74
Estimated max possible cost 531.576018
for path: 
0 1 2 3 4 5 6 7 8 9 10 11 12 13 14 15 16 17 18 0
Execution time: 26 ms

Elapsed time: 2444 ms


Execution #75/10000

Seed: 75
Estimated max possible cost 531.576018
for path: 
0 1 2 3 4 5 6 7 8 9 10 11 12 13 14 15 16 17 18 0
Execution time: 26 ms

Elapsed time: 2470 ms


Execution #76/10000

Seed: 76
Estimated max possible cost 531.576018
for path: 
0 1 2 3 4 5 6 7 8 9 10 11 12 13 14 15 16 17 18 0
Execution time: 26 ms

Elapsed time: 2496 ms


Execution #77/10000

Seed: 77
Estimated max possible cost 531.576018
for path: 
0 1 2 3 4 5 6 7 8 9 10 11 12 13 14 15 16 17 18 0
Execution time: 28 ms

Elapsed time: 2524 ms


Execution #78/10000

Seed: 78
Estimated max possible cost 531.576018
for path: 
0 1 2 3 4 5 6 7 8 9 10 11 12 13 14 15 16 17 18 0
Execution time: 44 ms

Elapsed time: 2568 ms


Execution #79/10000

Seed: 79
Estimated max possible cost 531.576018
for path: 
0 1 2 3 4 5 6 7 8 9 10 11 12 13 14 15 16 17 18 0
Execution time: 35 ms

Elapsed time: 2603 ms


Execution #80/10000

Seed: 80
Estimated max possible cost 531.576018
for path: 
0 1 2 3 4 5 6 7 8 9 10 11 12 13 14 15 16 17 18 0
Execution time: 79 ms

Elapsed time: 2682 ms


Execution #81/10000

Seed: 81
Estimated max possible cost 531.576018
for path: 
0 1 2 3 4 5 6 7 8 9 10 11 12 13 14 15 16 17 18 0
Execution time: 36 ms

Elapsed time: 2718 ms


Execution #82/10000

Seed: 82
Estimated max possible cost 531.576018
for path: 
0 1 2 3 4 5 6 7 8 9 10 11 12 13 14 15 16 17 18 0
Execution time: 26 ms

Elapsed time: 2744 ms


Execution #83/10000

Seed: 83
Estimated max possible cost 531.576018
for path: 
0 1 2 3 4 5 6 7 8 9 10 11 12 13 14 15 16 17 18 0
Execution time: 26 ms

Elapsed time: 2770 ms


Execution #84/10000

Seed: 84
Estimated max possible cost 531.576018
for path: 
0 1 2 3 4 5 6 7 8 9 10 11 12 13 14 15 16 17 18 0
Execution time: 37 ms

Elapsed time: 2807 ms


Execution #85/10000

Seed: 85
Estimated max possible cost 531.576018
for path: 
0 1 2 3 4 5 6 7 8 9 10 11 12 13 14 15 16 17 18 0
Execution time: 26 ms

Elapsed time: 2833 ms


Execution #86/10000

Seed: 86
Estimated max possible cost 531.576018
for path: 
0 1 2 3 4 5 6 7 8 9 10 11 12 13 14 15 16 17 18 0
Execution time: 27 ms

Elapsed time: 2860 ms


Execution #87/10000

Seed: 87
Estimated max possible cost 531.576018
for path: 
0 1 2 3 4 5 6 7 8 9 10 11 12 13 14 15 16 17 18 0
Execution time: 40 ms

Elapsed time: 2900 ms


Execution #88/10000

Seed: 88
Estimated max possible cost 531.576018
for path: 
0 1 2 3 4 5 6 7 8 9 10 11 12 13 14 15 16 17 18 0
Execution time: 38 ms

Elapsed time: 2938 ms


Execution #89/10000

Seed: 89
Estimated max possible cost 531.576018
for path: 
0 1 2 3 4 5 6 7 8 9 10 11 12 13 14 15 16 17 18 0
Execution time: 42 ms

Elapsed time: 2980 ms


Execution #90/10000

Seed: 90
Estimated max possible cost 531.576018
for path: 
0 1 2 3 4 5 6 7 8 9 10 11 12 13 14 15 16 17 18 0
Execution time: 25 ms

Elapsed time: 3005 ms


Execution #91/10000

Seed: 91
Estimated max possible cost 531.576018
for path: 
0 1 2 3 4 5 6 7 8 9 10 11 12 13 14 15 16 17 18 0
Execution time: 27 ms

Elapsed time: 3032 ms


Execution #92/10000

Seed: 92
Estimated max possible cost 531.576018
for path: 
0 1 2 3 4 5 6 7 8 9 10 11 12 13 14 15 16 17 18 0
Execution time: 25 ms

Elapsed time: 3057 ms


Execution #93/10000

Seed: 93
Estimated max possible cost 531.576018
for path: 
0 1 2 3 4 5 6 7 8 9 10 11 12 13 14 15 16 17 18 0
Execution time: 40 ms

Elapsed time: 3097 ms


Execution #94/10000

Seed: 94
Estimated max possible cost 531.576018
for path: 
0 1 2 3 4 5 6 7 8 9 10 11 12 13 14 15 16 17 18 0
Execution time: 39 ms

Elapsed time: 3136 ms


Execution #95/10000

Seed: 95
Estimated max possible cost 531.576018
for path: 
0 1 2 3 4 5 6 7 8 9 10 11 12 13 14 15 16 17 18 0
Execution time: 39 ms

Elapsed time: 3175 ms


Execution #96/10000

Seed: 96
Estimated max possible cost 531.576018
for path: 
0 1 2 3 4 5 6 7 8 9 10 11 12 13 14 15 16 17 18 0
Execution time: 38 ms

Elapsed time: 3213 ms


Execution #97/10000

Seed: 97
Estimated max possible cost 531.576018
for path: 
0 1 2 3 4 5 6 7 8 9 10 11 12 13 14 15 16 17 18 0
Execution time: 39 ms

Elapsed time: 3252 ms


Execution #98/10000

Seed: 98
Estimated max possible cost 531.576018
for path: 
0 1 2 3 4 5 6 7 8 9 10 11 12 13 14 15 16 17 18 0
Execution time: 43 ms

Elapsed time: 3295 ms


Execution #99/10000

Seed: 99
Estimated max possible cost 531.576018
for path: 
0 1 2 3 4 5 6 7 8 9 10 11 12 13 14 15 16 17 18 0
Execution time: 39 ms

Elapsed time: 3334 ms


Execution #100/10000

Seed: 100
Estimated max possible cost 531.576018
for path: 
0 1 2 3 4 5 6 7 8 9 10 11 12 13 14 15 16 17 18 0
Execution time: 41 ms

Elapsed time: 3375 ms


Execution #101/10000

Seed: 101
Estimated max possible cost 531.576018
for path: 
0 1 2 3 4 5 6 7 8 9 10 11 12 13 14 15 16 17 18 0
Execution time: 36 ms

Elapsed time: 3411 ms


Execution #102/10000

Seed: 102
Estimated max possible cost 531.576018
for path: 
0 1 2 3 4 5 6 7 8 9 10 11 12 13 14 15 16 17 18 0
Execution time: 48 ms

Elapsed time: 3459 ms


Execution #103/10000

Seed: 103
Estimated max possible cost 531.576018
for path: 
0 1 2 3 4 5 6 7 8 9 10 11 12 13 14 15 16 17 18 0
Execution time: 30 ms

Elapsed time: 3489 ms


Execution #104/10000

Seed: 104
Estimated max possible cost 531.576018
for path: 
0 1 2 3 4 5 6 7 8 9 10 11 12 13 14 15 16 17 18 0
Execution time: 24 ms

Elapsed time: 3513 ms


Execution #105/10000

Seed: 105
Estimated max possible cost 531.576018
for path: 
0 1 2 3 4 5 6 7 8 9 10 11 12 13 14 15 16 17 18 0
Execution time: 31 ms

Elapsed time: 3544 ms


Execution #106/10000

Seed: 106
Estimated max possible cost 531.576018
for path: 
0 1 2 3 4 5 6 7 8 9 10 11 12 13 14 15 16 17 18 0
Execution time: 40 ms

Elapsed time: 3584 ms


Execution #107/10000

Seed: 107
Estimated max possible cost 531.576018
for path: 
0 1 2 3 4 5 6 7 8 9 10 11 12 13 14 15 16 17 18 0
Execution time: 40 ms

Elapsed time: 3624 ms


Execution #108/10000

Seed: 108
Estimated max possible cost 531.576018
for path: 
0 1 2 3 4 5 6 7 8 9 10 11 12 13 14 15 16 17 18 0
Execution time: 36 ms

Elapsed time: 3660 ms


Execution #109/10000

Seed: 109
Estimated max possible cost 531.576018
for path: 
0 1 2 3 4 5 6 7 8 9 10 11 12 13 14 15 16 17 18 0
Execution time: 39 ms

Elapsed time: 3699 ms


Execution #110/10000

Seed: 110
Estimated max possible cost 531.576018
for path: 
0 1 2 3 4 5 6 7 8 9 10 11 12 13 14 15 16 17 18 0
Execution time: 37 ms

Elapsed time: 3736 ms


Execution #111/10000

Seed: 111
Estimated max possible cost 531.576018
for path: 
0 1 2 3 4 5 6 7 8 9 10 11 12 13 14 15 16 17 18 0
Execution time: 24 ms

Elapsed time: 3760 ms


Execution #112/10000

Seed: 112
Estimated max possible cost 531.576018
for path: 
0 1 2 3 4 5 6 7 8 9 10 11 12 13 14 15 16 17 18 0
Execution time: 37 ms

Elapsed time: 3797 ms


Execution #113/10000

Seed: 113
Estimated max possible cost 531.576018
for path: 
0 1 2 3 4 5 6 7 8 9 10 11 12 13 14 15 16 17 18 0
Execution time: 67 ms

Elapsed time: 3864 ms


Execution #114/10000

Seed: 114
Estimated max possible cost 531.576018
for path: 
0 1 2 3 4 5 6 7 8 9 10 11 12 13 14 15 16 17 18 0
Execution time: 35 ms

Elapsed time: 3899 ms


Execution #115/10000

Seed: 115
Estimated max possible cost 531.576018
for path: 
0 1 2 3 4 5 6 7 8 9 10 11 12 13 14 15 16 17 18 0
Execution time: 28 ms

Elapsed time: 3927 ms


Execution #116/10000

Seed: 116
Estimated max possible cost 531.576018
for path: 
0 1 2 3 4 5 6 7 8 9 10 11 12 13 14 15 16 17 18 0
Execution time: 41 ms

Elapsed time: 3968 ms


Execution #117/10000

Seed: 117
Estimated max possible cost 531.576018
for path: 
0 1 2 3 4 5 6 7 8 9 10 11 12 13 14 15 16 17 18 0
Execution time: 26 ms

Elapsed time: 3994 ms


Execution #118/10000

Seed: 118
Estimated max possible cost 531.576018
for path: 
0 1 2 3 4 5 6 7 8 9 10 11 12 13 14 15 16 17 18 0
Execution time: 29 ms

Elapsed time: 4023 ms


Execution #119/10000

Seed: 119
Estimated max possible cost 531.576018
for path: 
0 1 2 3 4 5 6 7 8 9 10 11 12 13 14 15 16 17 18 0
Execution time: 33 ms

Elapsed time: 4056 ms


Execution #120/10000

Seed: 120
Estimated max possible cost 531.576018
for path: 
0 1 2 3 4 5 6 7 8 9 10 11 12 13 14 15 16 17 18 0
Execution time: 37 ms

Elapsed time: 4093 ms


Execution #121/10000

Seed: 121
Estimated max possible cost 531.576018
for path: 
0 1 2 3 4 5 6 7 8 9 10 11 12 13 14 15 16 17 18 0
Execution time: 25 ms

Elapsed time: 4118 ms


Execution #122/10000

Seed: 122
Estimated max possible cost 531.576018
for path: 
0 1 2 3 4 5 6 7 8 9 10 11 12 13 14 15 16 17 18 0
Execution time: 25 ms

Elapsed time: 4143 ms


Execution #123/10000

Seed: 123
Estimated max possible cost 531.576018
for path: 
0 1 2 3 4 5 6 7 8 9 10 11 12 13 14 15 16 17 18 0
Execution time: 25 ms

Elapsed time: 4168 ms


Execution #124/10000

Seed: 124
Estimated max possible cost 531.576018
for path: 
0 1 2 3 4 5 6 7 8 9 10 11 12 13 14 15 16 17 18 0
Execution time: 26 ms

Elapsed time: 4194 ms


Execution #125/10000

Seed: 125
Estimated max possible cost 531.576018
for path: 
0 1 2 3 4 5 6 7 8 9 10 11 12 13 14 15 16 17 18 0
Execution time: 31 ms

Elapsed time: 4225 ms


Execution #126/10000

Seed: 126
Estimated max possible cost 531.576018
for path: 
0 1 2 3 4 5 6 7 8 9 10 11 12 13 14 15 16 17 18 0
Execution time: 42 ms

Elapsed time: 4267 ms


Execution #127/10000

Seed: 127
Estimated max possible cost 531.576018
for path: 
0 1 2 3 4 5 6 7 8 9 10 11 12 13 14 15 16 17 18 0
Execution time: 36 ms

Elapsed time: 4303 ms


Execution #128/10000

Seed: 128
Estimated max possible cost 531.576018
for path: 
0 1 2 3 4 5 6 7 8 9 10 11 12 13 14 15 16 17 18 0
Execution time: 26 ms

Elapsed time: 4329 ms


Execution #129/10000

Seed: 129
Estimated max possible cost 531.576018
for path: 
0 1 2 3 4 5 6 7 8 9 10 11 12 13 14 15 16 17 18 0
Execution time: 34 ms

Elapsed time: 4363 ms


Execution #130/10000

Seed: 130
Estimated max possible cost 531.576018
for path: 
0 1 2 3 4 5 6 7 8 9 10 11 12 13 14 15 16 17 18 0
Execution time: 67 ms

Elapsed time: 4430 ms


Execution #131/10000

Seed: 131
Estimated max possible cost 531.576018
for path: 
0 1 2 3 4 5 6 7 8 9 10 11 12 13 14 15 16 17 18 0
Execution time: 39 ms

Elapsed time: 4469 ms


Execution #132/10000

Seed: 132
Estimated max possible cost 531.576018
for path: 
0 1 2 3 4 5 6 7 8 9 10 11 12 13 14 15 16 17 18 0
Execution time: 24 ms

Elapsed time: 4493 ms


Execution #133/10000

Seed: 133
Estimated max possible cost 531.576018
for path: 
0 1 2 3 4 5 6 7 8 9 10 11 12 13 14 15 16 17 18 0
Execution time: 25 ms

Elapsed time: 4518 ms


Execution #134/10000

Seed: 134
Estimated max possible cost 531.576018
for path: 
0 1 2 3 4 5 6 7 8 9 10 11 12 13 14 15 16 17 18 0
Execution time: 25 ms

Elapsed time: 4543 ms


Execution #135/10000

Seed: 135
Estimated max possible cost 531.576018
for path: 
0 1 2 3 4 5 6 7 8 9 10 11 12 13 14 15 16 17 18 0
Execution time: 39 ms

Elapsed time: 4582 ms


Execution #136/10000

Seed: 136
Estimated max possible cost 531.576018
for path: 
0 1 2 3 4 5 6 7 8 9 10 11 12 13 14 15 16 17 18 0
Execution time: 25 ms

Elapsed time: 4607 ms


Execution #137/10000

Seed: 137
Estimated max possible cost 531.576018
for path: 
0 1 2 3 4 5 6 7 8 9 10 11 12 13 14 15 16 17 18 0
Execution time: 25 ms

Elapsed time: 4632 ms


Execution #138/10000

Seed: 138
Estimated max possible cost 531.576018
for path: 
0 1 2 3 4 5 6 7 8 9 10 11 12 13 14 15 16 17 18 0
Execution time: 25 ms

Elapsed time: 4657 ms


Execution #139/10000

Seed: 139
Estimated max possible cost 531.576018
for path: 
0 1 2 3 4 5 6 7 8 9 10 11 12 13 14 15 16 17 18 0
Execution time: 25 ms

Elapsed time: 4682 ms


Execution #140/10000

Seed: 140
Estimated max possible cost 531.576018
for path: 
0 1 2 3 4 5 6 7 8 9 10 11 12 13 14 15 16 17 18 0
Execution time: 26 ms

Elapsed time: 4708 ms


Execution #141/10000

Seed: 141
Estimated max possible cost 531.576018
for path: 
0 1 2 3 4 5 6 7 8 9 10 11 12 13 14 15 16 17 18 0
Execution time: 25 ms

Elapsed time: 4733 ms


Execution #142/10000

Seed: 142
Estimated max possible cost 531.576018
for path: 
0 1 2 3 4 5 6 7 8 9 10 11 12 13 14 15 16 17 18 0
Execution time: 25 ms

Elapsed time: 4758 ms


Execution #143/10000

Seed: 143
Estimated max possible cost 531.576018
for path: 
0 1 2 3 4 5 6 7 8 9 10 11 12 13 14 15 16 17 18 0
Execution time: 26 ms

Elapsed time: 4784 ms


Execution #144/10000

Seed: 144
Estimated max possible cost 531.576018
for path: 
0 1 2 3 4 5 6 7 8 9 10 11 12 13 14 15 16 17 18 0
Execution time: 26 ms

Elapsed time: 4810 ms


Execution #145/10000

Seed: 145
Estimated max possible cost 531.576018
for path: 
0 1 2 3 4 5 6 7 8 9 10 11 12 13 14 15 16 17 18 0
Execution time: 39 ms

Elapsed time: 4849 ms


Execution #146/10000

Seed: 146
Estimated max possible cost 531.576018
for path: 
0 1 2 3 4 5 6 7 8 9 10 11 12 13 14 15 16 17 18 0
Execution time: 40 ms

Elapsed time: 4889 ms


Execution #147/10000

Seed: 147
Estimated max possible cost 531.576018
for path: 
0 1 2 3 4 5 6 7 8 9 10 11 12 13 14 15 16 17 18 0
Execution time: 57 ms

Elapsed time: 4946 ms


Execution #148/10000

Seed: 148
Estimated max possible cost 531.576018
for path: 
0 1 2 3 4 5 6 7 8 9 10 11 12 13 14 15 16 17 18 0
Execution time: 33 ms

Elapsed time: 4979 ms


Execution #149/10000

Seed: 149
Estimated max possible cost 531.576018
for path: 
0 1 2 3 4 5 6 7 8 9 10 11 12 13 14 15 16 17 18 0
Execution time: 26 ms

Elapsed time: 5005 ms


Execution #150/10000

Seed: 150
Estimated max possible cost 531.576018
for path: 
0 1 2 3 4 5 6 7 8 9 10 11 12 13 14 15 16 17 18 0
Execution time: 26 ms

Elapsed time: 5031 ms


Execution #151/10000

Seed: 151
Estimated max possible cost 531.576018
for path: 
0 1 2 3 4 5 6 7 8 9 10 11 12 13 14 15 16 17 18 0
Execution time: 26 ms

Elapsed time: 5057 ms


Execution #152/10000

Seed: 152
Estimated max possible cost 531.576018
for path: 
0 1 2 3 4 5 6 7 8 9 10 11 12 13 14 15 16 17 18 0
Execution time: 30 ms

Elapsed time: 5087 ms


Execution #153/10000

Seed: 153
Estimated max possible cost 531.576018
for path: 
0 1 2 3 4 5 6 7 8 9 10 11 12 13 14 15 16 17 18 0
Execution time: 32 ms

Elapsed time: 5119 ms


Execution #154/10000

Seed: 154
Estimated max possible cost 531.576018
for path: 
0 1 2 3 4 5 6 7 8 9 10 11 12 13 14 15 16 17 18 0
Execution time: 25 ms

Elapsed time: 5144 ms


Execution #155/10000

Seed: 155
Estimated max possible cost 531.576018
for path: 
0 1 2 3 4 5 6 7 8 9 10 11 12 13 14 15 16 17 18 0
Execution time: 37 ms

Elapsed time: 5181 ms


Execution #156/10000

Seed: 156
Estimated max possible cost 531.576018
for path: 
0 1 2 3 4 5 6 7 8 9 10 11 12 13 14 15 16 17 18 0
Execution time: 31 ms

Elapsed time: 5212 ms


Execution #157/10000

Seed: 157
Estimated max possible cost 531.576018
for path: 
0 1 2 3 4 5 6 7 8 9 10 11 12 13 14 15 16 17 18 0
Execution time: 29 ms

Elapsed time: 5241 ms


Execution #158/10000

Seed: 158
Estimated max possible cost 531.576018
for path: 
0 1 2 3 4 5 6 7 8 9 10 11 12 13 14 15 16 17 18 0
Execution time: 44 ms

Elapsed time: 5285 ms


Execution #159/10000

Seed: 159
Estimated max possible cost 531.576018
for path: 
0 1 2 3 4 5 6 7 8 9 10 11 12 13 14 15 16 17 18 0
Execution time: 48 ms

Elapsed time: 5333 ms


Execution #160/10000

Seed: 160
Estimated max possible cost 531.576018
for path: 
0 1 2 3 4 5 6 7 8 9 10 11 12 13 14 15 16 17 18 0
Execution time: 29 ms

Elapsed time: 5362 ms


Execution #161/10000

Seed: 161
Estimated max possible cost 531.576018
for path: 
0 1 2 3 4 5 6 7 8 9 10 11 12 13 14 15 16 17 18 0
Execution time: 43 ms

Elapsed time: 5405 ms


Execution #162/10000

Seed: 162
Estimated max possible cost 531.576018
for path: 
0 1 2 3 4 5 6 7 8 9 10 11 12 13 14 15 16 17 18 0
Execution time: 39 ms

Elapsed time: 5444 ms


Execution #163/10000

Seed: 163
Estimated max possible cost 531.576018
for path: 
0 1 2 3 4 5 6 7 8 9 10 11 12 13 14 15 16 17 18 0
Execution time: 40 ms

Elapsed time: 5484 ms


Execution #164/10000

Seed: 164
Estimated max possible cost 531.576018
for path: 
0 1 2 3 4 5 6 7 8 9 10 11 12 13 14 15 16 17 18 0
Execution time: 24 ms

Elapsed time: 5508 ms


Execution #165/10000

Seed: 165
Estimated max possible cost 531.576018
for path: 
0 1 2 3 4 5 6 7 8 9 10 11 12 13 14 15 16 17 18 0
Execution time: 26 ms

Elapsed time: 5534 ms


Execution #166/10000

Seed: 166
Estimated max possible cost 531.576018
for path: 
0 1 2 3 4 5 6 7 8 9 10 11 12 13 14 15 16 17 18 0
Execution time: 32 ms

Elapsed time: 5566 ms


Execution #167/10000

Seed: 167
Estimated max possible cost 531.576018
for path: 
0 1 2 3 4 5 6 7 8 9 10 11 12 13 14 15 16 17 18 0
Execution time: 48 ms

Elapsed time: 5614 ms


Execution #168/10000

Seed: 168
Estimated max possible cost 531.576018
for path: 
0 1 2 3 4 5 6 7 8 9 10 11 12 13 14 15 16 17 18 0
Execution time: 28 ms

Elapsed time: 5642 ms


Execution #169/10000

Seed: 169
Estimated max possible cost 531.576018
for path: 
0 1 2 3 4 5 6 7 8 9 10 11 12 13 14 15 16 17 18 0
Execution time: 26 ms

Elapsed time: 5668 ms


Execution #170/10000

Seed: 170
Estimated max possible cost 531.576018
for path: 
0 1 2 3 4 5 6 7 8 9 10 11 12 13 14 15 16 17 18 0
Execution time: 31 ms

Elapsed time: 5699 ms


Execution #171/10000

Seed: 171
Estimated max possible cost 531.576018
for path: 
0 1 2 3 4 5 6 7 8 9 10 11 12 13 14 15 16 17 18 0
Execution time: 33 ms

Elapsed time: 5732 ms


Execution #172/10000

Seed: 172
Estimated max possible cost 531.576018
for path: 
0 1 2 3 4 5 6 7 8 9 10 11 12 13 14 15 16 17 18 0
Execution time: 31 ms

Elapsed time: 5763 ms


Execution #173/10000

Seed: 173
Estimated max possible cost 531.576018
for path: 
0 1 2 3 4 5 6 7 8 9 10 11 12 13 14 15 16 17 18 0
Execution time: 28 ms

Elapsed time: 5791 ms


Execution #174/10000

Seed: 174
Estimated max possible cost 531.576018
for path: 
0 1 2 3 4 5 6 7 8 9 10 11 12 13 14 15 16 17 18 0
Execution time: 39 ms

Elapsed time: 5830 ms


Execution #175/10000

Seed: 175
Estimated max possible cost 531.576018
for path: 
0 1 2 3 4 5 6 7 8 9 10 11 12 13 14 15 16 17 18 0
Execution time: 48 ms

Elapsed time: 5878 ms


Execution #176/10000

Seed: 176
Estimated max possible cost 531.576018
for path: 
0 1 2 3 4 5 6 7 8 9 10 11 12 13 14 15 16 17 18 0
Execution time: 26 ms

Elapsed time: 5904 ms


Execution #177/10000

Seed: 177
Estimated max possible cost 531.576018
for path: 
0 1 2 3 4 5 6 7 8 9 10 11 12 13 14 15 16 17 18 0
Execution time: 25 ms

Elapsed time: 5929 ms


Execution #178/10000

Seed: 178
Estimated max possible cost 531.576018
for path: 
0 1 2 3 4 5 6 7 8 9 10 11 12 13 14 15 16 17 18 0
Execution time: 39 ms

Elapsed time: 5968 ms


Execution #179/10000

Seed: 179
Estimated max possible cost 531.576018
for path: 
0 1 2 3 4 5 6 7 8 9 10 11 12 13 14 15 16 17 18 0
Execution time: 26 ms

Elapsed time: 5994 ms


Execution #180/10000

Seed: 180
Estimated max possible cost 531.576018
for path: 
0 1 2 3 4 5 6 7 8 9 10 11 12 13 14 15 16 17 18 0
Execution time: 28 ms

Elapsed time: 6022 ms


Execution #181/10000

Seed: 181
Estimated max possible cost 531.576018
for path: 
0 1 2 3 4 5 6 7 8 9 10 11 12 13 14 15 16 17 18 0
Execution time: 25 ms

Elapsed time: 6047 ms


Execution #182/10000

Seed: 182
Estimated max possible cost 531.576018
for path: 
0 1 2 3 4 5 6 7 8 9 10 11 12 13 14 15 16 17 18 0
Execution time: 27 ms

Elapsed time: 6074 ms


Execution #183/10000

Seed: 183
Estimated max possible cost 531.576018
for path: 
0 1 2 3 4 5 6 7 8 9 10 11 12 13 14 15 16 17 18 0
