Solving TSP


Execution #1/10000

Seed: 1
Estimated max possible cost 564.493783
for path: 
0 1 2 3 4 5 6 7 8 9 10 11 12 13 14 15 16 17 18 19 20 21 22 23 0
Memory needed for path: 25248641 locs, for costs: 26313518 locs.
Desired precision: 10000
Mem constraint for cost_t: 32 bits
Rounded to pow of 2 bytes mem constraint (capped at 64bits) for cost_t: 32 bits
Bits needed for an int to preserve precision: 23
Bits used per cost_t: 23
Selected cost_t = (u)int32_t
Solving with cost_t = j
Memory [GB] needed: 0.12154
Distances:
0, 5.08, 242.54, 232.423, 228.124, 218.013, 212.172, 212.044, 211.947, 211.88, 211.843, 211.837, 211.862, 211.917, 212.002, 212.117, 212.263, 212.44, 212.646, 212.882, 213.149, 196.958, 196.821, 196.716, 
5.08, 0, 247.599, 237.481, 233.181, 223.068, 217.244, 217.119, 217.024, 216.959, 216.923, 216.917, 216.941, 216.995, 217.078, 217.191, 217.333, 217.505, 217.707, 217.938, 218.198, 202.029, 201.895, 201.793, 
242.54, 247.599, 0, 10.16, 14.478, 24.638, 31.3255, 32.219, 33.2827, 34.501, 35.8581, 37.3389, 38.9292, 40.6162, 42.3883, 44.2354, 46.1484, 48.1194, 50.1417, 52.2092, 54.3168, 46.0364, 46.649, 47.3899, 
232.423, 237.481, 10.16, 0, 4.318, 14.478, 21.9236, 23.1823, 24.6393, 26.2617, 28.0207, 29.8922, 31.8565, 33.8973, 36.0018, 38.1592, 40.3612, 42.6009, 44.8725, 47.1716, 49.4942, 36.1805, 36.9568, 37.8877, 
228.124, 233.181, 14.478, 4.318, 0, 10.16, 18.1765, 19.6764, 21.3738, 23.2254, 25.1973, 27.2633, 29.4037, 31.6034, 33.8507, 36.1368, 38.4548, 40.7992, 43.1658, 45.5511, 47.9522, 32.0493, 32.9231, 33.9648, 
218.013, 223.068, 24.638, 14.478, 10.16, 0, 11.1326, 13.4428, 15.8236, 18.2474, 20.6991, 23.1698, 25.654, 28.1482, 30.6499, 33.1575, 35.6696, 38.1854, 40.7042, 43.2255, 45.7489, 22.606, 23.8287, 25.2484, 
212.172, 217.244, 31.3255, 21.9236, 18.1765, 11.1326, 0, 2.54, 5.08, 7.62, 10.16, 12.7, 15.24, 17.78, 20.32, 22.86, 25.4, 27.94, 30.48, 33.02, 35.56, 15.24, 15.4502, 16.0644, 
212.044, 217.119, 32.219, 23.1823, 19.6764, 13.4428, 2.54, 0, 2.54, 5.08, 7.62, 10.16, 12.7, 15.24, 17.78, 20.32, 22.86, 25.4, 27.94, 30.48, 33.02, 15.4502, 15.24, 15.4502, 
211.947, 217.024, 33.2827, 24.6393, 21.3738, 15.8236, 5.08, 2.54, 0, 2.54, 5.08, 7.62, 10.16, 12.7, 15.24, 17.78, 20.32, 22.86, 25.4, 27.94, 30.48, 16.0644, 15.4502, 15.24, 
211.88, 216.959, 34.501, 26.2617, 23.2254, 18.2474, 7.62, 5.08, 2.54, 0, 2.54, 5.08, 7.62, 10.16, 12.7, 15.24, 17.78, 20.32, 22.86, 25.4, 27.94, 17.0388, 16.0644, 15.4502, 
211.843, 216.923, 35.8581, 28.0207, 25.1973, 20.6991, 10.16, 7.62, 5.08, 2.54, 0, 2.54, 5.08, 7.62, 10.16, 12.7, 15.24, 17.78, 20.32, 22.86, 25.4, 18.3162, 17.0388, 16.0644, 
211.837, 216.917, 37.3389, 29.8922, 27.2633, 23.1698, 12.7, 10.16, 7.62, 5.08, 2.54, 0, 2.54, 5.08, 7.62, 10.16, 12.7, 15.24, 17.78, 20.32, 22.86, 19.838, 18.3162, 17.0388, 
211.862, 216.941, 38.9292, 31.8565, 29.4037, 25.654, 15.24, 12.7, 10.16, 7.62, 5.08, 2.54, 0, 2.54, 5.08, 7.62, 10.16, 12.7, 15.24, 17.78, 20.32, 21.5526, 19.838, 18.3162, 
211.917, 216.995, 40.6162, 33.8973, 31.6034, 28.1482, 17.78, 15.24, 12.7, 10.16, 7.62, 5.08, 2.54, 0, 2.54, 5.08, 7.62, 10.16, 12.7, 15.24, 17.78, 23.4176, 21.5526, 19.838, 
212.002, 217.078, 42.3883, 36.0018, 33.8507, 30.6499, 20.32, 17.78, 15.24, 12.7, 10.16, 7.62, 5.08, 2.54, 0, 2.54, 5.08, 7.62, 10.16, 12.7, 15.24, 25.4, 23.4176, 21.5526, 
212.117, 217.191, 44.2354, 38.1592, 36.1368, 33.1575, 22.86, 20.32, 17.78, 15.24, 12.7, 10.16, 7.62, 5.08, 2.54, 0, 2.54, 5.08, 7.62, 10.16, 12.7, 27.4743, 25.4, 23.4176, 
212.263, 217.333, 46.1484, 40.3612, 38.4548, 35.6696, 25.4, 22.86, 20.32, 17.78, 15.24, 12.7, 10.16, 7.62, 5.08, 2.54, 0, 2.54, 5.08, 7.62, 10.16, 29.6212, 27.4743, 25.4, 
212.44, 217.505, 48.1194, 42.6009, 40.7992, 38.1854, 27.94, 25.4, 22.86, 20.32, 17.78, 15.24, 12.7, 10.16, 7.62, 5.08, 2.54, 0, 2.54, 5.08, 7.62, 31.8261, 29.6212, 27.4743, 
212.646, 217.707, 50.1417, 44.8725, 43.1658, 40.7042, 30.48, 27.94, 25.4, 22.86, 20.32, 17.78, 15.24, 12.7, 10.16, 7.62, 5.08, 2.54, 0, 2.54, 5.08, 34.0777, 31.8261, 29.6212, 
212.882, 217.938, 52.2092, 47.1716, 45.5511, 43.2255, 33.02, 30.48, 27.94, 25.4, 22.86, 20.32, 17.78, 15.24, 12.7, 10.16, 7.62, 5.08, 2.54, 0, 2.54, 36.3673, 34.0777, 31.8261, 
213.149, 218.198, 54.3168, 49.4942, 47.9522, 45.7489, 35.56, 33.02, 30.48, 27.94, 25.4, 22.86, 20.32, 17.78, 15.24, 12.7, 10.16, 7.62, 5.08, 2.54, 0, 38.6881, 36.3673, 34.0777, 
196.958, 202.029, 46.0364, 36.1805, 32.0493, 22.606, 15.24, 15.4502, 16.0644, 17.0388, 18.3162, 19.838, 21.5526, 23.4176, 25.4, 27.4743, 29.6212, 31.8261, 34.0777, 36.3673, 38.6881, 0, 2.54, 5.08, 
196.821, 201.895, 46.649, 36.9568, 32.9231, 23.8287, 15.4502, 15.24, 15.4502, 16.0644, 17.0388, 18.3162, 19.838, 21.5526, 23.4176, 25.4, 27.4743, 29.6212, 31.8261, 34.0777, 36.3673, 2.54, 0, 2.54, 
196.716, 201.793, 47.3899, 37.8877, 33.9648, 25.2484, 16.0644, 15.4502, 15.24, 15.4502, 16.0644, 17.0388, 18.3162, 19.838, 21.5526, 23.4176, 25.4, 27.4743, 29.6212, 31.8261, 34.0777, 5.08, 2.54, 0, 
Scaled Distances:
0, 2.06797e+07, 1.95398e+09, 1.87161e+09, 1.83662e+09, 1.75429e+09, 1.70674e+09, 1.7057e+09, 1.70491e+09, 1.70436e+09, 1.70406e+09, 1.70401e+09, 1.70421e+09, 1.70466e+09, 1.70535e+09, 1.70629e+09, 1.70748e+09, 1.70892e+09, 1.7106e+09, 1.71252e+09, 1.71469e+09, 1.58287e+09, 1.58175e+09, 1.5809e+09, 
2.06797e+07, 0, 1.99518e+09, 1.91279e+09, 1.87779e+09, 1.79545e+09, 1.74804e+09, 1.74702e+09, 1.74625e+09, 1.74571e+09, 1.74542e+09, 1.74537e+09, 1.74557e+09, 1.746e+09, 1.74668e+09, 1.7476e+09, 1.74876e+09, 1.75016e+09, 1.7518e+09, 1.75368e+09, 1.7558e+09, 1.62416e+09, 1.62307e+09, 1.62223e+09, 
1.95398e+09, 1.99518e+09, 0, 6.2039e+07, 9.71944e+07, 1.79913e+08, 2.3436e+08, 2.41634e+08, 2.50295e+08, 2.60214e+08, 2.71263e+08, 2.83318e+08, 2.96266e+08, 3.10001e+08, 3.24429e+08, 3.39467e+08, 3.55042e+08, 3.71089e+08, 3.87554e+08, 4.04387e+08, 4.21546e+08, 3.5413e+08, 3.59117e+08, 3.6515e+08, 
1.87161e+09, 1.91279e+09, 6.2039e+07, 0, 1.44758e+07, 9.71944e+07, 1.57813e+08, 1.68061e+08, 1.79924e+08, 1.93132e+08, 2.07454e+08, 2.22691e+08, 2.38683e+08, 2.55299e+08, 2.72432e+08, 2.89997e+08, 3.07925e+08, 3.2616e+08, 3.44654e+08, 3.63372e+08, 3.82282e+08, 2.73887e+08, 2.80208e+08, 2.87787e+08, 
1.83662e+09, 1.87779e+09, 9.71944e+07, 1.44758e+07, 0, 6.2039e+07, 1.27306e+08, 1.39518e+08, 1.53337e+08, 1.68412e+08, 1.84466e+08, 2.01287e+08, 2.18714e+08, 2.36622e+08, 2.54919e+08, 2.73532e+08, 2.92404e+08, 3.11491e+08, 3.30759e+08, 3.50179e+08, 3.69728e+08, 2.40253e+08, 2.47367e+08, 2.55848e+08, 
1.75429e+09, 1.79545e+09, 1.79913e+08, 9.71944e+07, 6.2039e+07, 0, 6.99576e+07, 8.87663e+07, 1.0815e+08, 1.27883e+08, 1.47844e+08, 1.67959e+08, 1.88185e+08, 2.08492e+08, 2.2886e+08, 2.49275e+08, 2.69728e+08, 2.90211e+08, 3.10718e+08, 3.31245e+08, 3.5179e+08, 1.63369e+08, 1.73324e+08, 1.84883e+08, 
1.70674e+09, 1.74804e+09, 2.3436e+08, 1.57813e+08, 1.27306e+08, 6.99576e+07, 0, 0, 2.06797e+07, 4.13593e+07, 6.2039e+07, 8.27186e+07, 1.03398e+08, 1.24078e+08, 1.44758e+08, 1.65437e+08, 1.86117e+08, 2.06797e+08, 2.27476e+08, 2.48156e+08, 2.68835e+08, 1.03398e+08, 1.0511e+08, 1.1011e+08, 
1.7057e+09, 1.74702e+09, 2.41634e+08, 1.68061e+08, 1.39518e+08, 8.87663e+07, 0, 0, 0, 2.06797e+07, 4.13593e+07, 6.2039e+07, 8.27186e+07, 1.03398e+08, 1.24078e+08, 1.44758e+08, 1.65437e+08, 1.86117e+08, 2.06797e+08, 2.27476e+08, 2.48156e+08, 1.0511e+08, 1.03398e+08, 1.0511e+08, 
1.70491e+09, 1.74625e+09, 2.50295e+08, 1.79924e+08, 1.53337e+08, 1.0815e+08, 2.06797e+07, 0, 0, 0, 2.06797e+07, 4.13593e+07, 6.2039e+07, 8.27186e+07, 1.03398e+08, 1.24078e+08, 1.44758e+08, 1.65437e+08, 1.86117e+08, 2.06797e+08, 2.27476e+08, 1.1011e+08, 1.0511e+08, 1.03398e+08, 
1.70436e+09, 1.74571e+09, 2.60214e+08, 1.93132e+08, 1.68412e+08, 1.27883e+08, 4.13593e+07, 2.06797e+07, 0, 0, 0, 2.06797e+07, 4.13593e+07, 6.2039e+07, 8.27186e+07, 1.03398e+08, 1.24078e+08, 1.44758e+08, 1.65437e+08, 1.86117e+08, 2.06797e+08, 1.18044e+08, 1.1011e+08, 1.0511e+08, 
1.70406e+09, 1.74542e+09, 2.71263e+08, 2.07454e+08, 1.84466e+08, 1.47844e+08, 6.2039e+07, 4.13593e+07, 2.06797e+07, 0, 0, 0, 2.06797e+07, 4.13593e+07, 6.2039e+07, 8.27186e+07, 1.03398e+08, 1.24078e+08, 1.44758e+08, 1.65437e+08, 1.86117e+08, 1.28443e+08, 1.18044e+08, 1.1011e+08, 
1.70401e+09, 1.74537e+09, 2.83318e+08, 2.22691e+08, 2.01287e+08, 1.67959e+08, 8.27186e+07, 6.2039e+07, 4.13593e+07, 2.06797e+07, 0, 0, 0, 2.06797e+07, 4.13593e+07, 6.2039e+07, 8.27186e+07, 1.03398e+08, 1.24078e+08, 1.44758e+08, 1.65437e+08, 1.40834e+08, 1.28443e+08, 1.18044e+08, 
1.70421e+09, 1.74557e+09, 2.96266e+08, 2.38683e+08, 2.18714e+08, 1.88185e+08, 1.03398e+08, 8.27186e+07, 6.2039e+07, 4.13593e+07, 2.06797e+07, 0, 0, 0, 2.06797e+07, 4.13593e+07, 6.2039e+07, 8.27186e+07, 1.03398e+08, 1.24078e+08, 1.44758e+08, 1.54793e+08, 1.40834e+08, 1.28443e+08, 
1.70466e+09, 1.746e+09, 3.10001e+08, 2.55299e+08, 2.36622e+08, 2.08492e+08, 1.24078e+08, 1.03398e+08, 8.27186e+07, 6.2039e+07, 4.13593e+07, 2.06797e+07, 0, 0, 0, 2.06797e+07, 4.13593e+07, 6.2039e+07, 8.27186e+07, 1.03398e+08, 1.24078e+08, 1.69977e+08, 1.54793e+08, 1.40834e+08, 
1.70535e+09, 1.74668e+09, 3.24429e+08, 2.72432e+08, 2.54919e+08, 2.2886e+08, 1.44758e+08, 1.24078e+08, 1.03398e+08, 8.27186e+07, 6.2039e+07, 4.13593e+07, 2.06797e+07, 0, 0, 0, 2.06797e+07, 4.13593e+07, 6.2039e+07, 8.27186e+07, 1.03398e+08, 1.86117e+08, 1.69977e+08, 1.54793e+08, 
1.70629e+09, 1.7476e+09, 3.39467e+08, 2.89997e+08, 2.73532e+08, 2.49275e+08, 1.65437e+08, 1.44758e+08, 1.24078e+08, 1.03398e+08, 8.27186e+07, 6.2039e+07, 4.13593e+07, 2.06797e+07, 0, 0, 0, 2.06797e+07, 4.13593e+07, 6.2039e+07, 8.27186e+07, 2.03005e+08, 1.86117e+08, 1.69977e+08, 
1.70748e+09, 1.74876e+09, 3.55042e+08, 3.07925e+08, 2.92404e+08, 2.69728e+08, 1.86117e+08, 1.65437e+08, 1.44758e+08, 1.24078e+08, 1.03398e+08, 8.27186e+07, 6.2039e+07, 4.13593e+07, 2.06797e+07, 0, 0, 0, 2.06797e+07, 4.13593e+07, 6.2039e+07, 2.20484e+08, 2.03005e+08, 1.86117e+08, 
1.70892e+09, 1.75016e+09, 3.71089e+08, 3.2616e+08, 3.11491e+08, 2.90211e+08, 2.06797e+08, 1.86117e+08, 1.65437e+08, 1.44758e+08, 1.24078e+08, 1.03398e+08, 8.27186e+07, 6.2039e+07, 4.13593e+07, 2.06797e+07, 0, 0, 0, 2.06797e+07, 4.13593e+07, 2.38436e+08, 2.20484e+08, 2.03005e+08, 
1.7106e+09, 1.7518e+09, 3.87554e+08, 3.44654e+08, 3.30759e+08, 3.10718e+08, 2.27476e+08, 2.06797e+08, 1.86117e+08, 1.65437e+08, 1.44758e+08, 1.24078e+08, 1.03398e+08, 8.27186e+07, 6.2039e+07, 4.13593e+07, 2.06797e+07, 0, 0, 0, 2.06797e+07, 2.56767e+08, 2.38436e+08, 2.20484e+08, 
1.71252e+09, 1.75368e+09, 4.04387e+08, 3.63372e+08, 3.50179e+08, 3.31245e+08, 2.48156e+08, 2.27476e+08, 2.06797e+08, 1.86117e+08, 1.65437e+08, 1.44758e+08, 1.24078e+08, 1.03398e+08, 8.27186e+07, 6.2039e+07, 4.13593e+07, 2.06797e+07, 0, 0, 0, 2.75408e+08, 2.56767e+08, 2.38436e+08, 
1.71469e+09, 1.7558e+09, 4.21546e+08, 3.82282e+08, 3.69728e+08, 3.5179e+08, 2.68835e+08, 2.48156e+08, 2.27476e+08, 2.06797e+08, 1.86117e+08, 1.65437e+08, 1.44758e+08, 1.24078e+08, 1.03398e+08, 8.27186e+07, 6.2039e+07, 4.13593e+07, 2.06797e+07, 0, 0, 2.94303e+08, 2.75408e+08, 2.56767e+08, 
1.58287e+09, 1.62416e+09, 3.5413e+08, 2.73887e+08, 2.40253e+08, 1.63369e+08, 1.03398e+08, 1.0511e+08, 1.1011e+08, 1.18044e+08, 1.28443e+08, 1.40834e+08, 1.54793e+08, 1.69977e+08, 1.86117e+08, 2.03005e+08, 2.20484e+08, 2.38436e+08, 2.56767e+08, 2.75408e+08, 2.94303e+08, 0, 0, 2.06797e+07, 
1.58175e+09, 1.62307e+09, 3.59117e+08, 2.80208e+08, 2.47367e+08, 1.73324e+08, 1.0511e+08, 1.03398e+08, 1.0511e+08, 1.1011e+08, 1.18044e+08, 1.28443e+08, 1.40834e+08, 1.54793e+08, 1.69977e+08, 1.86117e+08, 2.03005e+08, 2.20484e+08, 2.38436e+08, 2.56767e+08, 2.75408e+08, 0, 0, 0, 
1.5809e+09, 1.62223e+09, 3.6515e+08, 2.87787e+08, 2.55848e+08, 1.84883e+08, 1.1011e+08, 1.0511e+08, 1.03398e+08, 1.0511e+08, 1.1011e+08, 1.18044e+08, 1.28443e+08, 1.40834e+08, 1.54793e+08, 1.69977e+08, 1.86117e+08, 2.03005e+08, 2.20484e+08, 2.38436e+08, 2.56767e+08, 2.06797e+07, 0, 0, 
Optimal total distance (scaled) for 24 points: 3.89367e+09
Optimal total distance for 24 points: 539.203521
Corresponding path (0-indexed):
Point #23
Point #0
Point #1
Point #20
Point #19
Point #18
Point #17
Point #16
Point #15
Point #14
Point #13
Point #12
Point #11
Point #10
Point #9
Point #8
Point #7
Point #6
Point #2
Point #3
Point #4
Point #5
Point #21
Point #22
Point #23
Execution time: 2052 ms

Elapsed time: 2052 ms


Execution #2/10000

Seed: 2
Estimated max possible cost 564.493783
for path: 
0 1 2 3 4 5 6 7 8 9 10 11 12 13 14 15 16 17 18 19 20 21 22 23 0
Execution time: 2107 ms

Elapsed time: 4159 ms


Execution #3/10000

Seed: 3
Estimated max possible cost 564.493783
for path: 
0 1 2 3 4 5 6 7 8 9 10 11 12 13 14 15 16 17 18 19 20 21 22 23 0
Execution time: 2013 ms

Elapsed time: 6172 ms


Execution #4/10000

Seed: 4
Estimated max possible cost 564.493783
for path: 
0 1 2 3 4 5 6 7 8 9 10 11 12 13 14 15 16 17 18 19 20 21 22 23 0
Execution time: 2122 ms

Elapsed time: 8294 ms


Execution #5/10000

Seed: 5
Estimated max possible cost 564.493783
for path: 
0 1 2 3 4 5 6 7 8 9 10 11 12 13 14 15 16 17 18 19 20 21 22 23 0
Execution time: 2092 ms

Elapsed time: 10386 ms


Execution #6/10000

Seed: 6
Estimated max possible cost 564.493783
for path: 
0 1 2 3 4 5 6 7 8 9 10 11 12 13 14 15 16 17 18 19 20 21 22 23 0
Execution time: 2147 ms

Elapsed time: 12533 ms


Execution #7/10000

Seed: 7
Estimated max possible cost 564.493783
for path: 
0 1 2 3 4 5 6 7 8 9 10 11 12 13 14 15 16 17 18 19 20 21 22 23 0
Execution time: 2136 ms

Elapsed time: 14669 ms


Execution #8/10000

Seed: 8
Estimated max possible cost 564.493783
for path: 
0 1 2 3 4 5 6 7 8 9 10 11 12 13 14 15 16 17 18 19 20 21 22 23 0
Execution time: 2004 ms

Elapsed time: 16673 ms


Execution #9/10000

Seed: 9
Estimated max possible cost 564.493783
for path: 
0 1 2 3 4 5 6 7 8 9 10 11 12 13 14 15 16 17 18 19 20 21 22 23 0
Execution time: 1954 ms

Elapsed time: 18627 ms


Execution #10/10000

Seed: 10
Estimated max possible cost 564.493783
for path: 
0 1 2 3 4 5 6 7 8 9 10 11 12 13 14 15 16 17 18 19 20 21 22 23 0
Execution time: 2176 ms

Elapsed time: 20803 ms


Execution #11/10000

Seed: 11
Estimated max possible cost 564.493783
for path: 
0 1 2 3 4 5 6 7 8 9 10 11 12 13 14 15 16 17 18 19 20 21 22 23 0
Execution time: 2125 ms

Elapsed time: 22928 ms


Execution #12/10000

Seed: 12
Estimated max possible cost 564.493783
for path: 
0 1 2 3 4 5 6 7 8 9 10 11 12 13 14 15 16 17 18 19 20 21 22 23 0
Execution time: 2113 ms

Elapsed time: 25041 ms


Execution #13/10000

Seed: 13
Estimated max possible cost 564.493783
for path: 
0 1 2 3 4 5 6 7 8 9 10 11 12 13 14 15 16 17 18 19 20 21 22 23 0
Execution time: 2164 ms

Elapsed time: 27205 ms


Execution #14/10000

Seed: 14
Estimated max possible cost 564.493783
for path: 
0 1 2 3 4 5 6 7 8 9 10 11 12 13 14 15 16 17 18 19 20 21 22 23 0
Execution time: 2250 ms

Elapsed time: 29455 ms


Execution #15/10000

Seed: 15
Estimated max possible cost 564.493783
for path: 
0 1 2 3 4 5 6 7 8 9 10 11 12 13 14 15 16 17 18 19 20 21 22 23 0
Execution time: 2115 ms

Elapsed time: 31570 ms


Execution #16/10000

Seed: 16
Estimated max possible cost 564.493783
for path: 
0 1 2 3 4 5 6 7 8 9 10 11 12 13 14 15 16 17 18 19 20 21 22 23 0
Execution time: 1905 ms

Elapsed time: 33475 ms


Execution #17/10000

Seed: 17
Estimated max possible cost 564.493783
for path: 
0 1 2 3 4 5 6 7 8 9 10 11 12 13 14 15 16 17 18 19 20 21 22 23 0
Execution time: 2018 ms

Elapsed time: 35493 ms


Execution #18/10000

Seed: 18
Estimated max possible cost 564.493783
for path: 
0 1 2 3 4 5 6 7 8 9 10 11 12 13 14 15 16 17 18 19 20 21 22 23 0
Execution time: 2079 ms

Elapsed time: 37572 ms


Execution #19/10000

Seed: 19
Estimated max possible cost 564.493783
for path: 
0 1 2 3 4 5 6 7 8 9 10 11 12 13 14 15 16 17 18 19 20 21 22 23 0
Execution time: 2053 ms

Elapsed time: 39625 ms


Execution #20/10000

Seed: 20
Estimated max possible cost 564.493783
for path: 
0 1 2 3 4 5 6 7 8 9 10 11 12 13 14 15 16 17 18 19 20 21 22 23 0
Execution time: 2135 ms

Elapsed time: 41760 ms


Execution #21/10000

Seed: 21
Estimated max possible cost 564.493783
for path: 
0 1 2 3 4 5 6 7 8 9 10 11 12 13 14 15 16 17 18 19 20 21 22 23 0
Execution time: 1907 ms

Elapsed time: 43667 ms


Execution #22/10000

Seed: 22
Estimated max possible cost 564.493783
for path: 
0 1 2 3 4 5 6 7 8 9 10 11 12 13 14 15 16 17 18 19 20 21 22 23 0
Execution time: 1974 ms

Elapsed time: 45641 ms


Execution #23/10000

Seed: 23
Estimated max possible cost 564.493783
for path: 
0 1 2 3 4 5 6 7 8 9 10 11 12 13 14 15 16 17 18 19 20 21 22 23 0
Execution time: 2041 ms

Elapsed time: 47682 ms


Execution #24/10000

Seed: 24
Estimated max possible cost 564.493783
for path: 
0 1 2 3 4 5 6 7 8 9 10 11 12 13 14 15 16 17 18 19 20 21 22 23 0
Execution time: 2000 ms

Elapsed time: 49682 ms


Execution #25/10000

Seed: 25
Estimated max possible cost 564.493783
for path: 
0 1 2 3 4 5 6 7 8 9 10 11 12 13 14 15 16 17 18 19 20 21 22 23 0
Execution time: 1978 ms

Elapsed time: 51660 ms


Execution #26/10000

Seed: 26
Estimated max possible cost 564.493783
for path: 
0 1 2 3 4 5 6 7 8 9 10 11 12 13 14 15 16 17 18 19 20 21 22 23 0
Execution time: 2089 ms

Elapsed time: 53749 ms


Execution #27/10000

Seed: 27
Estimated max possible cost 564.493783
for path: 
0 1 2 3 4 5 6 7 8 9 10 11 12 13 14 15 16 17 18 19 20 21 22 23 0
Execution time: 2073 ms

Elapsed time: 55822 ms


Execution #28/10000

Seed: 28
Estimated max possible cost 564.493783
for path: 
0 1 2 3 4 5 6 7 8 9 10 11 12 13 14 15 16 17 18 19 20 21 22 23 0
Execution time: 2059 ms

Elapsed time: 57881 ms


Execution #29/10000

Seed: 29
Estimated max possible cost 564.493783
for path: 
0 1 2 3 4 5 6 7 8 9 10 11 12 13 14 15 16 17 18 19 20 21 22 23 0
Execution time: 2117 ms

Elapsed time: 59998 ms


Execution #30/10000

Seed: 30
Estimated max possible cost 564.493783
for path: 
0 1 2 3 4 5 6 7 8 9 10 11 12 13 14 15 16 17 18 19 20 21 22 23 0
Execution time: 1960 ms

Elapsed time: 61958 ms


Execution #31/10000

Seed: 31
Estimated max possible cost 564.493783
for path: 
0 1 2 3 4 5 6 7 8 9 10 11 12 13 14 15 16 17 18 19 20 21 22 23 0
Execution time: 1962 ms

Elapsed time: 63920 ms


Execution #32/10000

Seed: 32
Estimated max possible cost 564.493783
for path: 
0 1 2 3 4 5 6 7 8 9 10 11 12 13 14 15 16 17 18 19 20 21 22 23 0
Execution time: 2033 ms

Elapsed time: 65953 ms


Execution #33/10000

Seed: 33
Estimated max possible cost 564.493783
for path: 
0 1 2 3 4 5 6 7 8 9 10 11 12 13 14 15 16 17 18 19 20 21 22 23 0
Execution time: 2096 ms

Elapsed time: 68049 ms


Execution #34/10000

Seed: 34
Estimated max possible cost 564.493783
for path: 
0 1 2 3 4 5 6 7 8 9 10 11 12 13 14 15 16 17 18 19 20 21 22 23 0
Execution time: 2077 ms

Elapsed time: 70126 ms


Execution #35/10000

Seed: 35
Estimated max possible cost 564.493783
for path: 
0 1 2 3 4 5 6 7 8 9 10 11 12 13 14 15 16 17 18 19 20 21 22 23 0
Execution time: 2014 ms

Elapsed time: 72140 ms


Execution #36/10000

Seed: 36
Estimated max possible cost 564.493783
for path: 
0 1 2 3 4 5 6 7 8 9 10 11 12 13 14 15 16 17 18 19 20 21 22 23 0
Execution time: 2162 ms

Elapsed time: 74302 ms


Execution #37/10000

Seed: 37
Estimated max possible cost 564.493783
for path: 
0 1 2 3 4 5 6 7 8 9 10 11 12 13 14 15 16 17 18 19 20 21 22 23 0
Execution time: 1964 ms

Elapsed time: 76266 ms


Execution #38/10000

Seed: 38
Estimated max possible cost 564.493783
for path: 
0 1 2 3 4 5 6 7 8 9 10 11 12 13 14 15 16 17 18 19 20 21 22 23 0
Execution time: 2078 ms

Elapsed time: 78344 ms


Execution #39/10000

Seed: 39
Estimated max possible cost 564.493783
for path: 
0 1 2 3 4 5 6 7 8 9 10 11 12 13 14 15 16 17 18 19 20 21 22 23 0
Execution time: 1971 ms

Elapsed time: 80315 ms


Execution #40/10000

Seed: 40
Estimated max possible cost 564.493783
for path: 
0 1 2 3 4 5 6 7 8 9 10 11 12 13 14 15 16 17 18 19 20 21 22 23 0
Execution time: 2178 ms

Elapsed time: 82493 ms


Execution #41/10000

Seed: 41
Estimated max possible cost 564.493783
for path: 
0 1 2 3 4 5 6 7 8 9 10 11 12 13 14 15 16 17 18 19 20 21 22 23 0
Execution time: 2121 ms

Elapsed time: 84614 ms


Execution #42/10000

Seed: 42
Estimated max possible cost 564.493783
for path: 
0 1 2 3 4 5 6 7 8 9 10 11 12 13 14 15 16 17 18 19 20 21 22 23 0
Execution time: 2009 ms

Elapsed time: 86623 ms


Execution #43/10000

Seed: 43
Estimated max possible cost 564.493783
for path: 
0 1 2 3 4 5 6 7 8 9 10 11 12 13 14 15 16 17 18 19 20 21 22 23 0
Execution time: 2062 ms

Elapsed time: 88685 ms


Execution #44/10000

Seed: 44
Estimated max possible cost 564.493783
for path: 
0 1 2 3 4 5 6 7 8 9 10 11 12 13 14 15 16 17 18 19 20 21 22 23 0
Execution time: 2087 ms

Elapsed time: 90772 ms


Execution #45/10000

Seed: 45
Estimated max possible cost 564.493783
for path: 
0 1 2 3 4 5 6 7 8 9 10 11 12 13 14 15 16 17 18 19 20 21 22 23 0
Execution time: 1965 ms

Elapsed time: 92737 ms


Execution #46/10000

Seed: 46
Estimated max possible cost 564.493783
for path: 
0 1 2 3 4 5 6 7 8 9 10 11 12 13 14 15 16 17 18 19 20 21 22 23 0
Execution time: 2016 ms

Elapsed time: 94753 ms


Execution #47/10000

Seed: 47
Estimated max possible cost 564.493783
for path: 
0 1 2 3 4 5 6 7 8 9 10 11 12 13 14 15 16 17 18 19 20 21 22 23 0
Execution time: 2247 ms

Elapsed time: 97000 ms


Execution #48/10000

Seed: 48
Estimated max possible cost 564.493783
for path: 
0 1 2 3 4 5 6 7 8 9 10 11 12 13 14 15 16 17 18 19 20 21 22 23 0
Execution time: 2120 ms

Elapsed time: 99120 ms


Execution #49/10000

Seed: 49
Estimated max possible cost 564.493783
for path: 
0 1 2 3 4 5 6 7 8 9 10 11 12 13 14 15 16 17 18 19 20 21 22 23 0
Execution time: 2010 ms

Elapsed time: 101130 ms


Execution #50/10000

Seed: 50
Estimated max possible cost 564.493783
for path: 
0 1 2 3 4 5 6 7 8 9 10 11 12 13 14 15 16 17 18 19 20 21 22 23 0
Execution time: 1990 ms

Elapsed time: 103120 ms


Execution #51/10000

Seed: 51
Estimated max possible cost 564.493783
for path: 
0 1 2 3 4 5 6 7 8 9 10 11 12 13 14 15 16 17 18 19 20 21 22 23 0
Execution time: 1953 ms

Elapsed time: 105073 ms


Execution #52/10000

Seed: 52
Estimated max possible cost 564.493783
for path: 
0 1 2 3 4 5 6 7 8 9 10 11 12 13 14 15 16 17 18 19 20 21 22 23 0
Execution time: 2112 ms

Elapsed time: 107185 ms


Execution #53/10000

Seed: 53
Estimated max possible cost 564.493783
for path: 
0 1 2 3 4 5 6 7 8 9 10 11 12 13 14 15 16 17 18 19 20 21 22 23 0
Execution time: 2071 ms

Elapsed time: 109256 ms


Execution #54/10000

Seed: 54
Estimated max possible cost 564.493783
for path: 
0 1 2 3 4 5 6 7 8 9 10 11 12 13 14 15 16 17 18 19 20 21 22 23 0
Execution time: 1907 ms

Elapsed time: 111163 ms


Execution #55/10000

Seed: 55
Estimated max possible cost 564.493783
for path: 
0 1 2 3 4 5 6 7 8 9 10 11 12 13 14 15 16 17 18 19 20 21 22 23 0
Execution time: 2204 ms

Elapsed time: 113367 ms


Execution #56/10000

Seed: 56
Estimated max possible cost 564.493783
for path: 
0 1 2 3 4 5 6 7 8 9 10 11 12 13 14 15 16 17 18 19 20 21 22 23 0
Execution time: 2068 ms

Elapsed time: 115435 ms


Execution #57/10000

Seed: 57
Estimated max possible cost 564.493783
for path: 
0 1 2 3 4 5 6 7 8 9 10 11 12 13 14 15 16 17 18 19 20 21 22 23 0
Execution time: 1943 ms

Elapsed time: 117378 ms


Execution #58/10000

Seed: 58
Estimated max possible cost 564.493783
for path: 
0 1 2 3 4 5 6 7 8 9 10 11 12 13 14 15 16 17 18 19 20 21 22 23 0
Execution time: 2142 ms

Elapsed time: 119520 ms


Execution #59/10000

Seed: 59
Estimated max possible cost 564.493783
for path: 
0 1 2 3 4 5 6 7 8 9 10 11 12 13 14 15 16 17 18 19 20 21 22 23 0
Execution time: 1980 ms

Elapsed time: 121500 ms


Execution #60/10000

Seed: 60
Estimated max possible cost 564.493783
for path: 
0 1 2 3 4 5 6 7 8 9 10 11 12 13 14 15 16 17 18 19 20 21 22 23 0
Execution time: 2201 ms

Elapsed time: 123701 ms


Execution #61/10000

Seed: 61
Estimated max possible cost 564.493783
for path: 
0 1 2 3 4 5 6 7 8 9 10 11 12 13 14 15 16 17 18 19 20 21 22 23 0
Execution time: 2063 ms

Elapsed time: 125764 ms


Execution #62/10000

Seed: 62
Estimated max possible cost 564.493783
for path: 
0 1 2 3 4 5 6 7 8 9 10 11 12 13 14 15 16 17 18 19 20 21 22 23 0
Execution time: 2016 ms

Elapsed time: 127780 ms


Execution #63/10000

Seed: 63
Estimated max possible cost 564.493783
for path: 
0 1 2 3 4 5 6 7 8 9 10 11 12 13 14 15 16 17 18 19 20 21 22 23 0
Execution time: 2211 ms

Elapsed time: 129991 ms


Execution #64/10000

Seed: 64
Estimated max possible cost 564.493783
for path: 
0 1 2 3 4 5 6 7 8 9 10 11 12 13 14 15 16 17 18 19 20 21 22 23 0
Execution time: 2007 ms

Elapsed time: 131998 ms


Execution #65/10000

Seed: 65
Estimated max possible cost 564.493783
for path: 
0 1 2 3 4 5 6 7 8 9 10 11 12 13 14 15 16 17 18 19 20 21 22 23 0
Execution time: 2136 ms

Elapsed time: 134134 ms


Execution #66/10000

Seed: 66
Estimated max possible cost 564.493783
for path: 
0 1 2 3 4 5 6 7 8 9 10 11 12 13 14 15 16 17 18 19 20 21 22 23 0
Execution time: 1912 ms

Elapsed time: 136046 ms


Execution #67/10000

Seed: 67
Estimated max possible cost 564.493783
for path: 
0 1 2 3 4 5 6 7 8 9 10 11 12 13 14 15 16 17 18 19 20 21 22 23 0
Execution time: 2058 ms

Elapsed time: 138104 ms


Execution #68/10000

Seed: 68
Estimated max possible cost 564.493783
for path: 
0 1 2 3 4 5 6 7 8 9 10 11 12 13 14 15 16 17 18 19 20 21 22 23 0
Execution time: 2021 ms

Elapsed time: 140125 ms


Execution #69/10000

Seed: 69
Estimated max possible cost 564.493783
for path: 
0 1 2 3 4 5 6 7 8 9 10 11 12 13 14 15 16 17 18 19 20 21 22 23 0
Execution time: 1945 ms

Elapsed time: 142070 ms


Execution #70/10000

Seed: 70
Estimated max possible cost 564.493783
for path: 
0 1 2 3 4 5 6 7 8 9 10 11 12 13 14 15 16 17 18 19 20 21 22 23 0
Execution time: 2147 ms

Elapsed time: 144217 ms


Execution #71/10000

Seed: 71
Estimated max possible cost 564.493783
for path: 
0 1 2 3 4 5 6 7 8 9 10 11 12 13 14 15 16 17 18 19 20 21 22 23 0
Execution time: 1978 ms

Elapsed time: 146195 ms


Execution #72/10000

Seed: 72
Estimated max possible cost 564.493783
for path: 
0 1 2 3 4 5 6 7 8 9 10 11 12 13 14 15 16 17 18 19 20 21 22 23 0
Execution time: 2196 ms

Elapsed time: 148391 ms


Execution #73/10000

Seed: 73
Estimated max possible cost 564.493783
for path: 
0 1 2 3 4 5 6 7 8 9 10 11 12 13 14 15 16 17 18 19 20 21 22 23 0
Execution time: 1975 ms

Elapsed time: 150366 ms


Execution #74/10000

Seed: 74
Estimated max possible cost 564.493783
for path: 
0 1 2 3 4 5 6 7 8 9 10 11 12 13 14 15 16 17 18 19 20 21 22 23 0
Execution time: 2140 ms

Elapsed time: 152506 ms


Execution #75/10000

Seed: 75
Estimated max possible cost 564.493783
for path: 
0 1 2 3 4 5 6 7 8 9 10 11 12 13 14 15 16 17 18 19 20 21 22 23 0
Execution time: 2110 ms

Elapsed time: 154616 ms


Execution #76/10000

Seed: 76
Estimated max possible cost 564.493783
for path: 
0 1 2 3 4 5 6 7 8 9 10 11 12 13 14 15 16 17 18 19 20 21 22 23 0
Execution time: 1949 ms

Elapsed time: 156565 ms


Execution #77/10000

Seed: 77
Estimated max possible cost 564.493783
for path: 
0 1 2 3 4 5 6 7 8 9 10 11 12 13 14 15 16 17 18 19 20 21 22 23 0
Execution time: 2041 ms

Elapsed time: 158606 ms


Execution #78/10000

Seed: 78
Estimated max possible cost 564.493783
for path: 
0 1 2 3 4 5 6 7 8 9 10 11 12 13 14 15 16 17 18 19 20 21 22 23 0
Execution time: 2189 ms

Elapsed time: 160795 ms


Execution #79/10000

Seed: 79
Estimated max possible cost 564.493783
for path: 
0 1 2 3 4 5 6 7 8 9 10 11 12 13 14 15 16 17 18 19 20 21 22 23 0
Execution time: 2035 ms

Elapsed time: 162830 ms


Execution #80/10000

Seed: 80
Estimated max possible cost 564.493783
for path: 
0 1 2 3 4 5 6 7 8 9 10 11 12 13 14 15 16 17 18 19 20 21 22 23 0
Execution time: 2120 ms

Elapsed time: 164950 ms


Execution #81/10000

Seed: 81
Estimated max possible cost 564.493783
for path: 
0 1 2 3 4 5 6 7 8 9 10 11 12 13 14 15 16 17 18 19 20 21 22 23 0
Execution time: 1975 ms

Elapsed time: 166925 ms


Execution #82/10000

Seed: 82
Estimated max possible cost 564.493783
for path: 
0 1 2 3 4 5 6 7 8 9 10 11 12 13 14 15 16 17 18 19 20 21 22 23 0
Execution time: 2038 ms

Elapsed time: 168963 ms


Execution #83/10000

Seed: 83
Estimated max possible cost 564.493783
for path: 
0 1 2 3 4 5 6 7 8 9 10 11 12 13 14 15 16 17 18 19 20 21 22 23 0
Execution time: 2033 ms

Elapsed time: 170996 ms


Execution #84/10000

Seed: 84
Estimated max possible cost 564.493783
for path: 
0 1 2 3 4 5 6 7 8 9 10 11 12 13 14 15 16 17 18 19 20 21 22 23 0
Execution time: 2059 ms

Elapsed time: 173055 ms


Execution #85/10000

Seed: 85
Estimated max possible cost 564.493783
for path: 
0 1 2 3 4 5 6 7 8 9 10 11 12 13 14 15 16 17 18 19 20 21 22 23 0
Execution time: 2184 ms

Elapsed time: 175239 ms


Execution #86/10000

Seed: 86
Estimated max possible cost 564.493783
for path: 
0 1 2 3 4 5 6 7 8 9 10 11 12 13 14 15 16 17 18 19 20 21 22 23 0
Execution time: 2035 ms

Elapsed time: 177274 ms


Execution #87/10000

Seed: 87
Estimated max possible cost 564.493783
for path: 
0 1 2 3 4 5 6 7 8 9 10 11 12 13 14 15 16 17 18 19 20 21 22 23 0
Execution time: 1932 ms

Elapsed time: 179206 ms


Execution #88/10000

Seed: 88
Estimated max possible cost 564.493783
for path: 
0 1 2 3 4 5 6 7 8 9 10 11 12 13 14 15 16 17 18 19 20 21 22 23 0
Execution time: 2041 ms

Elapsed time: 181247 ms


Execution #89/10000

Seed: 89
Estimated max possible cost 564.493783
for path: 
0 1 2 3 4 5 6 7 8 9 10 11 12 13 14 15 16 17 18 19 20 21 22 23 0
Execution time: 1994 ms

Elapsed time: 183241 ms


Execution #90/10000

Seed: 90
Estimated max possible cost 564.493783
for path: 
0 1 2 3 4 5 6 7 8 9 10 11 12 13 14 15 16 17 18 19 20 21 22 23 0
Execution time: 2155 ms

Elapsed time: 185396 ms


Execution #91/10000

Seed: 91
Estimated max possible cost 564.493783
for path: 
0 1 2 3 4 5 6 7 8 9 10 11 12 13 14 15 16 17 18 19 20 21 22 23 0
Execution time: 2090 ms

Elapsed time: 187486 ms


Execution #92/10000

Seed: 92
Estimated max possible cost 564.493783
for path: 
0 1 2 3 4 5 6 7 8 9 10 11 12 13 14 15 16 17 18 19 20 21 22 23 0
Execution time: 2007 ms

Elapsed time: 189493 ms


Execution #93/10000

Seed: 93
Estimated max possible cost 564.493783
for path: 
0 1 2 3 4 5 6 7 8 9 10 11 12 13 14 15 16 17 18 19 20 21 22 23 0
Execution time: 2081 ms

Elapsed time: 191574 ms


Execution #94/10000

Seed: 94
Estimated max possible cost 564.493783
for path: 
0 1 2 3 4 5 6 7 8 9 10 11 12 13 14 15 16 17 18 19 20 21 22 23 0
Execution time: 2092 ms

Elapsed time: 193666 ms


Execution #95/10000

Seed: 95
Estimated max possible cost 564.493783
for path: 
0 1 2 3 4 5 6 7 8 9 10 11 12 13 14 15 16 17 18 19 20 21 22 23 0
Execution time: 2139 ms

Elapsed time: 195805 ms


Execution #96/10000

Seed: 96
Estimated max possible cost 564.493783
for path: 
0 1 2 3 4 5 6 7 8 9 10 11 12 13 14 15 16 17 18 19 20 21 22 23 0
Execution time: 2156 ms

Elapsed time: 197961 ms


Execution #97/10000

Seed: 97
Estimated max possible cost 564.493783
for path: 
0 1 2 3 4 5 6 7 8 9 10 11 12 13 14 15 16 17 18 19 20 21 22 23 0
Execution time: 2010 ms

Elapsed time: 199971 ms


Execution #98/10000

Seed: 98
Estimated max possible cost 564.493783
for path: 
0 1 2 3 4 5 6 7 8 9 10 11 12 13 14 15 16 17 18 19 20 21 22 23 0
Execution time: 1948 ms

Elapsed time: 201919 ms


Execution #99/10000

Seed: 99
Estimated max possible cost 564.493783
for path: 
0 1 2 3 4 5 6 7 8 9 10 11 12 13 14 15 16 17 18 19 20 21 22 23 0
Execution time: 2107 ms

Elapsed time: 204026 ms


Execution #100/10000

Seed: 100
Estimated max possible cost 564.493783
for path: 
0 1 2 3 4 5 6 7 8 9 10 11 12 13 14 15 16 17 18 19 20 21 22 23 0
Execution time: 2075 ms

Elapsed time: 206101 ms


Execution #101/10000

Seed: 101
Estimated max possible cost 564.493783
for path: 
0 1 2 3 4 5 6 7 8 9 10 11 12 13 14 15 16 17 18 19 20 21 22 23 0
Execution time: 1927 ms

Elapsed time: 208028 ms


Execution #102/10000

Seed: 102
Estimated max possible cost 564.493783
for path: 
0 1 2 3 4 5 6 7 8 9 10 11 12 13 14 15 16 17 18 19 20 21 22 23 0
Execution time: 1935 ms

Elapsed time: 209963 ms


Execution #103/10000

Seed: 103
Estimated max possible cost 564.493783
for path: 
0 1 2 3 4 5 6 7 8 9 10 11 12 13 14 15 16 17 18 19 20 21 22 23 0
Execution time: 1985 ms

Elapsed time: 211948 ms


Execution #104/10000

Seed: 104
Estimated max possible cost 564.493783
for path: 
0 1 2 3 4 5 6 7 8 9 10 11 12 13 14 15 16 17 18 19 20 21 22 23 0
Execution time: 2080 ms

Elapsed time: 214028 ms


Execution #105/10000

Seed: 105
Estimated max possible cost 564.493783
for path: 
0 1 2 3 4 5 6 7 8 9 10 11 12 13 14 15 16 17 18 19 20 21 22 23 0
Execution time: 2156 ms

Elapsed time: 216184 ms


Execution #106/10000

Seed: 106
Estimated max possible cost 564.493783
for path: 
0 1 2 3 4 5 6 7 8 9 10 11 12 13 14 15 16 17 18 19 20 21 22 23 0
Execution time: 2067 ms

Elapsed time: 218251 ms


Execution #107/10000

Seed: 107
Estimated max possible cost 564.493783
for path: 
0 1 2 3 4 5 6 7 8 9 10 11 12 13 14 15 16 17 18 19 20 21 22 23 0
Execution time: 2094 ms

Elapsed time: 220345 ms


Execution #108/10000

Seed: 108
Estimated max possible cost 564.493783
for path: 
0 1 2 3 4 5 6 7 8 9 10 11 12 13 14 15 16 17 18 19 20 21 22 23 0
Execution time: 1966 ms

Elapsed time: 222311 ms


Execution #109/10000

Seed: 109
Estimated max possible cost 564.493783
for path: 
0 1 2 3 4 5 6 7 8 9 10 11 12 13 14 15 16 17 18 19 20 21 22 23 0
Execution time: 2089 ms

Elapsed time: 224400 ms


Execution #110/10000

Seed: 110
Estimated max possible cost 564.493783
for path: 
0 1 2 3 4 5 6 7 8 9 10 11 12 13 14 15 16 17 18 19 20 21 22 23 0
Execution time: 2092 ms

Elapsed time: 226492 ms


Execution #111/10000

Seed: 111
Estimated max possible cost 564.493783
for path: 
0 1 2 3 4 5 6 7 8 9 10 11 12 13 14 15 16 17 18 19 20 21 22 23 0
Execution time: 2074 ms

Elapsed time: 228566 ms


Execution #112/10000

Seed: 112
Estimated max possible cost 564.493783
for path: 
0 1 2 3 4 5 6 7 8 9 10 11 12 13 14 15 16 17 18 19 20 21 22 23 0
Execution time: 1915 ms

Elapsed time: 230481 ms


Execution #113/10000

Seed: 113
Estimated max possible cost 564.493783
for path: 
0 1 2 3 4 5 6 7 8 9 10 11 12 13 14 15 16 17 18 19 20 21 22 23 0
Execution time: 2038 ms

Elapsed time: 232519 ms


Execution #114/10000

Seed: 114
Estimated max possible cost 564.493783
for path: 
0 1 2 3 4 5 6 7 8 9 10 11 12 13 14 15 16 17 18 19 20 21 22 23 0
Execution time: 2045 ms

Elapsed time: 234564 ms


Execution #115/10000

Seed: 115
Estimated max possible cost 564.493783
for path: 
0 1 2 3 4 5 6 7 8 9 10 11 12 13 14 15 16 17 18 19 20 21 22 23 0
Execution time: 2106 ms

Elapsed time: 236670 ms


Execution #116/10000

Seed: 116
Estimated max possible cost 564.493783
for path: 
0 1 2 3 4 5 6 7 8 9 10 11 12 13 14 15 16 17 18 19 20 21 22 23 0
Execution time: 2091 ms

Elapsed time: 238761 ms


Execution #117/10000

Seed: 117
Estimated max possible cost 564.493783
for path: 
0 1 2 3 4 5 6 7 8 9 10 11 12 13 14 15 16 17 18 19 20 21 22 23 0
Execution time: 1965 ms

Elapsed time: 240726 ms


Execution #118/10000

Seed: 118
Estimated max possible cost 564.493783
for path: 
0 1 2 3 4 5 6 7 8 9 10 11 12 13 14 15 16 17 18 19 20 21 22 23 0
Execution time: 1952 ms

Elapsed time: 242678 ms


Execution #119/10000

Seed: 119
Estimated max possible cost 564.493783
for path: 
0 1 2 3 4 5 6 7 8 9 10 11 12 13 14 15 16 17 18 19 20 21 22 23 0
Execution time: 1939 ms

Elapsed time: 244617 ms


Execution #120/10000

Seed: 120
Estimated max possible cost 564.493783
for path: 
0 1 2 3 4 5 6 7 8 9 10 11 12 13 14 15 16 17 18 19 20 21 22 23 0
Execution time: 2121 ms

Elapsed time: 246738 ms


Execution #121/10000

Seed: 121
Estimated max possible cost 564.493783
for path: 
0 1 2 3 4 5 6 7 8 9 10 11 12 13 14 15 16 17 18 19 20 21 22 23 0
Execution time: 2065 ms

Elapsed time: 248803 ms


Execution #122/10000

Seed: 122
Estimated max possible cost 564.493783
for path: 
0 1 2 3 4 5 6 7 8 9 10 11 12 13 14 15 16 17 18 19 20 21 22 23 0
Execution time: 1967 ms

Elapsed time: 250770 ms


Execution #123/10000

Seed: 123
Estimated max possible cost 564.493783
for path: 
0 1 2 3 4 5 6 7 8 9 10 11 12 13 14 15 16 17 18 19 20 21 22 23 0
Execution time: 1963 ms

Elapsed time: 252733 ms


Execution #124/10000

Seed: 124
Estimated max possible cost 564.493783
for path: 
0 1 2 3 4 5 6 7 8 9 10 11 12 13 14 15 16 17 18 19 20 21 22 23 0
Execution time: 2065 ms

Elapsed time: 254798 ms


Execution #125/10000

Seed: 125
Estimated max possible cost 564.493783
for path: 
0 1 2 3 4 5 6 7 8 9 10 11 12 13 14 15 16 17 18 19 20 21 22 23 0
Execution time: 2217 ms

Elapsed time: 257015 ms


Execution #126/10000

Seed: 126
Estimated max possible cost 564.493783
for path: 
0 1 2 3 4 5 6 7 8 9 10 11 12 13 14 15 16 17 18 19 20 21 22 23 0
Execution time: 2080 ms

Elapsed time: 259095 ms


Execution #127/10000

Seed: 127
Estimated max possible cost 564.493783
for path: 
0 1 2 3 4 5 6 7 8 9 10 11 12 13 14 15 16 17 18 19 20 21 22 23 0
Execution time: 2069 ms

Elapsed time: 261164 ms


Execution #128/10000

Seed: 128
Estimated max possible cost 564.493783
for path: 
0 1 2 3 4 5 6 7 8 9 10 11 12 13 14 15 16 17 18 19 20 21 22 23 0
Execution time: 2137 ms

Elapsed time: 263301 ms


Execution #129/10000

Seed: 129
Estimated max possible cost 564.493783
for path: 
0 1 2 3 4 5 6 7 8 9 10 11 12 13 14 15 16 17 18 19 20 21 22 23 0
Execution time: 1954 ms

Elapsed time: 265255 ms


Execution #130/10000

Seed: 130
Estimated max possible cost 564.493783
for path: 
0 1 2 3 4 5 6 7 8 9 10 11 12 13 14 15 16 17 18 19 20 21 22 23 0
Execution time: 2131 ms

Elapsed time: 267386 ms


Execution #131/10000

Seed: 131
Estimated max possible cost 564.493783
for path: 
0 1 2 3 4 5 6 7 8 9 10 11 12 13 14 15 16 17 18 19 20 21 22 23 0
Execution time: 2047 ms

Elapsed time: 269433 ms


Execution #132/10000

Seed: 132
Estimated max possible cost 564.493783
for path: 
0 1 2 3 4 5 6 7 8 9 10 11 12 13 14 15 16 17 18 19 20 21 22 23 0
Execution time: 2004 ms

Elapsed time: 271437 ms


Execution #133/10000

Seed: 133
Estimated max possible cost 564.493783
for path: 
0 1 2 3 4 5 6 7 8 9 10 11 12 13 14 15 16 17 18 19 20 21 22 23 0
Execution time: 1994 ms

Elapsed time: 273431 ms


Execution #134/10000

Seed: 134
Estimated max possible cost 564.493783
for path: 
0 1 2 3 4 5 6 7 8 9 10 11 12 13 14 15 16 17 18 19 20 21 22 23 0
Execution time: 2062 ms

Elapsed time: 275493 ms


Execution #135/10000

Seed: 135
Estimated max possible cost 564.493783
for path: 
0 1 2 3 4 5 6 7 8 9 10 11 12 13 14 15 16 17 18 19 20 21 22 23 0
Execution time: 2052 ms

Elapsed time: 277545 ms


Execution #136/10000

Seed: 136
Estimated max possible cost 564.493783
for path: 
0 1 2 3 4 5 6 7 8 9 10 11 12 13 14 15 16 17 18 19 20 21 22 23 0
Execution time: 2146 ms

Elapsed time: 279691 ms


Execution #137/10000

Seed: 137
Estimated max possible cost 564.493783
for path: 
0 1 2 3 4 5 6 7 8 9 10 11 12 13 14 15 16 17 18 19 20 21 22 23 0
Execution time: 1883 ms

Elapsed time: 281574 ms


Execution #138/10000

Seed: 138
Estimated max possible cost 564.493783
for path: 
0 1 2 3 4 5 6 7 8 9 10 11 12 13 14 15 16 17 18 19 20 21 22 23 0
Execution time: 1997 ms

Elapsed time: 283571 ms


Execution #139/10000

Seed: 139
Estimated max possible cost 564.493783
for path: 
0 1 2 3 4 5 6 7 8 9 10 11 12 13 14 15 16 17 18 19 20 21 22 23 0
Execution time: 1939 ms

Elapsed time: 285510 ms


Execution #140/10000

Seed: 140
Estimated max possible cost 564.493783
for path: 
0 1 2 3 4 5 6 7 8 9 10 11 12 13 14 15 16 17 18 19 20 21 22 23 0
Execution time: 2196 ms

Elapsed time: 287706 ms


Execution #141/10000

Seed: 141
Estimated max possible cost 564.493783
for path: 
0 1 2 3 4 5 6 7 8 9 10 11 12 13 14 15 16 17 18 19 20 21 22 23 0
Execution time: 1992 ms

Elapsed time: 289698 ms


Execution #142/10000

Seed: 142
Estimated max possible cost 564.493783
for path: 
0 1 2 3 4 5 6 7 8 9 10 11 12 13 14 15 16 17 18 19 20 21 22 23 0
Execution time: 1993 ms

Elapsed time: 291691 ms


Execution #143/10000

Seed: 143
Estimated max possible cost 564.493783
for path: 
0 1 2 3 4 5 6 7 8 9 10 11 12 13 14 15 16 17 18 19 20 21 22 23 0
Execution time: 2108 ms

