Solving TSP


Execution #1/10000

Seed: 1
Estimated max possible cost 566.961617
for path: 
0 1 2 3 4 5 6 7 8 9 10 11 12 13 14 15 16 17 18 19 20 21 22 23 24 0
Memory needed for path: 68212848 locs, for costs: 59907456 locs.
Desired precision: 10000
Mem constraint for cost_t: 32 bits
Rounded to pow of 2 bytes mem constraint (capped at 64bits) for cost_t: 32 bits
Bits needed for an int to preserve precision: 23
Bits used per cost_t: 23
Selected cost_t = (u)int32_t
Solving with cost_t = j
Memory [GB] needed: 0.286701
Distances:
0, 5.08, 242.54, 232.423, 228.124, 218.013, 212.172, 212.044, 211.947, 211.88, 211.843, 211.837, 211.862, 211.917, 212.002, 212.117, 212.263, 212.44, 212.646, 212.882, 213.149, 196.958, 196.821, 196.716, 196.643, 
5.08, 0, 247.599, 237.481, 233.181, 223.068, 217.244, 217.119, 217.024, 216.959, 216.923, 216.917, 216.941, 216.995, 217.078, 217.191, 217.333, 217.505, 217.707, 217.938, 218.198, 202.029, 201.895, 201.793, 201.722, 
242.54, 247.599, 0, 10.16, 14.478, 24.638, 31.3255, 32.219, 33.2827, 34.501, 35.8581, 37.3389, 38.9292, 40.6162, 42.3883, 44.2354, 46.1484, 48.1194, 50.1417, 52.2092, 54.3168, 46.0364, 46.649, 47.3899, 48.2533, 
232.423, 237.481, 10.16, 0, 4.318, 14.478, 21.9236, 23.1823, 24.6393, 26.2617, 28.0207, 29.8922, 31.8565, 33.8973, 36.0018, 38.1592, 40.3612, 42.6009, 44.8725, 47.1716, 49.4942, 36.1805, 36.9568, 37.8877, 38.9623, 
228.124, 233.181, 14.478, 4.318, 0, 10.16, 18.1765, 19.6764, 21.3738, 23.2254, 25.1973, 27.2633, 29.4037, 31.6034, 33.8507, 36.1368, 38.4548, 40.7992, 43.1658, 45.5511, 47.9522, 32.0493, 32.9231, 33.9648, 35.1595, 
218.013, 223.068, 24.638, 14.478, 10.16, 0, 11.1326, 13.4428, 15.8236, 18.2474, 20.6991, 23.1698, 25.654, 28.1482, 30.6499, 33.1575, 35.6696, 38.1854, 40.7042, 43.2255, 45.7489, 22.606, 23.8287, 25.2484, 26.834, 
212.172, 217.244, 31.3255, 21.9236, 18.1765, 11.1326, 0, 2.54, 5.08, 7.62, 10.16, 12.7, 15.24, 17.78, 20.32, 22.86, 25.4, 27.94, 30.48, 33.02, 35.56, 15.24, 15.4502, 16.0644, 17.0388, 
212.044, 217.119, 32.219, 23.1823, 19.6764, 13.4428, 2.54, 0, 2.54, 5.08, 7.62, 10.16, 12.7, 15.24, 17.78, 20.32, 22.86, 25.4, 27.94, 30.48, 33.02, 15.4502, 15.24, 15.4502, 16.0644, 
211.947, 217.024, 33.2827, 24.6393, 21.3738, 15.8236, 5.08, 2.54, 0, 2.54, 5.08, 7.62, 10.16, 12.7, 15.24, 17.78, 20.32, 22.86, 25.4, 27.94, 30.48, 16.0644, 15.4502, 15.24, 15.4502, 
211.88, 216.959, 34.501, 26.2617, 23.2254, 18.2474, 7.62, 5.08, 2.54, 0, 2.54, 5.08, 7.62, 10.16, 12.7, 15.24, 17.78, 20.32, 22.86, 25.4, 27.94, 17.0388, 16.0644, 15.4502, 15.24, 
211.843, 216.923, 35.8581, 28.0207, 25.1973, 20.6991, 10.16, 7.62, 5.08, 2.54, 0, 2.54, 5.08, 7.62, 10.16, 12.7, 15.24, 17.78, 20.32, 22.86, 25.4, 18.3162, 17.0388, 16.0644, 15.4502, 
211.837, 216.917, 37.3389, 29.8922, 27.2633, 23.1698, 12.7, 10.16, 7.62, 5.08, 2.54, 0, 2.54, 5.08, 7.62, 10.16, 12.7, 15.24, 17.78, 20.32, 22.86, 19.838, 18.3162, 17.0388, 16.0644, 
211.862, 216.941, 38.9292, 31.8565, 29.4037, 25.654, 15.24, 12.7, 10.16, 7.62, 5.08, 2.54, 0, 2.54, 5.08, 7.62, 10.16, 12.7, 15.24, 17.78, 20.32, 21.5526, 19.838, 18.3162, 17.0388, 
211.917, 216.995, 40.6162, 33.8973, 31.6034, 28.1482, 17.78, 15.24, 12.7, 10.16, 7.62, 5.08, 2.54, 0, 2.54, 5.08, 7.62, 10.16, 12.7, 15.24, 17.78, 23.4176, 21.5526, 19.838, 18.3162, 
212.002, 217.078, 42.3883, 36.0018, 33.8507, 30.6499, 20.32, 17.78, 15.24, 12.7, 10.16, 7.62, 5.08, 2.54, 0, 2.54, 5.08, 7.62, 10.16, 12.7, 15.24, 25.4, 23.4176, 21.5526, 19.838, 
212.117, 217.191, 44.2354, 38.1592, 36.1368, 33.1575, 22.86, 20.32, 17.78, 15.24, 12.7, 10.16, 7.62, 5.08, 2.54, 0, 2.54, 5.08, 7.62, 10.16, 12.7, 27.4743, 25.4, 23.4176, 21.5526, 
212.263, 217.333, 46.1484, 40.3612, 38.4548, 35.6696, 25.4, 22.86, 20.32, 17.78, 15.24, 12.7, 10.16, 7.62, 5.08, 2.54, 0, 2.54, 5.08, 7.62, 10.16, 29.6212, 27.4743, 25.4, 23.4176, 
212.44, 217.505, 48.1194, 42.6009, 40.7992, 38.1854, 27.94, 25.4, 22.86, 20.32, 17.78, 15.24, 12.7, 10.16, 7.62, 5.08, 2.54, 0, 2.54, 5.08, 7.62, 31.8261, 29.6212, 27.4743, 25.4, 
212.646, 217.707, 50.1417, 44.8725, 43.1658, 40.7042, 30.48, 27.94, 25.4, 22.86, 20.32, 17.78, 15.24, 12.7, 10.16, 7.62, 5.08, 2.54, 0, 2.54, 5.08, 34.0777, 31.8261, 29.6212, 27.4743, 
212.882, 217.938, 52.2092, 47.1716, 45.5511, 43.2255, 33.02, 30.48, 27.94, 25.4, 22.86, 20.32, 17.78, 15.24, 12.7, 10.16, 7.62, 5.08, 2.54, 0, 2.54, 36.3673, 34.0777, 31.8261, 29.6212, 
213.149, 218.198, 54.3168, 49.4942, 47.9522, 45.7489, 35.56, 33.02, 30.48, 27.94, 25.4, 22.86, 20.32, 17.78, 15.24, 12.7, 10.16, 7.62, 5.08, 2.54, 0, 38.6881, 36.3673, 34.0777, 31.8261, 
196.958, 202.029, 46.0364, 36.1805, 32.0493, 22.606, 15.24, 15.4502, 16.0644, 17.0388, 18.3162, 19.838, 21.5526, 23.4176, 25.4, 27.4743, 29.6212, 31.8261, 34.0777, 36.3673, 38.6881, 0, 2.54, 5.08, 7.62, 
196.821, 201.895, 46.649, 36.9568, 32.9231, 23.8287, 15.4502, 15.24, 15.4502, 16.0644, 17.0388, 18.3162, 19.838, 21.5526, 23.4176, 25.4, 27.4743, 29.6212, 31.8261, 34.0777, 36.3673, 2.54, 0, 2.54, 5.08, 
196.716, 201.793, 47.3899, 37.8877, 33.9648, 25.2484, 16.0644, 15.4502, 15.24, 15.4502, 16.0644, 17.0388, 18.3162, 19.838, 21.5526, 23.4176, 25.4, 27.4743, 29.6212, 31.8261, 34.0777, 5.08, 2.54, 0, 2.54, 
196.643, 201.722, 48.2533, 38.9623, 35.1595, 26.834, 17.0388, 16.0644, 15.4502, 15.24, 15.4502, 16.0644, 17.0388, 18.3162, 19.838, 21.5526, 23.4176, 25.4, 27.4743, 29.6212, 31.8261, 7.62, 5.08, 2.54, 0, 
Scaled Distances:
0, 2.06433e+07, 1.95055e+09, 1.86833e+09, 1.83339e+09, 1.75121e+09, 1.70374e+09, 1.70271e+09, 1.70191e+09, 1.70137e+09, 1.70107e+09, 1.70102e+09, 1.70122e+09, 1.70167e+09, 1.70236e+09, 1.7033e+09, 1.70448e+09, 1.70592e+09, 1.70759e+09, 1.70952e+09, 1.71168e+09, 1.58009e+09, 1.57898e+09, 1.57812e+09, 1.57754e+09, 
2.06433e+07, 0, 1.99167e+09, 1.90943e+09, 1.87449e+09, 1.7923e+09, 1.74497e+09, 1.74395e+09, 1.74318e+09, 1.74265e+09, 1.74236e+09, 1.74231e+09, 1.7425e+09, 1.74294e+09, 1.74361e+09, 1.74453e+09, 1.74569e+09, 1.74709e+09, 1.74873e+09, 1.75061e+09, 1.75272e+09, 1.62131e+09, 1.62022e+09, 1.61939e+09, 1.61881e+09, 
1.95055e+09, 1.99167e+09, 0, 6.193e+07, 9.70237e+07, 1.79597e+08, 2.33949e+08, 2.4121e+08, 2.49855e+08, 2.59757e+08, 2.70786e+08, 2.82821e+08, 2.95746e+08, 3.09457e+08, 3.23859e+08, 3.38871e+08, 3.54418e+08, 3.70438e+08, 3.86873e+08, 4.03677e+08, 4.20806e+08, 3.53508e+08, 3.58487e+08, 3.64509e+08, 3.71526e+08, 
1.86833e+09, 1.90943e+09, 6.193e+07, 0, 1.44503e+07, 9.70237e+07, 1.57536e+08, 1.67766e+08, 1.79608e+08, 1.92793e+08, 2.07089e+08, 2.223e+08, 2.38264e+08, 2.54851e+08, 2.71954e+08, 2.89488e+08, 3.07385e+08, 3.25587e+08, 3.44049e+08, 3.62734e+08, 3.81611e+08, 2.73407e+08, 2.79716e+08, 2.87282e+08, 2.96015e+08, 
1.83339e+09, 1.87449e+09, 9.70237e+07, 1.44503e+07, 0, 6.193e+07, 1.27083e+08, 1.39273e+08, 1.53068e+08, 1.68116e+08, 1.84142e+08, 2.00934e+08, 2.1833e+08, 2.36207e+08, 2.54471e+08, 2.73051e+08, 2.9189e+08, 3.10944e+08, 3.30178e+08, 3.49564e+08, 3.69079e+08, 2.39831e+08, 2.46933e+08, 2.55399e+08, 2.65109e+08, 
1.75121e+09, 1.7923e+09, 1.79597e+08, 9.70237e+07, 6.193e+07, 0, 6.98348e+07, 8.86105e+07, 1.0796e+08, 1.27659e+08, 1.47584e+08, 1.67664e+08, 1.87854e+08, 2.08126e+08, 2.28458e+08, 2.48837e+08, 2.69254e+08, 2.89701e+08, 3.10172e+08, 3.30664e+08, 3.51172e+08, 1.63082e+08, 1.73019e+08, 1.84558e+08, 1.97445e+08, 
1.70374e+09, 1.74497e+09, 2.33949e+08, 1.57536e+08, 1.27083e+08, 6.98348e+07, 0, 0, 2.06433e+07, 4.12867e+07, 6.193e+07, 8.25734e+07, 1.03217e+08, 1.2386e+08, 1.44503e+08, 1.65147e+08, 1.8579e+08, 2.06433e+08, 2.27077e+08, 2.4772e+08, 2.68363e+08, 1.03217e+08, 1.04925e+08, 1.09917e+08, 1.17836e+08, 
1.70271e+09, 1.74395e+09, 2.4121e+08, 1.67766e+08, 1.39273e+08, 8.86105e+07, 0, 0, 0, 2.06433e+07, 4.12867e+07, 6.193e+07, 8.25734e+07, 1.03217e+08, 1.2386e+08, 1.44503e+08, 1.65147e+08, 1.8579e+08, 2.06433e+08, 2.27077e+08, 2.4772e+08, 1.04925e+08, 1.03217e+08, 1.04925e+08, 1.09917e+08, 
1.70191e+09, 1.74318e+09, 2.49855e+08, 1.79608e+08, 1.53068e+08, 1.0796e+08, 2.06433e+07, 0, 0, 0, 2.06433e+07, 4.12867e+07, 6.193e+07, 8.25734e+07, 1.03217e+08, 1.2386e+08, 1.44503e+08, 1.65147e+08, 1.8579e+08, 2.06433e+08, 2.27077e+08, 1.09917e+08, 1.04925e+08, 1.03217e+08, 1.04925e+08, 
1.70137e+09, 1.74265e+09, 2.59757e+08, 1.92793e+08, 1.68116e+08, 1.27659e+08, 4.12867e+07, 2.06433e+07, 0, 0, 0, 2.06433e+07, 4.12867e+07, 6.193e+07, 8.25734e+07, 1.03217e+08, 1.2386e+08, 1.44503e+08, 1.65147e+08, 1.8579e+08, 2.06433e+08, 1.17836e+08, 1.09917e+08, 1.04925e+08, 1.03217e+08, 
1.70107e+09, 1.74236e+09, 2.70786e+08, 2.07089e+08, 1.84142e+08, 1.47584e+08, 6.193e+07, 4.12867e+07, 2.06433e+07, 0, 0, 0, 2.06433e+07, 4.12867e+07, 6.193e+07, 8.25734e+07, 1.03217e+08, 1.2386e+08, 1.44503e+08, 1.65147e+08, 1.8579e+08, 1.28218e+08, 1.17836e+08, 1.09917e+08, 1.04925e+08, 
1.70102e+09, 1.74231e+09, 2.82821e+08, 2.223e+08, 2.00934e+08, 1.67664e+08, 8.25734e+07, 6.193e+07, 4.12867e+07, 2.06433e+07, 0, 0, 0, 2.06433e+07, 4.12867e+07, 6.193e+07, 8.25734e+07, 1.03217e+08, 1.2386e+08, 1.44503e+08, 1.65147e+08, 1.40586e+08, 1.28218e+08, 1.17836e+08, 1.09917e+08, 
1.70122e+09, 1.7425e+09, 2.95746e+08, 2.38264e+08, 2.1833e+08, 1.87854e+08, 1.03217e+08, 8.25734e+07, 6.193e+07, 4.12867e+07, 2.06433e+07, 0, 0, 0, 2.06433e+07, 4.12867e+07, 6.193e+07, 8.25734e+07, 1.03217e+08, 1.2386e+08, 1.44503e+08, 1.54521e+08, 1.40586e+08, 1.28218e+08, 1.17836e+08, 
1.70167e+09, 1.74294e+09, 3.09457e+08, 2.54851e+08, 2.36207e+08, 2.08126e+08, 1.2386e+08, 1.03217e+08, 8.25734e+07, 6.193e+07, 4.12867e+07, 2.06433e+07, 0, 0, 0, 2.06433e+07, 4.12867e+07, 6.193e+07, 8.25734e+07, 1.03217e+08, 1.2386e+08, 1.69679e+08, 1.54521e+08, 1.40586e+08, 1.28218e+08, 
1.70236e+09, 1.74361e+09, 3.23859e+08, 2.71954e+08, 2.54471e+08, 2.28458e+08, 1.44503e+08, 1.2386e+08, 1.03217e+08, 8.25734e+07, 6.193e+07, 4.12867e+07, 2.06433e+07, 0, 0, 0, 2.06433e+07, 4.12867e+07, 6.193e+07, 8.25734e+07, 1.03217e+08, 1.8579e+08, 1.69679e+08, 1.54521e+08, 1.40586e+08, 
1.7033e+09, 1.74453e+09, 3.38871e+08, 2.89488e+08, 2.73051e+08, 2.48837e+08, 1.65147e+08, 1.44503e+08, 1.2386e+08, 1.03217e+08, 8.25734e+07, 6.193e+07, 4.12867e+07, 2.06433e+07, 0, 0, 0, 2.06433e+07, 4.12867e+07, 6.193e+07, 8.25734e+07, 2.02649e+08, 1.8579e+08, 1.69679e+08, 1.54521e+08, 
1.70448e+09, 1.74569e+09, 3.54418e+08, 3.07385e+08, 2.9189e+08, 2.69254e+08, 1.8579e+08, 1.65147e+08, 1.44503e+08, 1.2386e+08, 1.03217e+08, 8.25734e+07, 6.193e+07, 4.12867e+07, 2.06433e+07, 0, 0, 0, 2.06433e+07, 4.12867e+07, 6.193e+07, 2.20097e+08, 2.02649e+08, 1.8579e+08, 1.69679e+08, 
1.70592e+09, 1.74709e+09, 3.70438e+08, 3.25587e+08, 3.10944e+08, 2.89701e+08, 2.06433e+08, 1.8579e+08, 1.65147e+08, 1.44503e+08, 1.2386e+08, 1.03217e+08, 8.25734e+07, 6.193e+07, 4.12867e+07, 2.06433e+07, 0, 0, 0, 2.06433e+07, 4.12867e+07, 2.38017e+08, 2.20097e+08, 2.02649e+08, 1.8579e+08, 
1.70759e+09, 1.74873e+09, 3.86873e+08, 3.44049e+08, 3.30178e+08, 3.10172e+08, 2.27077e+08, 2.06433e+08, 1.8579e+08, 1.65147e+08, 1.44503e+08, 1.2386e+08, 1.03217e+08, 8.25734e+07, 6.193e+07, 4.12867e+07, 2.06433e+07, 0, 0, 0, 2.06433e+07, 2.56316e+08, 2.38017e+08, 2.20097e+08, 2.02649e+08, 
1.70952e+09, 1.75061e+09, 4.03677e+08, 3.62734e+08, 3.49564e+08, 3.30664e+08, 2.4772e+08, 2.27077e+08, 2.06433e+08, 1.8579e+08, 1.65147e+08, 1.44503e+08, 1.2386e+08, 1.03217e+08, 8.25734e+07, 6.193e+07, 4.12867e+07, 2.06433e+07, 0, 0, 0, 2.74924e+08, 2.56316e+08, 2.38017e+08, 2.20097e+08, 
1.71168e+09, 1.75272e+09, 4.20806e+08, 3.81611e+08, 3.69079e+08, 3.51172e+08, 2.68363e+08, 2.4772e+08, 2.27077e+08, 2.06433e+08, 1.8579e+08, 1.65147e+08, 1.44503e+08, 1.2386e+08, 1.03217e+08, 8.25734e+07, 6.193e+07, 4.12867e+07, 2.06433e+07, 0, 0, 2.93787e+08, 2.74924e+08, 2.56316e+08, 2.38017e+08, 
1.58009e+09, 1.62131e+09, 3.53508e+08, 2.73407e+08, 2.39831e+08, 1.63082e+08, 1.03217e+08, 1.04925e+08, 1.09917e+08, 1.17836e+08, 1.28218e+08, 1.40586e+08, 1.54521e+08, 1.69679e+08, 1.8579e+08, 2.02649e+08, 2.20097e+08, 2.38017e+08, 2.56316e+08, 2.74924e+08, 2.93787e+08, 0, 0, 2.06433e+07, 4.12867e+07, 
1.57898e+09, 1.62022e+09, 3.58487e+08, 2.79716e+08, 2.46933e+08, 1.73019e+08, 1.04925e+08, 1.03217e+08, 1.04925e+08, 1.09917e+08, 1.17836e+08, 1.28218e+08, 1.40586e+08, 1.54521e+08, 1.69679e+08, 1.8579e+08, 2.02649e+08, 2.20097e+08, 2.38017e+08, 2.56316e+08, 2.74924e+08, 0, 0, 0, 2.06433e+07, 
1.57812e+09, 1.61939e+09, 3.64509e+08, 2.87282e+08, 2.55399e+08, 1.84558e+08, 1.09917e+08, 1.04925e+08, 1.03217e+08, 1.04925e+08, 1.09917e+08, 1.17836e+08, 1.28218e+08, 1.40586e+08, 1.54521e+08, 1.69679e+08, 1.8579e+08, 2.02649e+08, 2.20097e+08, 2.38017e+08, 2.56316e+08, 2.06433e+07, 0, 0, 0, 
1.57754e+09, 1.61881e+09, 3.71526e+08, 2.96015e+08, 2.65109e+08, 1.97445e+08, 1.17836e+08, 1.09917e+08, 1.04925e+08, 1.03217e+08, 1.04925e+08, 1.09917e+08, 1.17836e+08, 1.28218e+08, 1.40586e+08, 1.54521e+08, 1.69679e+08, 1.8579e+08, 2.02649e+08, 2.20097e+08, 2.38017e+08, 4.12867e+07, 2.06433e+07, 0, 0, 
Optimal total distance (scaled) for 25 points: 3.88624e+09
Optimal total distance for 25 points: 541.671355
Corresponding path (0-indexed):
Point #24
Point #0
Point #1
Point #20
Point #19
Point #18
Point #17
Point #16
Point #15
Point #14
Point #13
Point #12
Point #11
Point #10
Point #9
Point #8
Point #7
Point #6
Point #2
Point #3
Point #4
Point #5
Point #21
Point #22
Point #23
Point #24
Execution time: 4285 ms

Elapsed time: 4285 ms


Execution #2/10000

Seed: 2
Estimated max possible cost 566.961617
for path: 
0 1 2 3 4 5 6 7 8 9 10 11 12 13 14 15 16 17 18 19 20 21 22 23 24 0
Execution time: 3185 ms

Elapsed time: 7470 ms


Execution #3/10000

Seed: 3
Estimated max possible cost 566.961617
for path: 
0 1 2 3 4 5 6 7 8 9 10 11 12 13 14 15 16 17 18 19 20 21 22 23 24 0
Execution time: 3233 ms

Elapsed time: 10703 ms


Execution #4/10000

Seed: 4
Estimated max possible cost 566.961617
for path: 
0 1 2 3 4 5 6 7 8 9 10 11 12 13 14 15 16 17 18 19 20 21 22 23 24 0
Execution time: 3138 ms

Elapsed time: 13841 ms


Execution #5/10000

Seed: 5
Estimated max possible cost 566.961617
for path: 
0 1 2 3 4 5 6 7 8 9 10 11 12 13 14 15 16 17 18 19 20 21 22 23 24 0
Execution time: 4288 ms

Elapsed time: 18129 ms


Execution #6/10000

Seed: 6
Estimated max possible cost 566.961617
for path: 
0 1 2 3 4 5 6 7 8 9 10 11 12 13 14 15 16 17 18 19 20 21 22 23 24 0
Execution time: 4289 ms

Elapsed time: 22418 ms


Terminating due to timeout: 22418 ms >= 20000 ms

Executed runs: 5/10000
Total execution time: 22.418 s
Avg execution time: 4483.6 ms
