Solving TSP


Execution #1/10000

Seed: 1
Estimated max possible cost 569.462243
for path: 
0 1 2 3 4 5 6 7 8 9 10 11 12 13 14 15 16 17 18 19 20 21 22 23 24 25 0
Memory needed for path: 113509025 locs, for costs: 111435000 locs.
Desired precision: 10000
Mem constraint for cost_t: 32 bits
Rounded to pow of 2 bytes mem constraint (capped at 64bits) for cost_t: 32 bits
Bits needed for an int to preserve precision: 23
Bits used per cost_t: 23
Selected cost_t = (u)int32_t
Solving with cost_t = j
Memory [GB] needed: 0.520841
Distances:
0, 5.08, 242.54, 232.423, 228.124, 218.013, 212.172, 212.044, 211.947, 211.88, 211.843, 211.837, 211.862, 211.917, 212.002, 212.117, 212.263, 212.44, 212.646, 212.882, 213.149, 196.958, 196.821, 196.716, 196.643, 196.604, 
5.08, 0, 247.599, 237.481, 233.181, 223.068, 217.244, 217.119, 217.024, 216.959, 216.923, 216.917, 216.941, 216.995, 217.078, 217.191, 217.333, 217.505, 217.707, 217.938, 218.198, 202.029, 201.895, 201.793, 201.722, 201.684, 
242.54, 247.599, 0, 10.16, 14.478, 24.638, 31.3255, 32.219, 33.2827, 34.501, 35.8581, 37.3389, 38.9292, 40.6162, 42.3883, 44.2354, 46.1484, 48.1194, 50.1417, 52.2092, 54.3168, 46.0364, 46.649, 47.3899, 48.2533, 49.2328, 
232.423, 237.481, 10.16, 0, 4.318, 14.478, 21.9236, 23.1823, 24.6393, 26.2617, 28.0207, 29.8922, 31.8565, 33.8973, 36.0018, 38.1592, 40.3612, 42.6009, 44.8725, 47.1716, 49.4942, 36.1805, 36.9568, 37.8877, 38.9623, 40.169, 
228.124, 233.181, 14.478, 4.318, 0, 10.16, 18.1765, 19.6764, 21.3738, 23.2254, 25.1973, 27.2633, 29.4037, 31.6034, 33.8507, 36.1368, 38.4548, 40.7992, 43.1658, 45.5511, 47.9522, 32.0493, 32.9231, 33.9648, 35.1595, 36.4921, 
218.013, 223.068, 24.638, 14.478, 10.16, 0, 11.1326, 13.4428, 15.8236, 18.2474, 20.6991, 23.1698, 25.654, 28.1482, 30.6499, 33.1575, 35.6696, 38.1854, 40.7042, 43.2255, 45.7489, 22.606, 23.8287, 25.2484, 26.834, 28.5578, 
212.172, 217.244, 31.3255, 21.9236, 18.1765, 11.1326, 0, 2.54, 5.08, 7.62, 10.16, 12.7, 15.24, 17.78, 20.32, 22.86, 25.4, 27.94, 30.48, 33.02, 35.56, 15.24, 15.4502, 16.0644, 17.0388, 18.3162, 
212.044, 217.119, 32.219, 23.1823, 19.6764, 13.4428, 2.54, 0, 2.54, 5.08, 7.62, 10.16, 12.7, 15.24, 17.78, 20.32, 22.86, 25.4, 27.94, 30.48, 33.02, 15.4502, 15.24, 15.4502, 16.0644, 17.0388, 
211.947, 217.024, 33.2827, 24.6393, 21.3738, 15.8236, 5.08, 2.54, 0, 2.54, 5.08, 7.62, 10.16, 12.7, 15.24, 17.78, 20.32, 22.86, 25.4, 27.94, 30.48, 16.0644, 15.4502, 15.24, 15.4502, 16.0644, 
211.88, 216.959, 34.501, 26.2617, 23.2254, 18.2474, 7.62, 5.08, 2.54, 0, 2.54, 5.08, 7.62, 10.16, 12.7, 15.24, 17.78, 20.32, 22.86, 25.4, 27.94, 17.0388, 16.0644, 15.4502, 15.24, 15.4502, 
211.843, 216.923, 35.8581, 28.0207, 25.1973, 20.6991, 10.16, 7.62, 5.08, 2.54, 0, 2.54, 5.08, 7.62, 10.16, 12.7, 15.24, 17.78, 20.32, 22.86, 25.4, 18.3162, 17.0388, 16.0644, 15.4502, 15.24, 
211.837, 216.917, 37.3389, 29.8922, 27.2633, 23.1698, 12.7, 10.16, 7.62, 5.08, 2.54, 0, 2.54, 5.08, 7.62, 10.16, 12.7, 15.24, 17.78, 20.32, 22.86, 19.838, 18.3162, 17.0388, 16.0644, 15.4502, 
211.862, 216.941, 38.9292, 31.8565, 29.4037, 25.654, 15.24, 12.7, 10.16, 7.62, 5.08, 2.54, 0, 2.54, 5.08, 7.62, 10.16, 12.7, 15.24, 17.78, 20.32, 21.5526, 19.838, 18.3162, 17.0388, 16.0644, 
211.917, 216.995, 40.6162, 33.8973, 31.6034, 28.1482, 17.78, 15.24, 12.7, 10.16, 7.62, 5.08, 2.54, 0, 2.54, 5.08, 7.62, 10.16, 12.7, 15.24, 17.78, 23.4176, 21.5526, 19.838, 18.3162, 17.0388, 
212.002, 217.078, 42.3883, 36.0018, 33.8507, 30.6499, 20.32, 17.78, 15.24, 12.7, 10.16, 7.62, 5.08, 2.54, 0, 2.54, 5.08, 7.62, 10.16, 12.7, 15.24, 25.4, 23.4176, 21.5526, 19.838, 18.3162, 
212.117, 217.191, 44.2354, 38.1592, 36.1368, 33.1575, 22.86, 20.32, 17.78, 15.24, 12.7, 10.16, 7.62, 5.08, 2.54, 0, 2.54, 5.08, 7.62, 10.16, 12.7, 27.4743, 25.4, 23.4176, 21.5526, 19.838, 
212.263, 217.333, 46.1484, 40.3612, 38.4548, 35.6696, 25.4, 22.86, 20.32, 17.78, 15.24, 12.7, 10.16, 7.62, 5.08, 2.54, 0, 2.54, 5.08, 7.62, 10.16, 29.6212, 27.4743, 25.4, 23.4176, 21.5526, 
212.44, 217.505, 48.1194, 42.6009, 40.7992, 38.1854, 27.94, 25.4, 22.86, 20.32, 17.78, 15.24, 12.7, 10.16, 7.62, 5.08, 2.54, 0, 2.54, 5.08, 7.62, 31.8261, 29.6212, 27.4743, 25.4, 23.4176, 
212.646, 217.707, 50.1417, 44.8725, 43.1658, 40.7042, 30.48, 27.94, 25.4, 22.86, 20.32, 17.78, 15.24, 12.7, 10.16, 7.62, 5.08, 2.54, 0, 2.54, 5.08, 34.0777, 31.8261, 29.6212, 27.4743, 25.4, 
212.882, 217.938, 52.2092, 47.1716, 45.5511, 43.2255, 33.02, 30.48, 27.94, 25.4, 22.86, 20.32, 17.78, 15.24, 12.7, 10.16, 7.62, 5.08, 2.54, 0, 2.54, 36.3673, 34.0777, 31.8261, 29.6212, 27.4743, 
213.149, 218.198, 54.3168, 49.4942, 47.9522, 45.7489, 35.56, 33.02, 30.48, 27.94, 25.4, 22.86, 20.32, 17.78, 15.24, 12.7, 10.16, 7.62, 5.08, 2.54, 0, 38.6881, 36.3673, 34.0777, 31.8261, 29.6212, 
196.958, 202.029, 46.0364, 36.1805, 32.0493, 22.606, 15.24, 15.4502, 16.0644, 17.0388, 18.3162, 19.838, 21.5526, 23.4176, 25.4, 27.4743, 29.6212, 31.8261, 34.0777, 36.3673, 38.6881, 0, 2.54, 5.08, 7.62, 10.16, 
196.821, 201.895, 46.649, 36.9568, 32.9231, 23.8287, 15.4502, 15.24, 15.4502, 16.0644, 17.0388, 18.3162, 19.838, 21.5526, 23.4176, 25.4, 27.4743, 29.6212, 31.8261, 34.0777, 36.3673, 2.54, 0, 2.54, 5.08, 7.62, 
196.716, 201.793, 47.3899, 37.8877, 33.9648, 25.2484, 16.0644, 15.4502, 15.24, 15.4502, 16.0644, 17.0388, 18.3162, 19.838, 21.5526, 23.4176, 25.4, 27.4743, 29.6212, 31.8261, 34.0777, 5.08, 2.54, 0, 2.54, 5.08, 
196.643, 201.722, 48.2533, 38.9623, 35.1595, 26.834, 17.0388, 16.0644, 15.4502, 15.24, 15.4502, 16.0644, 17.0388, 18.3162, 19.838, 21.5526, 23.4176, 25.4, 27.4743, 29.6212, 31.8261, 7.62, 5.08, 2.54, 0, 2.54, 
196.604, 201.684, 49.2328, 40.169, 36.4921, 28.5578, 18.3162, 17.0388, 16.0644, 15.4502, 15.24, 15.4502, 16.0644, 17.0388, 18.3162, 19.838, 21.5526, 23.4176, 25.4, 27.4743, 29.6212, 10.16, 7.62, 5.08, 2.54, 0, 
Scaled Distances:
0, 2.06059e+07, 1.94701e+09, 1.86494e+09, 1.83006e+09, 1.74804e+09, 1.70065e+09, 1.69962e+09, 1.69883e+09, 1.69828e+09, 1.69799e+09, 1.69794e+09, 1.69813e+09, 1.69858e+09, 1.69927e+09, 1.70021e+09, 1.70139e+09, 1.70282e+09, 1.7045e+09, 1.70641e+09, 1.70858e+09, 1.57723e+09, 1.57611e+09, 1.57526e+09, 1.57467e+09, 1.57436e+09, 
2.06059e+07, 0, 1.98806e+09, 1.90597e+09, 1.87109e+09, 1.78905e+09, 1.7418e+09, 1.74079e+09, 1.74002e+09, 1.73949e+09, 1.7392e+09, 1.73915e+09, 1.73934e+09, 1.73978e+09, 1.74045e+09, 1.74137e+09, 1.74252e+09, 1.74392e+09, 1.74555e+09, 1.74743e+09, 1.74954e+09, 1.61837e+09, 1.61728e+09, 1.61645e+09, 1.61588e+09, 1.61557e+09, 
1.94701e+09, 1.98806e+09, 0, 6.18177e+07, 9.68477e+07, 1.79271e+08, 2.33524e+08, 2.40772e+08, 2.49402e+08, 2.59286e+08, 2.70295e+08, 2.82308e+08, 2.95209e+08, 3.08895e+08, 3.23272e+08, 3.38256e+08, 3.53775e+08, 3.69766e+08, 3.86171e+08, 4.02944e+08, 4.20042e+08, 3.52867e+08, 3.57836e+08, 3.63847e+08, 3.70852e+08, 3.78798e+08, 
1.86494e+09, 1.90597e+09, 6.18177e+07, 0, 1.44241e+07, 9.68477e+07, 1.57251e+08, 1.67462e+08, 1.79282e+08, 1.92443e+08, 2.06714e+08, 2.21897e+08, 2.37832e+08, 2.54388e+08, 2.7146e+08, 2.88963e+08, 3.06827e+08, 3.24996e+08, 3.43425e+08, 3.62076e+08, 3.80918e+08, 2.72911e+08, 2.79208e+08, 2.8676e+08, 2.95478e+08, 3.05267e+08, 
1.83006e+09, 1.87109e+09, 9.68477e+07, 1.44241e+07, 0, 6.18177e+07, 1.26852e+08, 1.3902e+08, 1.5279e+08, 1.67811e+08, 1.83808e+08, 2.00569e+08, 2.17933e+08, 2.35778e+08, 2.5401e+08, 2.72556e+08, 2.91361e+08, 3.1038e+08, 3.29579e+08, 3.4893e+08, 3.68409e+08, 2.39396e+08, 2.46485e+08, 2.54936e+08, 2.64628e+08, 2.75438e+08, 
1.74804e+09, 1.78905e+09, 1.79271e+08, 9.68477e+07, 6.18177e+07, 0, 6.97081e+07, 8.84497e+07, 1.07764e+08, 1.27427e+08, 1.47316e+08, 1.6736e+08, 1.87514e+08, 2.07748e+08, 2.28043e+08, 2.48386e+08, 2.68766e+08, 2.89175e+08, 3.0961e+08, 3.30064e+08, 3.50535e+08, 1.62787e+08, 1.72705e+08, 1.84223e+08, 1.97086e+08, 2.11071e+08, 
1.70065e+09, 1.7418e+09, 2.33524e+08, 1.57251e+08, 1.26852e+08, 6.97081e+07, 0, 0, 2.06059e+07, 4.12118e+07, 6.18177e+07, 8.24236e+07, 1.03029e+08, 1.23635e+08, 1.44241e+08, 1.64847e+08, 1.85453e+08, 2.06059e+08, 2.26665e+08, 2.47271e+08, 2.67877e+08, 1.03029e+08, 1.04735e+08, 1.09717e+08, 1.17623e+08, 1.27985e+08, 
1.69962e+09, 1.74079e+09, 2.40772e+08, 1.67462e+08, 1.3902e+08, 8.84497e+07, 0, 0, 0, 2.06059e+07, 4.12118e+07, 6.18177e+07, 8.24236e+07, 1.03029e+08, 1.23635e+08, 1.44241e+08, 1.64847e+08, 1.85453e+08, 2.06059e+08, 2.26665e+08, 2.47271e+08, 1.04735e+08, 1.03029e+08, 1.04735e+08, 1.09717e+08, 1.17623e+08, 
1.69883e+09, 1.74002e+09, 2.49402e+08, 1.79282e+08, 1.5279e+08, 1.07764e+08, 2.06059e+07, 0, 0, 0, 2.06059e+07, 4.12118e+07, 6.18177e+07, 8.24236e+07, 1.03029e+08, 1.23635e+08, 1.44241e+08, 1.64847e+08, 1.85453e+08, 2.06059e+08, 2.26665e+08, 1.09717e+08, 1.04735e+08, 1.03029e+08, 1.04735e+08, 1.09717e+08, 
1.69828e+09, 1.73949e+09, 2.59286e+08, 1.92443e+08, 1.67811e+08, 1.27427e+08, 4.12118e+07, 2.06059e+07, 0, 0, 0, 2.06059e+07, 4.12118e+07, 6.18177e+07, 8.24236e+07, 1.03029e+08, 1.23635e+08, 1.44241e+08, 1.64847e+08, 1.85453e+08, 2.06059e+08, 1.17623e+08, 1.09717e+08, 1.04735e+08, 1.03029e+08, 1.04735e+08, 
1.69799e+09, 1.7392e+09, 2.70295e+08, 2.06714e+08, 1.83808e+08, 1.47316e+08, 6.18177e+07, 4.12118e+07, 2.06059e+07, 0, 0, 0, 2.06059e+07, 4.12118e+07, 6.18177e+07, 8.24236e+07, 1.03029e+08, 1.23635e+08, 1.44241e+08, 1.64847e+08, 1.85453e+08, 1.27985e+08, 1.17623e+08, 1.09717e+08, 1.04735e+08, 1.03029e+08, 
1.69794e+09, 1.73915e+09, 2.82308e+08, 2.21897e+08, 2.00569e+08, 1.6736e+08, 8.24236e+07, 6.18177e+07, 4.12118e+07, 2.06059e+07, 0, 0, 0, 2.06059e+07, 4.12118e+07, 6.18177e+07, 8.24236e+07, 1.03029e+08, 1.23635e+08, 1.44241e+08, 1.64847e+08, 1.40331e+08, 1.27985e+08, 1.17623e+08, 1.09717e+08, 1.04735e+08, 
1.69813e+09, 1.73934e+09, 2.95209e+08, 2.37832e+08, 2.17933e+08, 1.87514e+08, 1.03029e+08, 8.24236e+07, 6.18177e+07, 4.12118e+07, 2.06059e+07, 0, 0, 0, 2.06059e+07, 4.12118e+07, 6.18177e+07, 8.24236e+07, 1.03029e+08, 1.23635e+08, 1.44241e+08, 1.54241e+08, 1.40331e+08, 1.27985e+08, 1.17623e+08, 1.09717e+08, 
1.69858e+09, 1.73978e+09, 3.08895e+08, 2.54388e+08, 2.35778e+08, 2.07748e+08, 1.23635e+08, 1.03029e+08, 8.24236e+07, 6.18177e+07, 4.12118e+07, 2.06059e+07, 0, 0, 0, 2.06059e+07, 4.12118e+07, 6.18177e+07, 8.24236e+07, 1.03029e+08, 1.23635e+08, 1.69371e+08, 1.54241e+08, 1.40331e+08, 1.27985e+08, 1.17623e+08, 
1.69927e+09, 1.74045e+09, 3.23272e+08, 2.7146e+08, 2.5401e+08, 2.28043e+08, 1.44241e+08, 1.23635e+08, 1.03029e+08, 8.24236e+07, 6.18177e+07, 4.12118e+07, 2.06059e+07, 0, 0, 0, 2.06059e+07, 4.12118e+07, 6.18177e+07, 8.24236e+07, 1.03029e+08, 1.85453e+08, 1.69371e+08, 1.54241e+08, 1.40331e+08, 1.27985e+08, 
1.70021e+09, 1.74137e+09, 3.38256e+08, 2.88963e+08, 2.72556e+08, 2.48386e+08, 1.64847e+08, 1.44241e+08, 1.23635e+08, 1.03029e+08, 8.24236e+07, 6.18177e+07, 4.12118e+07, 2.06059e+07, 0, 0, 0, 2.06059e+07, 4.12118e+07, 6.18177e+07, 8.24236e+07, 2.02281e+08, 1.85453e+08, 1.69371e+08, 1.54241e+08, 1.40331e+08, 
1.70139e+09, 1.74252e+09, 3.53775e+08, 3.06827e+08, 2.91361e+08, 2.68766e+08, 1.85453e+08, 1.64847e+08, 1.44241e+08, 1.23635e+08, 1.03029e+08, 8.24236e+07, 6.18177e+07, 4.12118e+07, 2.06059e+07, 0, 0, 0, 2.06059e+07, 4.12118e+07, 6.18177e+07, 2.19698e+08, 2.02281e+08, 1.85453e+08, 1.69371e+08, 1.54241e+08, 
1.70282e+09, 1.74392e+09, 3.69766e+08, 3.24996e+08, 3.1038e+08, 2.89175e+08, 2.06059e+08, 1.85453e+08, 1.64847e+08, 1.44241e+08, 1.23635e+08, 1.03029e+08, 8.24236e+07, 6.18177e+07, 4.12118e+07, 2.06059e+07, 0, 0, 0, 2.06059e+07, 4.12118e+07, 2.37585e+08, 2.19698e+08, 2.02281e+08, 1.85453e+08, 1.69371e+08, 
1.7045e+09, 1.74555e+09, 3.86171e+08, 3.43425e+08, 3.29579e+08, 3.0961e+08, 2.26665e+08, 2.06059e+08, 1.85453e+08, 1.64847e+08, 1.44241e+08, 1.23635e+08, 1.03029e+08, 8.24236e+07, 6.18177e+07, 4.12118e+07, 2.06059e+07, 0, 0, 0, 2.06059e+07, 2.55851e+08, 2.37585e+08, 2.19698e+08, 2.02281e+08, 1.85453e+08, 
1.70641e+09, 1.74743e+09, 4.02944e+08, 3.62076e+08, 3.4893e+08, 3.30064e+08, 2.47271e+08, 2.26665e+08, 2.06059e+08, 1.85453e+08, 1.64847e+08, 1.44241e+08, 1.23635e+08, 1.03029e+08, 8.24236e+07, 6.18177e+07, 4.12118e+07, 2.06059e+07, 0, 0, 0, 2.74426e+08, 2.55851e+08, 2.37585e+08, 2.19698e+08, 2.02281e+08, 
1.70858e+09, 1.74954e+09, 4.20042e+08, 3.80918e+08, 3.68409e+08, 3.50535e+08, 2.67877e+08, 2.47271e+08, 2.26665e+08, 2.06059e+08, 1.85453e+08, 1.64847e+08, 1.44241e+08, 1.23635e+08, 1.03029e+08, 8.24236e+07, 6.18177e+07, 4.12118e+07, 2.06059e+07, 0, 0, 2.93254e+08, 2.74426e+08, 2.55851e+08, 2.37585e+08, 2.19698e+08, 
1.57723e+09, 1.61837e+09, 3.52867e+08, 2.72911e+08, 2.39396e+08, 1.62787e+08, 1.03029e+08, 1.04735e+08, 1.09717e+08, 1.17623e+08, 1.27985e+08, 1.40331e+08, 1.54241e+08, 1.69371e+08, 1.85453e+08, 2.02281e+08, 2.19698e+08, 2.37585e+08, 2.55851e+08, 2.74426e+08, 2.93254e+08, 0, 0, 2.06059e+07, 4.12118e+07, 6.18177e+07, 
1.57611e+09, 1.61728e+09, 3.57836e+08, 2.79208e+08, 2.46485e+08, 1.72705e+08, 1.04735e+08, 1.03029e+08, 1.04735e+08, 1.09717e+08, 1.17623e+08, 1.27985e+08, 1.40331e+08, 1.54241e+08, 1.69371e+08, 1.85453e+08, 2.02281e+08, 2.19698e+08, 2.37585e+08, 2.55851e+08, 2.74426e+08, 0, 0, 0, 2.06059e+07, 4.12118e+07, 
1.57526e+09, 1.61645e+09, 3.63847e+08, 2.8676e+08, 2.54936e+08, 1.84223e+08, 1.09717e+08, 1.04735e+08, 1.03029e+08, 1.04735e+08, 1.09717e+08, 1.17623e+08, 1.27985e+08, 1.40331e+08, 1.54241e+08, 1.69371e+08, 1.85453e+08, 2.02281e+08, 2.19698e+08, 2.37585e+08, 2.55851e+08, 2.06059e+07, 0, 0, 0, 2.06059e+07, 
1.57467e+09, 1.61588e+09, 3.70852e+08, 2.95478e+08, 2.64628e+08, 1.97086e+08, 1.17623e+08, 1.09717e+08, 1.04735e+08, 1.03029e+08, 1.04735e+08, 1.09717e+08, 1.17623e+08, 1.27985e+08, 1.40331e+08, 1.54241e+08, 1.69371e+08, 1.85453e+08, 2.02281e+08, 2.19698e+08, 2.37585e+08, 4.12118e+07, 2.06059e+07, 0, 0, 0, 
1.57436e+09, 1.61557e+09, 3.78798e+08, 3.05267e+08, 2.75438e+08, 2.11071e+08, 1.27985e+08, 1.17623e+08, 1.09717e+08, 1.04735e+08, 1.03029e+08, 1.04735e+08, 1.09717e+08, 1.17623e+08, 1.27985e+08, 1.40331e+08, 1.54241e+08, 1.69371e+08, 1.85453e+08, 2.02281e+08, 2.19698e+08, 6.18177e+07, 4.12118e+07, 2.06059e+07, 0, 0, 
Optimal total distance (scaled) for 26 points: 3.87887e+09
Optimal total distance for 26 points: 544.171981
Corresponding path (0-indexed):
Point #25
Point #0
Point #1
Point #20
Point #19
Point #18
Point #17
Point #16
Point #15
Point #14
Point #13
Point #12
Point #11
Point #10
Point #9
Point #8
Point #7
Point #6
Point #2
Point #3
Point #4
Point #5
Point #21
Point #22
Point #23
Point #24
Point #25
Execution time: 9284 ms

Elapsed time: 9284 ms


Execution #2/10000

Seed: 2
Estimated max possible cost 569.462243
for path: 
0 1 2 3 4 5 6 7 8 9 10 11 12 13 14 15 16 17 18 19 20 21 22 23 24 25 0
Execution time: 7838 ms

Elapsed time: 17122 ms


Execution #3/10000

Seed: 3
Estimated max possible cost 569.462243
for path: 
0 1 2 3 4 5 6 7 8 9 10 11 12 13 14 15 16 17 18 19 20 21 22 23 24 25 0
Execution time: 6850 ms

Elapsed time: 23972 ms


Terminating due to timeout: 23972 ms >= 20000 ms

Executed runs: 2/10000
Total execution time: 23.972 s
Avg execution time: 11986 ms
