Solving TSP


Execution #1/10000

Seed: 1
Estimated max possible cost 571.995680
for path: 
0 1 2 3 4 5 6 7 8 9 10 11 12 13 14 15 16 17 18 19 20 21 22 23 24 25 26 0
Memory needed for path: 300999140 locs, for costs: 251100200 locs.
Desired precision: 10000
Mem constraint for cost_t: 32 bits
Rounded to pow of 2 bytes mem constraint (capped at 64bits) for cost_t: 32 bits
Bits needed for an int to preserve precision: 23
Bits used per cost_t: 23
Selected cost_t = (u)int32_t
Solving with cost_t = j
Memory [GB] needed: 1.21575
Distances:
0, 5.08, 242.54, 232.423, 228.124, 218.013, 212.172, 212.044, 211.947, 211.88, 211.843, 211.837, 211.862, 211.917, 212.002, 212.117, 212.263, 212.44, 212.646, 212.882, 213.149, 196.958, 196.821, 196.716, 196.643, 196.604, 196.597, 
5.08, 0, 247.599, 237.481, 233.181, 223.068, 217.244, 217.119, 217.024, 216.959, 216.923, 216.917, 216.941, 216.995, 217.078, 217.191, 217.333, 217.505, 217.707, 217.938, 218.198, 202.029, 201.895, 201.793, 201.722, 201.684, 201.677, 
242.54, 247.599, 0, 10.16, 14.478, 24.638, 31.3255, 32.219, 33.2827, 34.501, 35.8581, 37.3389, 38.9292, 40.6162, 42.3883, 44.2354, 46.1484, 48.1194, 50.1417, 52.2092, 54.3168, 46.0364, 46.649, 47.3899, 48.2533, 49.2328, 50.3215, 
232.423, 237.481, 10.16, 0, 4.318, 14.478, 21.9236, 23.1823, 24.6393, 26.2617, 28.0207, 29.8922, 31.8565, 33.8973, 36.0018, 38.1592, 40.3612, 42.6009, 44.8725, 47.1716, 49.4942, 36.1805, 36.9568, 37.8877, 38.9623, 40.169, 41.4962, 
228.124, 233.181, 14.478, 4.318, 0, 10.16, 18.1765, 19.6764, 21.3738, 23.2254, 25.1973, 27.2633, 29.4037, 31.6034, 33.8507, 36.1368, 38.4548, 40.7992, 43.1658, 45.5511, 47.9522, 32.0493, 32.9231, 33.9648, 35.1595, 36.4921, 37.9481, 
218.013, 223.068, 24.638, 14.478, 10.16, 0, 11.1326, 13.4428, 15.8236, 18.2474, 20.6991, 23.1698, 25.654, 28.1482, 30.6499, 33.1575, 35.6696, 38.1854, 40.7042, 43.2255, 45.7489, 22.606, 23.8287, 25.2484, 26.834, 28.5578, 30.3963, 
212.172, 217.244, 31.3255, 21.9236, 18.1765, 11.1326, 0, 2.54, 5.08, 7.62, 10.16, 12.7, 15.24, 17.78, 20.32, 22.86, 25.4, 27.94, 30.48, 33.02, 35.56, 15.24, 15.4502, 16.0644, 17.0388, 18.3162, 19.838, 
212.044, 217.119, 32.219, 23.1823, 19.6764, 13.4428, 2.54, 0, 2.54, 5.08, 7.62, 10.16, 12.7, 15.24, 17.78, 20.32, 22.86, 25.4, 27.94, 30.48, 33.02, 15.4502, 15.24, 15.4502, 16.0644, 17.0388, 18.3162, 
211.947, 217.024, 33.2827, 24.6393, 21.3738, 15.8236, 5.08, 2.54, 0, 2.54, 5.08, 7.62, 10.16, 12.7, 15.24, 17.78, 20.32, 22.86, 25.4, 27.94, 30.48, 16.0644, 15.4502, 15.24, 15.4502, 16.0644, 17.0388, 
211.88, 216.959, 34.501, 26.2617, 23.2254, 18.2474, 7.62, 5.08, 2.54, 0, 2.54, 5.08, 7.62, 10.16, 12.7, 15.24, 17.78, 20.32, 22.86, 25.4, 27.94, 17.0388, 16.0644, 15.4502, 15.24, 15.4502, 16.0644, 
211.843, 216.923, 35.8581, 28.0207, 25.1973, 20.6991, 10.16, 7.62, 5.08, 2.54, 0, 2.54, 5.08, 7.62, 10.16, 12.7, 15.24, 17.78, 20.32, 22.86, 25.4, 18.3162, 17.0388, 16.0644, 15.4502, 15.24, 15.4502, 
211.837, 216.917, 37.3389, 29.8922, 27.2633, 23.1698, 12.7, 10.16, 7.62, 5.08, 2.54, 0, 2.54, 5.08, 7.62, 10.16, 12.7, 15.24, 17.78, 20.32, 22.86, 19.838, 18.3162, 17.0388, 16.0644, 15.4502, 15.24, 
211.862, 216.941, 38.9292, 31.8565, 29.4037, 25.654, 15.24, 12.7, 10.16, 7.62, 5.08, 2.54, 0, 2.54, 5.08, 7.62, 10.16, 12.7, 15.24, 17.78, 20.32, 21.5526, 19.838, 18.3162, 17.0388, 16.0644, 15.4502, 
211.917, 216.995, 40.6162, 33.8973, 31.6034, 28.1482, 17.78, 15.24, 12.7, 10.16, 7.62, 5.08, 2.54, 0, 2.54, 5.08, 7.62, 10.16, 12.7, 15.24, 17.78, 23.4176, 21.5526, 19.838, 18.3162, 17.0388, 16.0644, 
212.002, 217.078, 42.3883, 36.0018, 33.8507, 30.6499, 20.32, 17.78, 15.24, 12.7, 10.16, 7.62, 5.08, 2.54, 0, 2.54, 5.08, 7.62, 10.16, 12.7, 15.24, 25.4, 23.4176, 21.5526, 19.838, 18.3162, 17.0388, 
212.117, 217.191, 44.2354, 38.1592, 36.1368, 33.1575, 22.86, 20.32, 17.78, 15.24, 12.7, 10.16, 7.62, 5.08, 2.54, 0, 2.54, 5.08, 7.62, 10.16, 12.7, 27.4743, 25.4, 23.4176, 21.5526, 19.838, 18.3162, 
212.263, 217.333, 46.1484, 40.3612, 38.4548, 35.6696, 25.4, 22.86, 20.32, 17.78, 15.24, 12.7, 10.16, 7.62, 5.08, 2.54, 0, 2.54, 5.08, 7.62, 10.16, 29.6212, 27.4743, 25.4, 23.4176, 21.5526, 19.838, 
212.44, 217.505, 48.1194, 42.6009, 40.7992, 38.1854, 27.94, 25.4, 22.86, 20.32, 17.78, 15.24, 12.7, 10.16, 7.62, 5.08, 2.54, 0, 2.54, 5.08, 7.62, 31.8261, 29.6212, 27.4743, 25.4, 23.4176, 21.5526, 
212.646, 217.707, 50.1417, 44.8725, 43.1658, 40.7042, 30.48, 27.94, 25.4, 22.86, 20.32, 17.78, 15.24, 12.7, 10.16, 7.62, 5.08, 2.54, 0, 2.54, 5.08, 34.0777, 31.8261, 29.6212, 27.4743, 25.4, 23.4176, 
212.882, 217.938, 52.2092, 47.1716, 45.5511, 43.2255, 33.02, 30.48, 27.94, 25.4, 22.86, 20.32, 17.78, 15.24, 12.7, 10.16, 7.62, 5.08, 2.54, 0, 2.54, 36.3673, 34.0777, 31.8261, 29.6212, 27.4743, 25.4, 
213.149, 218.198, 54.3168, 49.4942, 47.9522, 45.7489, 35.56, 33.02, 30.48, 27.94, 25.4, 22.86, 20.32, 17.78, 15.24, 12.7, 10.16, 7.62, 5.08, 2.54, 0, 38.6881, 36.3673, 34.0777, 31.8261, 29.6212, 27.4743, 
196.958, 202.029, 46.0364, 36.1805, 32.0493, 22.606, 15.24, 15.4502, 16.0644, 17.0388, 18.3162, 19.838, 21.5526, 23.4176, 25.4, 27.4743, 29.6212, 31.8261, 34.0777, 36.3673, 38.6881, 0, 2.54, 5.08, 7.62, 10.16, 12.7, 
196.821, 201.895, 46.649, 36.9568, 32.9231, 23.8287, 15.4502, 15.24, 15.4502, 16.0644, 17.0388, 18.3162, 19.838, 21.5526, 23.4176, 25.4, 27.4743, 29.6212, 31.8261, 34.0777, 36.3673, 2.54, 0, 2.54, 5.08, 7.62, 10.16, 
196.716, 201.793, 47.3899, 37.8877, 33.9648, 25.2484, 16.0644, 15.4502, 15.24, 15.4502, 16.0644, 17.0388, 18.3162, 19.838, 21.5526, 23.4176, 25.4, 27.4743, 29.6212, 31.8261, 34.0777, 5.08, 2.54, 0, 2.54, 5.08, 7.62, 
196.643, 201.722, 48.2533, 38.9623, 35.1595, 26.834, 17.0388, 16.0644, 15.4502, 15.24, 15.4502, 16.0644, 17.0388, 18.3162, 19.838, 21.5526, 23.4176, 25.4, 27.4743, 29.6212, 31.8261, 7.62, 5.08, 2.54, 0, 2.54, 5.08, 
196.604, 201.684, 49.2328, 40.169, 36.4921, 28.5578, 18.3162, 17.0388, 16.0644, 15.4502, 15.24, 15.4502, 16.0644, 17.0388, 18.3162, 19.838, 21.5526, 23.4176, 25.4, 27.4743, 29.6212, 10.16, 7.62, 5.08, 2.54, 0, 2.54, 
196.597, 201.677, 50.3215, 41.4962, 37.9481, 30.3963, 19.838, 18.3162, 17.0388, 16.0644, 15.4502, 15.24, 15.4502, 16.0644, 17.0388, 18.3162, 19.838, 21.5526, 23.4176, 25.4, 27.4743, 12.7, 10.16, 7.62, 5.08, 2.54, 0, 
Scaled Distances:
0, 2.05673e+07, 1.94336e+09, 1.86144e+09, 1.82664e+09, 1.74476e+09, 1.69747e+09, 1.69643e+09, 1.69564e+09, 1.6951e+09, 1.69481e+09, 1.69476e+09, 1.69495e+09, 1.6954e+09, 1.69609e+09, 1.69702e+09, 1.69821e+09, 1.69963e+09, 1.7013e+09, 1.70322e+09, 1.70538e+09, 1.57427e+09, 1.57316e+09, 1.57231e+09, 1.57173e+09, 1.57141e+09, 1.57135e+09, 
2.05673e+07, 0, 1.98433e+09, 1.9024e+09, 1.86759e+09, 1.7857e+09, 1.73854e+09, 1.73753e+09, 1.73676e+09, 1.73623e+09, 1.73594e+09, 1.73589e+09, 1.73608e+09, 1.73652e+09, 1.73719e+09, 1.7381e+09, 1.73926e+09, 1.74065e+09, 1.74229e+09, 1.74416e+09, 1.74626e+09, 1.61533e+09, 1.61425e+09, 1.61342e+09, 1.61285e+09, 1.61254e+09, 1.61249e+09, 
1.94336e+09, 1.98433e+09, 0, 6.17019e+07, 9.66663e+07, 1.78935e+08, 2.33087e+08, 2.40321e+08, 2.48935e+08, 2.588e+08, 2.69789e+08, 2.81779e+08, 2.94656e+08, 3.08317e+08, 3.22666e+08, 3.37623e+08, 3.53113e+08, 3.69073e+08, 3.85448e+08, 4.02189e+08, 4.19256e+08, 3.52206e+08, 3.57166e+08, 3.63166e+08, 3.70157e+08, 3.78088e+08, 3.86904e+08, 
1.86144e+09, 1.9024e+09, 6.17019e+07, 0, 1.43971e+07, 9.66663e+07, 1.56956e+08, 1.67148e+08, 1.78946e+08, 1.92083e+08, 2.06326e+08, 2.21481e+08, 2.37386e+08, 2.53912e+08, 2.70952e+08, 2.88422e+08, 3.06252e+08, 3.24387e+08, 3.42782e+08, 3.61398e+08, 3.80205e+08, 2.72399e+08, 2.78685e+08, 2.86223e+08, 2.94925e+08, 3.04695e+08, 3.15442e+08, 
1.82664e+09, 1.86759e+09, 9.66663e+07, 1.43971e+07, 0, 6.17019e+07, 1.26615e+08, 1.3876e+08, 1.52504e+08, 1.67497e+08, 1.83464e+08, 2.00194e+08, 2.17525e+08, 2.35336e+08, 2.53534e+08, 2.72045e+08, 2.90815e+08, 3.09799e+08, 3.28962e+08, 3.48276e+08, 3.67719e+08, 2.38948e+08, 2.46023e+08, 2.54458e+08, 2.64132e+08, 2.74923e+08, 2.86713e+08, 
1.74476e+09, 1.7857e+09, 1.78935e+08, 9.66663e+07, 6.17019e+07, 0, 6.95775e+07, 8.8284e+07, 1.07562e+08, 1.27188e+08, 1.4704e+08, 1.67047e+08, 1.87162e+08, 2.07359e+08, 2.27616e+08, 2.47921e+08, 2.68262e+08, 2.88634e+08, 3.0903e+08, 3.29446e+08, 3.49878e+08, 1.62482e+08, 1.72382e+08, 1.83878e+08, 1.96717e+08, 2.10675e+08, 2.25562e+08, 
1.69747e+09, 1.73854e+09, 2.33087e+08, 1.56956e+08, 1.26615e+08, 6.95775e+07, 0, 0, 2.05673e+07, 4.11346e+07, 6.17019e+07, 8.22692e+07, 1.02836e+08, 1.23404e+08, 1.43971e+08, 1.64538e+08, 1.85106e+08, 2.05673e+08, 2.2624e+08, 2.46808e+08, 2.67375e+08, 1.02836e+08, 1.04539e+08, 1.09512e+08, 1.17402e+08, 1.27746e+08, 1.40068e+08, 
1.69643e+09, 1.73753e+09, 2.40321e+08, 1.67148e+08, 1.3876e+08, 8.8284e+07, 0, 0, 0, 2.05673e+07, 4.11346e+07, 6.17019e+07, 8.22692e+07, 1.02836e+08, 1.23404e+08, 1.43971e+08, 1.64538e+08, 1.85106e+08, 2.05673e+08, 2.2624e+08, 2.46808e+08, 1.04539e+08, 1.02836e+08, 1.04539e+08, 1.09512e+08, 1.17402e+08, 1.27746e+08, 
1.69564e+09, 1.73676e+09, 2.48935e+08, 1.78946e+08, 1.52504e+08, 1.07562e+08, 2.05673e+07, 0, 0, 0, 2.05673e+07, 4.11346e+07, 6.17019e+07, 8.22692e+07, 1.02836e+08, 1.23404e+08, 1.43971e+08, 1.64538e+08, 1.85106e+08, 2.05673e+08, 2.2624e+08, 1.09512e+08, 1.04539e+08, 1.02836e+08, 1.04539e+08, 1.09512e+08, 1.17402e+08, 
1.6951e+09, 1.73623e+09, 2.588e+08, 1.92083e+08, 1.67497e+08, 1.27188e+08, 4.11346e+07, 2.05673e+07, 0, 0, 0, 2.05673e+07, 4.11346e+07, 6.17019e+07, 8.22692e+07, 1.02836e+08, 1.23404e+08, 1.43971e+08, 1.64538e+08, 1.85106e+08, 2.05673e+08, 1.17402e+08, 1.09512e+08, 1.04539e+08, 1.02836e+08, 1.04539e+08, 1.09512e+08, 
1.69481e+09, 1.73594e+09, 2.69789e+08, 2.06326e+08, 1.83464e+08, 1.4704e+08, 6.17019e+07, 4.11346e+07, 2.05673e+07, 0, 0, 0, 2.05673e+07, 4.11346e+07, 6.17019e+07, 8.22692e+07, 1.02836e+08, 1.23404e+08, 1.43971e+08, 1.64538e+08, 1.85106e+08, 1.27746e+08, 1.17402e+08, 1.09512e+08, 1.04539e+08, 1.02836e+08, 1.04539e+08, 
1.69476e+09, 1.73589e+09, 2.81779e+08, 2.21481e+08, 2.00194e+08, 1.67047e+08, 8.22692e+07, 6.17019e+07, 4.11346e+07, 2.05673e+07, 0, 0, 0, 2.05673e+07, 4.11346e+07, 6.17019e+07, 8.22692e+07, 1.02836e+08, 1.23404e+08, 1.43971e+08, 1.64538e+08, 1.40068e+08, 1.27746e+08, 1.17402e+08, 1.09512e+08, 1.04539e+08, 1.02836e+08, 
1.69495e+09, 1.73608e+09, 2.94656e+08, 2.37386e+08, 2.17525e+08, 1.87162e+08, 1.02836e+08, 8.22692e+07, 6.17019e+07, 4.11346e+07, 2.05673e+07, 0, 0, 0, 2.05673e+07, 4.11346e+07, 6.17019e+07, 8.22692e+07, 1.02836e+08, 1.23404e+08, 1.43971e+08, 1.53952e+08, 1.40068e+08, 1.27746e+08, 1.17402e+08, 1.09512e+08, 1.04539e+08, 
1.6954e+09, 1.73652e+09, 3.08317e+08, 2.53912e+08, 2.35336e+08, 2.07359e+08, 1.23404e+08, 1.02836e+08, 8.22692e+07, 6.17019e+07, 4.11346e+07, 2.05673e+07, 0, 0, 0, 2.05673e+07, 4.11346e+07, 6.17019e+07, 8.22692e+07, 1.02836e+08, 1.23404e+08, 1.69054e+08, 1.53952e+08, 1.40068e+08, 1.27746e+08, 1.17402e+08, 1.09512e+08, 
1.69609e+09, 1.73719e+09, 3.22666e+08, 2.70952e+08, 2.53534e+08, 2.27616e+08, 1.43971e+08, 1.23404e+08, 1.02836e+08, 8.22692e+07, 6.17019e+07, 4.11346e+07, 2.05673e+07, 0, 0, 0, 2.05673e+07, 4.11346e+07, 6.17019e+07, 8.22692e+07, 1.02836e+08, 1.85106e+08, 1.69054e+08, 1.53952e+08, 1.40068e+08, 1.27746e+08, 1.17402e+08, 
1.69702e+09, 1.7381e+09, 3.37623e+08, 2.88422e+08, 2.72045e+08, 2.47921e+08, 1.64538e+08, 1.43971e+08, 1.23404e+08, 1.02836e+08, 8.22692e+07, 6.17019e+07, 4.11346e+07, 2.05673e+07, 0, 0, 0, 2.05673e+07, 4.11346e+07, 6.17019e+07, 8.22692e+07, 2.01902e+08, 1.85106e+08, 1.69054e+08, 1.53952e+08, 1.40068e+08, 1.27746e+08, 
1.69821e+09, 1.73926e+09, 3.53113e+08, 3.06252e+08, 2.90815e+08, 2.68262e+08, 1.85106e+08, 1.64538e+08, 1.43971e+08, 1.23404e+08, 1.02836e+08, 8.22692e+07, 6.17019e+07, 4.11346e+07, 2.05673e+07, 0, 0, 0, 2.05673e+07, 4.11346e+07, 6.17019e+07, 2.19287e+08, 2.01902e+08, 1.85106e+08, 1.69054e+08, 1.53952e+08, 1.40068e+08, 
1.69963e+09, 1.74065e+09, 3.69073e+08, 3.24387e+08, 3.09799e+08, 2.88634e+08, 2.05673e+08, 1.85106e+08, 1.64538e+08, 1.43971e+08, 1.23404e+08, 1.02836e+08, 8.22692e+07, 6.17019e+07, 4.11346e+07, 2.05673e+07, 0, 0, 0, 2.05673e+07, 4.11346e+07, 2.3714e+08, 2.19287e+08, 2.01902e+08, 1.85106e+08, 1.69054e+08, 1.53952e+08, 
1.7013e+09, 1.74229e+09, 3.85448e+08, 3.42782e+08, 3.28962e+08, 3.0903e+08, 2.2624e+08, 2.05673e+08, 1.85106e+08, 1.64538e+08, 1.43971e+08, 1.23404e+08, 1.02836e+08, 8.22692e+07, 6.17019e+07, 4.11346e+07, 2.05673e+07, 0, 0, 0, 2.05673e+07, 2.55372e+08, 2.3714e+08, 2.19287e+08, 2.01902e+08, 1.85106e+08, 1.69054e+08, 
1.70322e+09, 1.74416e+09, 4.02189e+08, 3.61398e+08, 3.48276e+08, 3.29446e+08, 2.46808e+08, 2.2624e+08, 2.05673e+08, 1.85106e+08, 1.64538e+08, 1.43971e+08, 1.23404e+08, 1.02836e+08, 8.22692e+07, 6.17019e+07, 4.11346e+07, 2.05673e+07, 0, 0, 0, 2.73912e+08, 2.55372e+08, 2.3714e+08, 2.19287e+08, 2.01902e+08, 1.85106e+08, 
1.70538e+09, 1.74626e+09, 4.19256e+08, 3.80205e+08, 3.67719e+08, 3.49878e+08, 2.67375e+08, 2.46808e+08, 2.2624e+08, 2.05673e+08, 1.85106e+08, 1.64538e+08, 1.43971e+08, 1.23404e+08, 1.02836e+08, 8.22692e+07, 6.17019e+07, 4.11346e+07, 2.05673e+07, 0, 0, 2.92704e+08, 2.73912e+08, 2.55372e+08, 2.3714e+08, 2.19287e+08, 2.01902e+08, 
1.57427e+09, 1.61533e+09, 3.52206e+08, 2.72399e+08, 2.38948e+08, 1.62482e+08, 1.02836e+08, 1.04539e+08, 1.09512e+08, 1.17402e+08, 1.27746e+08, 1.40068e+08, 1.53952e+08, 1.69054e+08, 1.85106e+08, 2.01902e+08, 2.19287e+08, 2.3714e+08, 2.55372e+08, 2.73912e+08, 2.92704e+08, 0, 0, 2.05673e+07, 4.11346e+07, 6.17019e+07, 8.22692e+07, 
1.57316e+09, 1.61425e+09, 3.57166e+08, 2.78685e+08, 2.46023e+08, 1.72382e+08, 1.04539e+08, 1.02836e+08, 1.04539e+08, 1.09512e+08, 1.17402e+08, 1.27746e+08, 1.40068e+08, 1.53952e+08, 1.69054e+08, 1.85106e+08, 2.01902e+08, 2.19287e+08, 2.3714e+08, 2.55372e+08, 2.73912e+08, 0, 0, 0, 2.05673e+07, 4.11346e+07, 6.17019e+07, 
1.57231e+09, 1.61342e+09, 3.63166e+08, 2.86223e+08, 2.54458e+08, 1.83878e+08, 1.09512e+08, 1.04539e+08, 1.02836e+08, 1.04539e+08, 1.09512e+08, 1.17402e+08, 1.27746e+08, 1.40068e+08, 1.53952e+08, 1.69054e+08, 1.85106e+08, 2.01902e+08, 2.19287e+08, 2.3714e+08, 2.55372e+08, 2.05673e+07, 0, 0, 0, 2.05673e+07, 4.11346e+07, 
1.57173e+09, 1.61285e+09, 3.70157e+08, 2.94925e+08, 2.64132e+08, 1.96717e+08, 1.17402e+08, 1.09512e+08, 1.04539e+08, 1.02836e+08, 1.04539e+08, 1.09512e+08, 1.17402e+08, 1.27746e+08, 1.40068e+08, 1.53952e+08, 1.69054e+08, 1.85106e+08, 2.01902e+08, 2.19287e+08, 2.3714e+08, 4.11346e+07, 2.05673e+07, 0, 0, 0, 2.05673e+07, 
1.57141e+09, 1.61254e+09, 3.78088e+08, 3.04695e+08, 2.74923e+08, 2.10675e+08, 1.27746e+08, 1.17402e+08, 1.09512e+08, 1.04539e+08, 1.02836e+08, 1.04539e+08, 1.09512e+08, 1.17402e+08, 1.27746e+08, 1.40068e+08, 1.53952e+08, 1.69054e+08, 1.85106e+08, 2.01902e+08, 2.19287e+08, 6.17019e+07, 4.11346e+07, 2.05673e+07, 0, 0, 0, 
1.57135e+09, 1.61249e+09, 3.86904e+08, 3.15442e+08, 2.86713e+08, 2.25562e+08, 1.40068e+08, 1.27746e+08, 1.17402e+08, 1.09512e+08, 1.04539e+08, 1.02836e+08, 1.04539e+08, 1.09512e+08, 1.17402e+08, 1.27746e+08, 1.40068e+08, 1.53952e+08, 1.69054e+08, 1.85106e+08, 2.01902e+08, 8.22692e+07, 6.17019e+07, 4.11346e+07, 2.05673e+07, 0, 0, 
Optimal total distance (scaled) for 27 points: 3.87155e+09
Optimal total distance for 27 points: 546.705418
Corresponding path (0-indexed):
Point #26
Point #0
Point #1
Point #20
Point #19
Point #18
Point #17
Point #16
Point #15
Point #14
Point #13
Point #12
Point #11
Point #10
Point #9
Point #8
Point #7
Point #6
Point #2
Point #3
Point #4
Point #5
Point #21
Point #22
Point #23
Point #24
Point #25
Point #26
Execution time: 14791 ms

Elapsed time: 14791 ms


Execution #2/10000

Seed: 2
Estimated max possible cost 571.995680
for path: 
0 1 2 3 4 5 6 7 8 9 10 11 12 13 14 15 16 17 18 19 20 21 22 23 24 25 26 0
Execution time: 14869 ms

Elapsed time: 29660 ms


Terminating due to timeout: 29660 ms >= 20000 ms

Executed runs: 1/10000
Total execution time: 29.66 s
Avg execution time: 29660 ms
