Solving TSP


Execution #1/10000

Seed: 1
Estimated max possible cost 577.160984
for path: 
0 1 2 3 4 5 6 7 8 9 10 11 12 13 14 15 16 17 18 19 20 21 22 23 24 25 26 27 28 0
Memory needed for path: 1317415008 locs, for costs: 1048380480 locs.
Desired precision: 10000
Mem constraint for cost_t: 32 bits
Rounded to pow of 2 bytes mem constraint (capped at 64bits) for cost_t: 32 bits
Bits needed for an int to preserve precision: 23
Bits used per cost_t: 23
Selected cost_t = (u)int32_t
Solving with cost_t = j
Memory [GB] needed: 5.13246
Distances:
0, 5.08, 242.54, 232.423, 228.124, 218.013, 212.172, 212.044, 211.947, 211.88, 211.843, 211.837, 211.862, 211.917, 212.002, 212.117, 212.263, 212.44, 212.646, 212.882, 213.149, 196.958, 196.821, 196.716, 196.643, 196.604, 196.597, 196.624, 196.683, 
5.08, 0, 247.599, 237.481, 233.181, 223.068, 217.244, 217.119, 217.024, 216.959, 216.923, 216.917, 216.941, 216.995, 217.078, 217.191, 217.333, 217.505, 217.707, 217.938, 218.198, 202.029, 201.895, 201.793, 201.722, 201.684, 201.677, 201.703, 201.761, 
242.54, 247.599, 0, 10.16, 14.478, 24.638, 31.3255, 32.219, 33.2827, 34.501, 35.8581, 37.3389, 38.9292, 40.6162, 42.3883, 44.2354, 46.1484, 48.1194, 50.1417, 52.2092, 54.3168, 46.0364, 46.649, 47.3899, 48.2533, 49.2328, 50.3215, 51.5126, 52.799, 
232.423, 237.481, 10.16, 0, 4.318, 14.478, 21.9236, 23.1823, 24.6393, 26.2617, 28.0207, 29.8922, 31.8565, 33.8973, 36.0018, 38.1592, 40.3612, 42.6009, 44.8725, 47.1716, 49.4942, 36.1805, 36.9568, 37.8877, 38.9623, 40.169, 41.4962, 42.9328, 44.4681, 
228.124, 233.181, 14.478, 4.318, 0, 10.16, 18.1765, 19.6764, 21.3738, 23.2254, 25.1973, 27.2633, 29.4037, 31.6034, 33.8507, 36.1368, 38.4548, 40.7992, 43.1658, 45.5511, 47.9522, 32.0493, 32.9231, 33.9648, 35.1595, 36.4921, 37.9481, 39.5139, 41.177, 
218.013, 223.068, 24.638, 14.478, 10.16, 0, 11.1326, 13.4428, 15.8236, 18.2474, 20.6991, 23.1698, 25.654, 28.1482, 30.6499, 33.1575, 35.6696, 38.1854, 40.7042, 43.2255, 45.7489, 22.606, 23.8287, 25.2484, 26.834, 28.5578, 30.3963, 32.3299, 34.3426, 
212.172, 217.244, 31.3255, 21.9236, 18.1765, 11.1326, 0, 2.54, 5.08, 7.62, 10.16, 12.7, 15.24, 17.78, 20.32, 22.86, 25.4, 27.94, 30.48, 33.02, 35.56, 15.24, 15.4502, 16.0644, 17.0388, 18.3162, 19.838, 21.5526, 23.4176, 
212.044, 217.119, 32.219, 23.1823, 19.6764, 13.4428, 2.54, 0, 2.54, 5.08, 7.62, 10.16, 12.7, 15.24, 17.78, 20.32, 22.86, 25.4, 27.94, 30.48, 33.02, 15.4502, 15.24, 15.4502, 16.0644, 17.0388, 18.3162, 19.838, 21.5526, 
211.947, 217.024, 33.2827, 24.6393, 21.3738, 15.8236, 5.08, 2.54, 0, 2.54, 5.08, 7.62, 10.16, 12.7, 15.24, 17.78, 20.32, 22.86, 25.4, 27.94, 30.48, 16.0644, 15.4502, 15.24, 15.4502, 16.0644, 17.0388, 18.3162, 19.838, 
211.88, 216.959, 34.501, 26.2617, 23.2254, 18.2474, 7.62, 5.08, 2.54, 0, 2.54, 5.08, 7.62, 10.16, 12.7, 15.24, 17.78, 20.32, 22.86, 25.4, 27.94, 17.0388, 16.0644, 15.4502, 15.24, 15.4502, 16.0644, 17.0388, 18.3162, 
211.843, 216.923, 35.8581, 28.0207, 25.1973, 20.6991, 10.16, 7.62, 5.08, 2.54, 0, 2.54, 5.08, 7.62, 10.16, 12.7, 15.24, 17.78, 20.32, 22.86, 25.4, 18.3162, 17.0388, 16.0644, 15.4502, 15.24, 15.4502, 16.0644, 17.0388, 
211.837, 216.917, 37.3389, 29.8922, 27.2633, 23.1698, 12.7, 10.16, 7.62, 5.08, 2.54, 0, 2.54, 5.08, 7.62, 10.16, 12.7, 15.24, 17.78, 20.32, 22.86, 19.838, 18.3162, 17.0388, 16.0644, 15.4502, 15.24, 15.4502, 16.0644, 
211.862, 216.941, 38.9292, 31.8565, 29.4037, 25.654, 15.24, 12.7, 10.16, 7.62, 5.08, 2.54, 0, 2.54, 5.08, 7.62, 10.16, 12.7, 15.24, 17.78, 20.32, 21.5526, 19.838, 18.3162, 17.0388, 16.0644, 15.4502, 15.24, 15.4502, 
211.917, 216.995, 40.6162, 33.8973, 31.6034, 28.1482, 17.78, 15.24, 12.7, 10.16, 7.62, 5.08, 2.54, 0, 2.54, 5.08, 7.62, 10.16, 12.7, 15.24, 17.78, 23.4176, 21.5526, 19.838, 18.3162, 17.0388, 16.0644, 15.4502, 15.24, 
212.002, 217.078, 42.3883, 36.0018, 33.8507, 30.6499, 20.32, 17.78, 15.24, 12.7, 10.16, 7.62, 5.08, 2.54, 0, 2.54, 5.08, 7.62, 10.16, 12.7, 15.24, 25.4, 23.4176, 21.5526, 19.838, 18.3162, 17.0388, 16.0644, 15.4502, 
212.117, 217.191, 44.2354, 38.1592, 36.1368, 33.1575, 22.86, 20.32, 17.78, 15.24, 12.7, 10.16, 7.62, 5.08, 2.54, 0, 2.54, 5.08, 7.62, 10.16, 12.7, 27.4743, 25.4, 23.4176, 21.5526, 19.838, 18.3162, 17.0388, 16.0644, 
212.263, 217.333, 46.1484, 40.3612, 38.4548, 35.6696, 25.4, 22.86, 20.32, 17.78, 15.24, 12.7, 10.16, 7.62, 5.08, 2.54, 0, 2.54, 5.08, 7.62, 10.16, 29.6212, 27.4743, 25.4, 23.4176, 21.5526, 19.838, 18.3162, 17.0388, 
212.44, 217.505, 48.1194, 42.6009, 40.7992, 38.1854, 27.94, 25.4, 22.86, 20.32, 17.78, 15.24, 12.7, 10.16, 7.62, 5.08, 2.54, 0, 2.54, 5.08, 7.62, 31.8261, 29.6212, 27.4743, 25.4, 23.4176, 21.5526, 19.838, 18.3162, 
212.646, 217.707, 50.1417, 44.8725, 43.1658, 40.7042, 30.48, 27.94, 25.4, 22.86, 20.32, 17.78, 15.24, 12.7, 10.16, 7.62, 5.08, 2.54, 0, 2.54, 5.08, 34.0777, 31.8261, 29.6212, 27.4743, 25.4, 23.4176, 21.5526, 19.838, 
212.882, 217.938, 52.2092, 47.1716, 45.5511, 43.2255, 33.02, 30.48, 27.94, 25.4, 22.86, 20.32, 17.78, 15.24, 12.7, 10.16, 7.62, 5.08, 2.54, 0, 2.54, 36.3673, 34.0777, 31.8261, 29.6212, 27.4743, 25.4, 23.4176, 21.5526, 
213.149, 218.198, 54.3168, 49.4942, 47.9522, 45.7489, 35.56, 33.02, 30.48, 27.94, 25.4, 22.86, 20.32, 17.78, 15.24, 12.7, 10.16, 7.62, 5.08, 2.54, 0, 38.6881, 36.3673, 34.0777, 31.8261, 29.6212, 27.4743, 25.4, 23.4176, 
196.958, 202.029, 46.0364, 36.1805, 32.0493, 22.606, 15.24, 15.4502, 16.0644, 17.0388, 18.3162, 19.838, 21.5526, 23.4176, 25.4, 27.4743, 29.6212, 31.8261, 34.0777, 36.3673, 38.6881, 0, 2.54, 5.08, 7.62, 10.16, 12.7, 15.24, 17.78, 
196.821, 201.895, 46.649, 36.9568, 32.9231, 23.8287, 15.4502, 15.24, 15.4502, 16.0644, 17.0388, 18.3162, 19.838, 21.5526, 23.4176, 25.4, 27.4743, 29.6212, 31.8261, 34.0777, 36.3673, 2.54, 0, 2.54, 5.08, 7.62, 10.16, 12.7, 15.24, 
196.716, 201.793, 47.3899, 37.8877, 33.9648, 25.2484, 16.0644, 15.4502, 15.24, 15.4502, 16.0644, 17.0388, 18.3162, 19.838, 21.5526, 23.4176, 25.4, 27.4743, 29.6212, 31.8261, 34.0777, 5.08, 2.54, 0, 2.54, 5.08, 7.62, 10.16, 12.7, 
196.643, 201.722, 48.2533, 38.9623, 35.1595, 26.834, 17.0388, 16.0644, 15.4502, 15.24, 15.4502, 16.0644, 17.0388, 18.3162, 19.838, 21.5526, 23.4176, 25.4, 27.4743, 29.6212, 31.8261, 7.62, 5.08, 2.54, 0, 2.54, 5.08, 7.62, 10.16, 
196.604, 201.684, 49.2328, 40.169, 36.4921, 28.5578, 18.3162, 17.0388, 16.0644, 15.4502, 15.24, 15.4502, 16.0644, 17.0388, 18.3162, 19.838, 21.5526, 23.4176, 25.4, 27.4743, 29.6212, 10.16, 7.62, 5.08, 2.54, 0, 2.54, 5.08, 7.62, 
196.597, 201.677, 50.3215, 41.4962, 37.9481, 30.3963, 19.838, 18.3162, 17.0388, 16.0644, 15.4502, 15.24, 15.4502, 16.0644, 17.0388, 18.3162, 19.838, 21.5526, 23.4176, 25.4, 27.4743, 12.7, 10.16, 7.62, 5.08, 2.54, 0, 2.54, 5.08, 
196.624, 201.703, 51.5126, 42.9328, 39.5139, 32.3299, 21.5526, 19.838, 18.3162, 17.0388, 16.0644, 15.4502, 15.24, 15.4502, 16.0644, 17.0388, 18.3162, 19.838, 21.5526, 23.4176, 25.4, 15.24, 12.7, 10.16, 7.62, 5.08, 2.54, 0, 2.54, 
196.683, 201.761, 52.799, 44.4681, 41.177, 34.3426, 23.4176, 21.5526, 19.838, 18.3162, 17.0388, 16.0644, 15.4502, 15.24, 15.4502, 16.0644, 17.0388, 18.3162, 19.838, 21.5526, 23.4176, 17.78, 15.24, 12.7, 10.16, 7.62, 5.08, 2.54, 0, 
Scaled Distances:
0, 2.04868e+07, 1.93575e+09, 1.85415e+09, 1.81948e+09, 1.73793e+09, 1.69082e+09, 1.68979e+09, 1.689e+09, 1.68846e+09, 1.68817e+09, 1.68812e+09, 1.68832e+09, 1.68876e+09, 1.68945e+09, 1.69038e+09, 1.69156e+09, 1.69298e+09, 1.69464e+09, 1.69655e+09, 1.6987e+09, 1.56811e+09, 1.567e+09, 1.56615e+09, 1.56557e+09, 1.56525e+09, 1.5652e+09, 1.56541e+09, 1.56589e+09, 
2.04868e+07, 0, 1.97656e+09, 1.89495e+09, 1.86027e+09, 1.7787e+09, 1.73173e+09, 1.73072e+09, 1.72996e+09, 1.72943e+09, 1.72914e+09, 1.72909e+09, 1.72928e+09, 1.72972e+09, 1.73039e+09, 1.7313e+09, 1.73245e+09, 1.73384e+09, 1.73546e+09, 1.73733e+09, 1.73943e+09, 1.60901e+09, 1.60793e+09, 1.6071e+09, 1.60653e+09, 1.60622e+09, 1.60617e+09, 1.60638e+09, 1.60684e+09, 
1.93575e+09, 1.97656e+09, 0, 6.14603e+07, 9.62877e+07, 1.78235e+08, 2.32174e+08, 2.3938e+08, 2.4796e+08, 2.57786e+08, 2.68732e+08, 2.80675e+08, 2.93502e+08, 3.07109e+08, 3.21403e+08, 3.363e+08, 3.5173e+08, 3.67628e+08, 3.83939e+08, 4.00614e+08, 4.17614e+08, 3.50827e+08, 3.55767e+08, 3.61744e+08, 3.68708e+08, 3.76608e+08, 3.85389e+08, 3.94996e+08, 4.05372e+08, 
1.85415e+09, 1.89495e+09, 6.14603e+07, 0, 1.43407e+07, 9.62877e+07, 1.56341e+08, 1.66493e+08, 1.78245e+08, 1.91331e+08, 2.05518e+08, 2.20614e+08, 2.36457e+08, 2.52917e+08, 2.69891e+08, 2.87292e+08, 3.05053e+08, 3.23117e+08, 3.41439e+08, 3.59983e+08, 3.78716e+08, 2.71333e+08, 2.77594e+08, 2.85103e+08, 2.9377e+08, 3.03502e+08, 3.14207e+08, 3.25794e+08, 3.38178e+08, 
1.81948e+09, 1.86027e+09, 9.62877e+07, 1.43407e+07, 0, 6.14603e+07, 1.26119e+08, 1.38216e+08, 1.51907e+08, 1.66841e+08, 1.82746e+08, 1.9941e+08, 2.16673e+08, 2.34415e+08, 2.52541e+08, 2.7098e+08, 2.89676e+08, 3.08586e+08, 3.27674e+08, 3.46912e+08, 3.66279e+08, 2.38012e+08, 2.4506e+08, 2.53462e+08, 2.63098e+08, 2.73846e+08, 2.8559e+08, 2.98219e+08, 3.11633e+08, 
1.73793e+09, 1.7787e+09, 1.78235e+08, 9.62877e+07, 6.14603e+07, 0, 6.93051e+07, 8.79383e+07, 1.07141e+08, 1.2669e+08, 1.46465e+08, 1.66392e+08, 1.86429e+08, 2.06547e+08, 2.26725e+08, 2.4695e+08, 2.67212e+08, 2.87503e+08, 3.07819e+08, 3.28155e+08, 3.48508e+08, 1.61845e+08, 1.71707e+08, 1.83158e+08, 1.95947e+08, 2.0985e+08, 2.24679e+08, 2.40275e+08, 2.56509e+08, 
1.69082e+09, 1.73173e+09, 2.32174e+08, 1.56341e+08, 1.26119e+08, 6.93051e+07, 0, 0, 2.04868e+07, 4.09735e+07, 6.14603e+07, 8.1947e+07, 1.02434e+08, 1.22921e+08, 1.43407e+08, 1.63894e+08, 1.84381e+08, 2.04868e+08, 2.25354e+08, 2.45841e+08, 2.66328e+08, 1.02434e+08, 1.04129e+08, 1.09083e+08, 1.16943e+08, 1.27245e+08, 1.3952e+08, 1.53349e+08, 1.68392e+08, 
1.68979e+09, 1.73072e+09, 2.3938e+08, 1.66493e+08, 1.38216e+08, 8.79383e+07, 0, 0, 0, 2.04868e+07, 4.09735e+07, 6.14603e+07, 8.1947e+07, 1.02434e+08, 1.22921e+08, 1.43407e+08, 1.63894e+08, 1.84381e+08, 2.04868e+08, 2.25354e+08, 2.45841e+08, 1.04129e+08, 1.02434e+08, 1.04129e+08, 1.09083e+08, 1.16943e+08, 1.27245e+08, 1.3952e+08, 1.53349e+08, 
1.689e+09, 1.72996e+09, 2.4796e+08, 1.78245e+08, 1.51907e+08, 1.07141e+08, 2.04868e+07, 0, 0, 0, 2.04868e+07, 4.09735e+07, 6.14603e+07, 8.1947e+07, 1.02434e+08, 1.22921e+08, 1.43407e+08, 1.63894e+08, 1.84381e+08, 2.04868e+08, 2.25354e+08, 1.09083e+08, 1.04129e+08, 1.02434e+08, 1.04129e+08, 1.09083e+08, 1.16943e+08, 1.27245e+08, 1.3952e+08, 
1.68846e+09, 1.72943e+09, 2.57786e+08, 1.91331e+08, 1.66841e+08, 1.2669e+08, 4.09735e+07, 2.04868e+07, 0, 0, 0, 2.04868e+07, 4.09735e+07, 6.14603e+07, 8.1947e+07, 1.02434e+08, 1.22921e+08, 1.43407e+08, 1.63894e+08, 1.84381e+08, 2.04868e+08, 1.16943e+08, 1.09083e+08, 1.04129e+08, 1.02434e+08, 1.04129e+08, 1.09083e+08, 1.16943e+08, 1.27245e+08, 
1.68817e+09, 1.72914e+09, 2.68732e+08, 2.05518e+08, 1.82746e+08, 1.46465e+08, 6.14603e+07, 4.09735e+07, 2.04868e+07, 0, 0, 0, 2.04868e+07, 4.09735e+07, 6.14603e+07, 8.1947e+07, 1.02434e+08, 1.22921e+08, 1.43407e+08, 1.63894e+08, 1.84381e+08, 1.27245e+08, 1.16943e+08, 1.09083e+08, 1.04129e+08, 1.02434e+08, 1.04129e+08, 1.09083e+08, 1.16943e+08, 
1.68812e+09, 1.72909e+09, 2.80675e+08, 2.20614e+08, 1.9941e+08, 1.66392e+08, 8.1947e+07, 6.14603e+07, 4.09735e+07, 2.04868e+07, 0, 0, 0, 2.04868e+07, 4.09735e+07, 6.14603e+07, 8.1947e+07, 1.02434e+08, 1.22921e+08, 1.43407e+08, 1.63894e+08, 1.3952e+08, 1.27245e+08, 1.16943e+08, 1.09083e+08, 1.04129e+08, 1.02434e+08, 1.04129e+08, 1.09083e+08, 
1.68832e+09, 1.72928e+09, 2.93502e+08, 2.36457e+08, 2.16673e+08, 1.86429e+08, 1.02434e+08, 8.1947e+07, 6.14603e+07, 4.09735e+07, 2.04868e+07, 0, 0, 0, 2.04868e+07, 4.09735e+07, 6.14603e+07, 8.1947e+07, 1.02434e+08, 1.22921e+08, 1.43407e+08, 1.53349e+08, 1.3952e+08, 1.27245e+08, 1.16943e+08, 1.09083e+08, 1.04129e+08, 1.02434e+08, 1.04129e+08, 
1.68876e+09, 1.72972e+09, 3.07109e+08, 2.52917e+08, 2.34415e+08, 2.06547e+08, 1.22921e+08, 1.02434e+08, 8.1947e+07, 6.14603e+07, 4.09735e+07, 2.04868e+07, 0, 0, 0, 2.04868e+07, 4.09735e+07, 6.14603e+07, 8.1947e+07, 1.02434e+08, 1.22921e+08, 1.68392e+08, 1.53349e+08, 1.3952e+08, 1.27245e+08, 1.16943e+08, 1.09083e+08, 1.04129e+08, 1.02434e+08, 
1.68945e+09, 1.73039e+09, 3.21403e+08, 2.69891e+08, 2.52541e+08, 2.26725e+08, 1.43407e+08, 1.22921e+08, 1.02434e+08, 8.1947e+07, 6.14603e+07, 4.09735e+07, 2.04868e+07, 0, 0, 0, 2.04868e+07, 4.09735e+07, 6.14603e+07, 8.1947e+07, 1.02434e+08, 1.84381e+08, 1.68392e+08, 1.53349e+08, 1.3952e+08, 1.27245e+08, 1.16943e+08, 1.09083e+08, 1.04129e+08, 
1.69038e+09, 1.7313e+09, 3.363e+08, 2.87292e+08, 2.7098e+08, 2.4695e+08, 1.63894e+08, 1.43407e+08, 1.22921e+08, 1.02434e+08, 8.1947e+07, 6.14603e+07, 4.09735e+07, 2.04868e+07, 0, 0, 0, 2.04868e+07, 4.09735e+07, 6.14603e+07, 8.1947e+07, 2.01111e+08, 1.84381e+08, 1.68392e+08, 1.53349e+08, 1.3952e+08, 1.27245e+08, 1.16943e+08, 1.09083e+08, 
1.69156e+09, 1.73245e+09, 3.5173e+08, 3.05053e+08, 2.89676e+08, 2.67212e+08, 1.84381e+08, 1.63894e+08, 1.43407e+08, 1.22921e+08, 1.02434e+08, 8.1947e+07, 6.14603e+07, 4.09735e+07, 2.04868e+07, 0, 0, 0, 2.04868e+07, 4.09735e+07, 6.14603e+07, 2.18428e+08, 2.01111e+08, 1.84381e+08, 1.68392e+08, 1.53349e+08, 1.3952e+08, 1.27245e+08, 1.16943e+08, 
1.69298e+09, 1.73384e+09, 3.67628e+08, 3.23117e+08, 3.08586e+08, 2.87503e+08, 2.04868e+08, 1.84381e+08, 1.63894e+08, 1.43407e+08, 1.22921e+08, 1.02434e+08, 8.1947e+07, 6.14603e+07, 4.09735e+07, 2.04868e+07, 0, 0, 0, 2.04868e+07, 4.09735e+07, 2.36212e+08, 2.18428e+08, 2.01111e+08, 1.84381e+08, 1.68392e+08, 1.53349e+08, 1.3952e+08, 1.27245e+08, 
1.69464e+09, 1.73546e+09, 3.83939e+08, 3.41439e+08, 3.27674e+08, 3.07819e+08, 2.25354e+08, 2.04868e+08, 1.84381e+08, 1.63894e+08, 1.43407e+08, 1.22921e+08, 1.02434e+08, 8.1947e+07, 6.14603e+07, 4.09735e+07, 2.04868e+07, 0, 0, 0, 2.04868e+07, 2.54372e+08, 2.36212e+08, 2.18428e+08, 2.01111e+08, 1.84381e+08, 1.68392e+08, 1.53349e+08, 1.3952e+08, 
1.69655e+09, 1.73733e+09, 4.00614e+08, 3.59983e+08, 3.46912e+08, 3.28155e+08, 2.45841e+08, 2.25354e+08, 2.04868e+08, 1.84381e+08, 1.63894e+08, 1.43407e+08, 1.22921e+08, 1.02434e+08, 8.1947e+07, 6.14603e+07, 4.09735e+07, 2.04868e+07, 0, 0, 0, 2.72839e+08, 2.54372e+08, 2.36212e+08, 2.18428e+08, 2.01111e+08, 1.84381e+08, 1.68392e+08, 1.53349e+08, 
1.6987e+09, 1.73943e+09, 4.17614e+08, 3.78716e+08, 3.66279e+08, 3.48508e+08, 2.66328e+08, 2.45841e+08, 2.25354e+08, 2.04868e+08, 1.84381e+08, 1.63894e+08, 1.43407e+08, 1.22921e+08, 1.02434e+08, 8.1947e+07, 6.14603e+07, 4.09735e+07, 2.04868e+07, 0, 0, 2.91558e+08, 2.72839e+08, 2.54372e+08, 2.36212e+08, 2.18428e+08, 2.01111e+08, 1.84381e+08, 1.68392e+08, 
1.56811e+09, 1.60901e+09, 3.50827e+08, 2.71333e+08, 2.38012e+08, 1.61845e+08, 1.02434e+08, 1.04129e+08, 1.09083e+08, 1.16943e+08, 1.27245e+08, 1.3952e+08, 1.53349e+08, 1.68392e+08, 1.84381e+08, 2.01111e+08, 2.18428e+08, 2.36212e+08, 2.54372e+08, 2.72839e+08, 2.91558e+08, 0, 0, 2.04868e+07, 4.09735e+07, 6.14603e+07, 8.1947e+07, 1.02434e+08, 1.22921e+08, 
1.567e+09, 1.60793e+09, 3.55767e+08, 2.77594e+08, 2.4506e+08, 1.71707e+08, 1.04129e+08, 1.02434e+08, 1.04129e+08, 1.09083e+08, 1.16943e+08, 1.27245e+08, 1.3952e+08, 1.53349e+08, 1.68392e+08, 1.84381e+08, 2.01111e+08, 2.18428e+08, 2.36212e+08, 2.54372e+08, 2.72839e+08, 0, 0, 0, 2.04868e+07, 4.09735e+07, 6.14603e+07, 8.1947e+07, 1.02434e+08, 
1.56615e+09, 1.6071e+09, 3.61744e+08, 2.85103e+08, 2.53462e+08, 1.83158e+08, 1.09083e+08, 1.04129e+08, 1.02434e+08, 1.04129e+08, 1.09083e+08, 1.16943e+08, 1.27245e+08, 1.3952e+08, 1.53349e+08, 1.68392e+08, 1.84381e+08, 2.01111e+08, 2.18428e+08, 2.36212e+08, 2.54372e+08, 2.04868e+07, 0, 0, 0, 2.04868e+07, 4.09735e+07, 6.14603e+07, 8.1947e+07, 
1.56557e+09, 1.60653e+09, 3.68708e+08, 2.9377e+08, 2.63098e+08, 1.95947e+08, 1.16943e+08, 1.09083e+08, 1.04129e+08, 1.02434e+08, 1.04129e+08, 1.09083e+08, 1.16943e+08, 1.27245e+08, 1.3952e+08, 1.53349e+08, 1.68392e+08, 1.84381e+08, 2.01111e+08, 2.18428e+08, 2.36212e+08, 4.09735e+07, 2.04868e+07, 0, 0, 0, 2.04868e+07, 4.09735e+07, 6.14603e+07, 
1.56525e+09, 1.60622e+09, 3.76608e+08, 3.03502e+08, 2.73846e+08, 2.0985e+08, 1.27245e+08, 1.16943e+08, 1.09083e+08, 1.04129e+08, 1.02434e+08, 1.04129e+08, 1.09083e+08, 1.16943e+08, 1.27245e+08, 1.3952e+08, 1.53349e+08, 1.68392e+08, 1.84381e+08, 2.01111e+08, 2.18428e+08, 6.14603e+07, 4.09735e+07, 2.04868e+07, 0, 0, 0, 2.04868e+07, 4.09735e+07, 
1.5652e+09, 1.60617e+09, 3.85389e+08, 3.14207e+08, 2.8559e+08, 2.24679e+08, 1.3952e+08, 1.27245e+08, 1.16943e+08, 1.09083e+08, 1.04129e+08, 1.02434e+08, 1.04129e+08, 1.09083e+08, 1.16943e+08, 1.27245e+08, 1.3952e+08, 1.53349e+08, 1.68392e+08, 1.84381e+08, 2.01111e+08, 8.1947e+07, 6.14603e+07, 4.09735e+07, 2.04868e+07, 0, 0, 0, 2.04868e+07, 
1.56541e+09, 1.60638e+09, 3.94996e+08, 3.25794e+08, 2.98219e+08, 2.40275e+08, 1.53349e+08, 1.3952e+08, 1.27245e+08, 1.16943e+08, 1.09083e+08, 1.04129e+08, 1.02434e+08, 1.04129e+08, 1.09083e+08, 1.16943e+08, 1.27245e+08, 1.3952e+08, 1.53349e+08, 1.68392e+08, 1.84381e+08, 1.02434e+08, 8.1947e+07, 6.14603e+07, 4.09735e+07, 2.04868e+07, 0, 0, 0, 
1.56589e+09, 1.60684e+09, 4.05372e+08, 3.38178e+08, 3.11633e+08, 2.56509e+08, 1.68392e+08, 1.53349e+08, 1.3952e+08, 1.27245e+08, 1.16943e+08, 1.09083e+08, 1.04129e+08, 1.02434e+08, 1.04129e+08, 1.09083e+08, 1.16943e+08, 1.27245e+08, 1.3952e+08, 1.53349e+08, 1.68392e+08, 1.22921e+08, 1.02434e+08, 8.1947e+07, 6.14603e+07, 4.09735e+07, 2.04868e+07, 0, 0, 
Optimal total distance (scaled) for 29 points: 3.85708e+09
Optimal total distance for 29 points: 551.870722
Corresponding path (0-indexed):
Point #28
Point #0
Point #1
Point #20
Point #19
Point #18
Point #17
Point #16
Point #15
Point #14
Point #13
Point #12
Point #11
Point #10
Point #9
Point #8
Point #7
Point #6
Point #2
Point #3
Point #4
Point #5
Point #21
Point #22
Point #23
Point #24
Point #25
Point #26
Point #27
Point #28
Execution time: 52416 ms

Elapsed time: 52416 ms


Terminating due to timeout: 52416 ms >= 20000 ms

Executed runs: 1/10000
Total execution time: 52.416 s
Avg execution time: 52416 ms
