Solving TSP


Execution #1/1

Seed: 1
Estimated max possible cost 92.000000
for path: 
3 9 2 1 7 0 6 5 8 4 3
Memory needed for path: 2142 locs, for costs: 1134 locs.
Desired precision: 10000
Mem constraint for cost_t: 32 bits
Rounded to pow of 2 bytes mem constraint (capped at 64bits) for cost_t: 32 bits
Bits needed for an int to preserve precision: 20
Bits used per cost_t: 20
Selected cost_t = (u)int32_t
Solving with cost_t = j
Memory [GB] needed: 6.21937e-06
Distances:
9999, 3, 5, 48, 48, 8, 8, 5, 5, 3, 
3, 9999, 3, 48, 48, 8, 8, 5, 5, 0, 
5, 3, 9999, 72, 72, 48, 48, 24, 24, 3, 
48, 48, 74, 9999, 0, 6, 6, 12, 12, 48, 
48, 48, 74, 0, 9999, 6, 6, 12, 12, 48, 
8, 8, 50, 6, 6, 9999, 0, 8, 8, 8, 
8, 8, 50, 6, 6, 0, 9999, 8, 8, 8, 
5, 5, 26, 12, 12, 8, 8, 9999, 0, 5, 
5, 5, 26, 12, 12, 8, 8, 0, 9999, 5, 
3, 0, 3, 48, 48, 8, 8, 5, 5, 9999, 
Scaled Distances:
4.29497e+09, 1.26323e+08, 2.10538e+08, 2.02116e+09, 2.02116e+09, 3.3686e+08, 3.3686e+08, 2.10538e+08, 2.10538e+08, 1.26323e+08, 
1.26323e+08, 4.29497e+09, 1.26323e+08, 2.02116e+09, 2.02116e+09, 3.3686e+08, 3.3686e+08, 2.10538e+08, 2.10538e+08, 0, 
2.10538e+08, 1.26323e+08, 4.29497e+09, 3.03174e+09, 3.03174e+09, 2.02116e+09, 2.02116e+09, 1.01058e+09, 1.01058e+09, 1.26323e+08, 
2.02116e+09, 2.02116e+09, 3.11596e+09, 4.29497e+09, 0, 2.52645e+08, 2.52645e+08, 5.0529e+08, 5.0529e+08, 2.02116e+09, 
2.02116e+09, 2.02116e+09, 3.11596e+09, 0, 4.29497e+09, 2.52645e+08, 2.52645e+08, 5.0529e+08, 5.0529e+08, 2.02116e+09, 
3.3686e+08, 3.3686e+08, 2.10538e+09, 2.52645e+08, 2.52645e+08, 4.29497e+09, 0, 3.3686e+08, 3.3686e+08, 3.3686e+08, 
3.3686e+08, 3.3686e+08, 2.10538e+09, 2.52645e+08, 2.52645e+08, 0, 4.29497e+09, 3.3686e+08, 3.3686e+08, 3.3686e+08, 
2.10538e+08, 2.10538e+08, 1.0948e+09, 5.0529e+08, 5.0529e+08, 3.3686e+08, 3.3686e+08, 4.29497e+09, 0, 2.10538e+08, 
2.10538e+08, 2.10538e+08, 1.0948e+09, 5.0529e+08, 5.0529e+08, 3.3686e+08, 3.3686e+08, 0, 4.29497e+09, 2.10538e+08, 
1.26323e+08, 0, 1.26323e+08, 2.02116e+09, 2.02116e+09, 3.3686e+08, 3.3686e+08, 2.10538e+08, 2.10538e+08, 4.29497e+09, 
Optimal total distance (scaled) for 10 points: 1.64219e+09
Optimal total distance for 10 points: 39.000000
Corresponding path (0-indexed):
Point #9
Point #1
Point #2
Point #0
Point #6
Point #5
Point #4
Point #3
Point #7
Point #8
Point #9
Execution time: 0 ms

Elapsed time: 0 ms
Executed runs: 1/1
Total execution time: 0 s
Avg execution time: 0 ms
