Solving TSP


Execution #1/1

Seed: 1
Estimated max possible cost 100.000000
for path: 
0 1 2 3 4 5 6 7 8 9 10 0
Memory needed for path: 4920 locs, for costs: 2520 locs.
Desired precision: 10000
Mem constraint for cost_t: 32 bits
Rounded to pow of 2 bytes mem constraint (capped at 64bits) for cost_t: 32 bits
Bits needed for an int to preserve precision: 20
Bits used per cost_t: 20
Selected cost_t = (u)int32_t
Solving with cost_t = j
Memory [GB] needed: 1.39698e-05
Distances:
9999, 3, 5, 48, 48, 8, 8, 5, 5, 3, 3, 
3, 9999, 3, 48, 48, 8, 8, 5, 5, 0, 0, 
5, 3, 9999, 72, 72, 48, 48, 24, 24, 3, 3, 
48, 48, 74, 9999, 0, 6, 6, 12, 12, 48, 48, 
48, 48, 74, 0, 9999, 6, 6, 12, 12, 48, 48, 
8, 8, 50, 6, 6, 9999, 0, 8, 8, 8, 8, 
8, 8, 50, 6, 6, 0, 9999, 8, 8, 8, 8, 
5, 5, 26, 12, 12, 8, 8, 9999, 0, 5, 5, 
5, 5, 26, 12, 12, 8, 8, 0, 9999, 5, 5, 
3, 0, 3, 48, 48, 8, 8, 5, 5, 9999, 0, 
3, 0, 3, 48, 48, 8, 8, 5, 5, 0, 9999, 
Scaled Distances:
4.29497e+09, 1.1608e+08, 1.93467e+08, 1.85728e+09, 1.85728e+09, 3.09547e+08, 3.09547e+08, 1.93467e+08, 1.93467e+08, 1.1608e+08, 1.1608e+08, 
1.1608e+08, 4.29497e+09, 1.1608e+08, 1.85728e+09, 1.85728e+09, 3.09547e+08, 3.09547e+08, 1.93467e+08, 1.93467e+08, 0, 0, 
1.93467e+08, 1.1608e+08, 4.29497e+09, 2.78592e+09, 2.78592e+09, 1.85728e+09, 1.85728e+09, 9.28641e+08, 9.28641e+08, 1.1608e+08, 1.1608e+08, 
1.85728e+09, 1.85728e+09, 2.86331e+09, 4.29497e+09, 0, 2.3216e+08, 2.3216e+08, 4.64321e+08, 4.64321e+08, 1.85728e+09, 1.85728e+09, 
1.85728e+09, 1.85728e+09, 2.86331e+09, 0, 4.29497e+09, 2.3216e+08, 2.3216e+08, 4.64321e+08, 4.64321e+08, 1.85728e+09, 1.85728e+09, 
3.09547e+08, 3.09547e+08, 1.93467e+09, 2.3216e+08, 2.3216e+08, 4.29497e+09, 0, 3.09547e+08, 3.09547e+08, 3.09547e+08, 3.09547e+08, 
3.09547e+08, 3.09547e+08, 1.93467e+09, 2.3216e+08, 2.3216e+08, 0, 4.29497e+09, 3.09547e+08, 3.09547e+08, 3.09547e+08, 3.09547e+08, 
1.93467e+08, 1.93467e+08, 1.00603e+09, 4.64321e+08, 4.64321e+08, 3.09547e+08, 3.09547e+08, 4.29497e+09, 0, 1.93467e+08, 1.93467e+08, 
1.93467e+08, 1.93467e+08, 1.00603e+09, 4.64321e+08, 4.64321e+08, 3.09547e+08, 3.09547e+08, 0, 4.29497e+09, 1.93467e+08, 1.93467e+08, 
1.1608e+08, 0, 1.1608e+08, 1.85728e+09, 1.85728e+09, 3.09547e+08, 3.09547e+08, 1.93467e+08, 1.93467e+08, 4.29497e+09, 0, 
1.1608e+08, 0, 1.1608e+08, 1.85728e+09, 1.85728e+09, 3.09547e+08, 3.09547e+08, 1.93467e+08, 1.93467e+08, 0, 4.29497e+09, 
Optimal total distance (scaled) for 11 points: 1.50904e+09
Optimal total distance for 11 points: 39.000000
Corresponding path (0-indexed):
Point #10
Point #8
Point #7
Point #4
Point #3
Point #6
Point #5
Point #0
Point #2
Point #1
Point #9
Point #10
Execution time: 0 ms

Elapsed time: 0 ms
Executed runs: 1/1
Total execution time: 0 s
Avg execution time: 0 ms
