Solving TSP


Execution #1/1

Seed: 1
Estimated max possible cost 90.000000
for path: 
8 7 3 4 6 1 2 5 0 8
Memory needed for path: 896 locs, for costs: 560 locs.
Desired precision: 10000
Mem constraint for cost_t: 32 bits
Rounded to pow of 2 bytes mem constraint (capped at 64bits) for cost_t: 32 bits
Bits needed for an int to preserve precision: 20
Bits used per cost_t: 20
Selected cost_t = (u)int32_t
Solving with cost_t = j
Memory [GB] needed: 2.92063e-06
Distances:
9999, 3, 5, 48, 48, 8, 8, 5, 5, 
3, 9999, 3, 48, 48, 8, 8, 5, 5, 
5, 3, 9999, 72, 72, 48, 48, 24, 24, 
48, 48, 74, 9999, 0, 6, 6, 12, 12, 
48, 48, 74, 0, 9999, 6, 6, 12, 12, 
8, 8, 50, 6, 6, 9999, 0, 8, 8, 
8, 8, 50, 6, 6, 0, 9999, 8, 8, 
5, 5, 26, 12, 12, 8, 8, 9999, 0, 
5, 5, 26, 12, 12, 8, 8, 0, 9999, 
Scaled Distances:
4.29497e+09, 1.3015e+08, 2.16917e+08, 2.08241e+09, 2.08241e+09, 3.47068e+08, 3.47068e+08, 2.16917e+08, 2.16917e+08, 
1.3015e+08, 4.29497e+09, 1.3015e+08, 2.08241e+09, 2.08241e+09, 3.47068e+08, 3.47068e+08, 2.16917e+08, 2.16917e+08, 
2.16917e+08, 1.3015e+08, 4.29497e+09, 3.12361e+09, 3.12361e+09, 2.08241e+09, 2.08241e+09, 1.0412e+09, 1.0412e+09, 
2.08241e+09, 2.08241e+09, 3.21038e+09, 4.29497e+09, 0, 2.60301e+08, 2.60301e+08, 5.20602e+08, 5.20602e+08, 
2.08241e+09, 2.08241e+09, 3.21038e+09, 0, 4.29497e+09, 2.60301e+08, 2.60301e+08, 5.20602e+08, 5.20602e+08, 
3.47068e+08, 3.47068e+08, 2.16917e+09, 2.60301e+08, 2.60301e+08, 4.29497e+09, 0, 3.47068e+08, 3.47068e+08, 
3.47068e+08, 3.47068e+08, 2.16917e+09, 2.60301e+08, 2.60301e+08, 0, 4.29497e+09, 3.47068e+08, 3.47068e+08, 
2.16917e+08, 2.16917e+08, 1.12797e+09, 5.20602e+08, 5.20602e+08, 3.47068e+08, 3.47068e+08, 4.29497e+09, 0, 
2.16917e+08, 2.16917e+08, 1.12797e+09, 5.20602e+08, 5.20602e+08, 3.47068e+08, 3.47068e+08, 0, 4.29497e+09, 
Optimal total distance (scaled) for 9 points: 1.69196e+09
Optimal total distance for 9 points: 39.000000
Corresponding path (0-indexed):
Point #8
Point #4
Point #3
Point #6
Point #5
Point #1
Point #2
Point #0
Point #7
Point #8
Execution time: 0 ms

Elapsed time: 0 ms
Executed runs: 1/1
Total execution time: 0 s
Avg execution time: 0 ms
