Solving SHP


Execution #1/10000

Seed: 1
Estimated max possible cost 362.698203
for path: 
0 1 2 3 4 5 6 7 8 9 10 11 12 13 14 15 16 17 18 19 20 21 
Memory needed for path: 15308436 locs, for costs: 14226212 locs.
Desired precision: 1e+12
Mem constraint for cost_t: 8 bits
Rounded to pow of 2 bytes mem constraint (capped at 64bits) for cost_t: 8 bits
Bits needed for an int to preserve precision: 49
Warning: cannot preserve precision.
Warning: Using an integer; there is not enough memory for decimals.
Bits used per cost_t: 8
Selected cost_t = (u)int8_t
Solving with cost_t = h
Memory [GB] needed: 0.0275063
Requested precision is too high;managed to differentiate costs by: 8.796093
Distances:
0, 5.08, 242.54, 232.423, 228.124, 218.013, 212.172, 212.044, 211.947, 211.88, 211.843, 211.837, 211.862, 211.917, 212.002, 212.117, 212.263, 212.44, 212.646, 212.882, 213.149, 196.958, 
5.08, 0, 247.599, 237.481, 233.181, 223.068, 217.244, 217.119, 217.024, 216.959, 216.923, 216.917, 216.941, 216.995, 217.078, 217.191, 217.333, 217.505, 217.707, 217.938, 218.198, 202.029, 
242.54, 247.599, 0, 10.16, 14.478, 24.638, 31.3255, 32.219, 33.2827, 34.501, 35.8581, 37.3389, 38.9292, 40.6162, 42.3883, 44.2354, 46.1484, 48.1194, 50.1417, 52.2092, 54.3168, 46.0364, 
232.423, 237.481, 10.16, 0, 4.318, 14.478, 21.9236, 23.1823, 24.6393, 26.2617, 28.0207, 29.8922, 31.8565, 33.8973, 36.0018, 38.1592, 40.3612, 42.6009, 44.8725, 47.1716, 49.4942, 36.1805, 
228.124, 233.181, 14.478, 4.318, 0, 10.16, 18.1765, 19.6764, 21.3738, 23.2254, 25.1973, 27.2633, 29.4037, 31.6034, 33.8507, 36.1368, 38.4548, 40.7992, 43.1658, 45.5511, 47.9522, 32.0493, 
218.013, 223.068, 24.638, 14.478, 10.16, 0, 11.1326, 13.4428, 15.8236, 18.2474, 20.6991, 23.1698, 25.654, 28.1482, 30.6499, 33.1575, 35.6696, 38.1854, 40.7042, 43.2255, 45.7489, 22.606, 
212.172, 217.244, 31.3255, 21.9236, 18.1765, 11.1326, 0, 2.54, 5.08, 7.62, 10.16, 12.7, 15.24, 17.78, 20.32, 22.86, 25.4, 27.94, 30.48, 33.02, 35.56, 15.24, 
212.044, 217.119, 32.219, 23.1823, 19.6764, 13.4428, 2.54, 0, 2.54, 5.08, 7.62, 10.16, 12.7, 15.24, 17.78, 20.32, 22.86, 25.4, 27.94, 30.48, 33.02, 15.4502, 
211.947, 217.024, 33.2827, 24.6393, 21.3738, 15.8236, 5.08, 2.54, 0, 2.54, 5.08, 7.62, 10.16, 12.7, 15.24, 17.78, 20.32, 22.86, 25.4, 27.94, 30.48, 16.0644, 
211.88, 216.959, 34.501, 26.2617, 23.2254, 18.2474, 7.62, 5.08, 2.54, 0, 2.54, 5.08, 7.62, 10.16, 12.7, 15.24, 17.78, 20.32, 22.86, 25.4, 27.94, 17.0388, 
211.843, 216.923, 35.8581, 28.0207, 25.1973, 20.6991, 10.16, 7.62, 5.08, 2.54, 0, 2.54, 5.08, 7.62, 10.16, 12.7, 15.24, 17.78, 20.32, 22.86, 25.4, 18.3162, 
211.837, 216.917, 37.3389, 29.8922, 27.2633, 23.1698, 12.7, 10.16, 7.62, 5.08, 2.54, 0, 2.54, 5.08, 7.62, 10.16, 12.7, 15.24, 17.78, 20.32, 22.86, 19.838, 
211.862, 216.941, 38.9292, 31.8565, 29.4037, 25.654, 15.24, 12.7, 10.16, 7.62, 5.08, 2.54, 0, 2.54, 5.08, 7.62, 10.16, 12.7, 15.24, 17.78, 20.32, 21.5526, 
211.917, 216.995, 40.6162, 33.8973, 31.6034, 28.1482, 17.78, 15.24, 12.7, 10.16, 7.62, 5.08, 2.54, 0, 2.54, 5.08, 7.62, 10.16, 12.7, 15.24, 17.78, 23.4176, 
212.002, 217.078, 42.3883, 36.0018, 33.8507, 30.6499, 20.32, 17.78, 15.24, 12.7, 10.16, 7.62, 5.08, 2.54, 0, 2.54, 5.08, 7.62, 10.16, 12.7, 15.24, 25.4, 
212.117, 217.191, 44.2354, 38.1592, 36.1368, 33.1575, 22.86, 20.32, 17.78, 15.24, 12.7, 10.16, 7.62, 5.08, 2.54, 0, 2.54, 5.08, 7.62, 10.16, 12.7, 27.4743, 
212.263, 217.333, 46.1484, 40.3612, 38.4548, 35.6696, 25.4, 22.86, 20.32, 17.78, 15.24, 12.7, 10.16, 7.62, 5.08, 2.54, 0, 2.54, 5.08, 7.62, 10.16, 29.6212, 
212.44, 217.505, 48.1194, 42.6009, 40.7992, 38.1854, 27.94, 25.4, 22.86, 20.32, 17.78, 15.24, 12.7, 10.16, 7.62, 5.08, 2.54, 0, 2.54, 5.08, 7.62, 31.8261, 
212.646, 217.707, 50.1417, 44.8725, 43.1658, 40.7042, 30.48, 27.94, 25.4, 22.86, 20.32, 17.78, 15.24, 12.7, 10.16, 7.62, 5.08, 2.54, 0, 2.54, 5.08, 34.0777, 
212.882, 217.938, 52.2092, 47.1716, 45.5511, 43.2255, 33.02, 30.48, 27.94, 25.4, 22.86, 20.32, 17.78, 15.24, 12.7, 10.16, 7.62, 5.08, 2.54, 0, 2.54, 36.3673, 
213.149, 218.198, 54.3168, 49.4942, 47.9522, 45.7489, 35.56, 33.02, 30.48, 27.94, 25.4, 22.86, 20.32, 17.78, 15.24, 12.7, 10.16, 7.62, 5.08, 2.54, 0, 38.6881, 
196.958, 202.029, 46.0364, 36.1805, 32.0493, 22.606, 15.24, 15.4502, 16.0644, 17.0388, 18.3162, 19.838, 21.5526, 23.4176, 25.4, 27.4743, 29.6212, 31.8261, 34.0777, 36.3673, 38.6881, 0, 
Scaled Distances:
0, 2, 180, 172, 169, 162, 157, 157, 157, 157, 157, 157, 157, 157, 157, 157, 157, 157, 158, 158, 158, 146, 
2, 0, 184, 176, 173, 165, 161, 161, 161, 161, 161, 161, 161, 161, 161, 161, 161, 161, 161, 161, 162, 150, 
180, 184, 0, 6, 9, 17, 22, 22, 23, 24, 25, 26, 27, 29, 30, 31, 33, 34, 36, 37, 39, 33, 
172, 176, 6, 0, 1, 9, 15, 15, 17, 18, 19, 21, 22, 24, 25, 27, 28, 30, 32, 33, 35, 25, 
169, 173, 9, 1, 0, 6, 12, 13, 14, 16, 17, 19, 20, 22, 23, 25, 27, 29, 30, 32, 34, 22, 
162, 165, 17, 9, 6, 0, 6, 8, 10, 12, 14, 15, 17, 19, 21, 23, 25, 27, 29, 31, 32, 15, 
157, 161, 22, 15, 12, 6, 0, 0, 2, 4, 6, 8, 10, 11, 13, 15, 17, 19, 21, 23, 25, 10, 
157, 161, 22, 15, 13, 8, 0, 0, 0, 2, 4, 6, 8, 10, 11, 13, 15, 17, 19, 21, 23, 10, 
157, 161, 23, 17, 14, 10, 2, 0, 0, 0, 2, 4, 6, 8, 10, 11, 13, 15, 17, 19, 21, 10, 
157, 161, 24, 18, 16, 12, 4, 2, 0, 0, 0, 2, 4, 6, 8, 10, 11, 13, 15, 17, 19, 11, 
157, 161, 25, 19, 17, 14, 6, 4, 2, 0, 0, 0, 2, 4, 6, 8, 10, 11, 13, 15, 17, 12, 
157, 161, 26, 21, 19, 15, 8, 6, 4, 2, 0, 0, 0, 2, 4, 6, 8, 10, 11, 13, 15, 13, 
157, 161, 27, 22, 20, 17, 10, 8, 6, 4, 2, 0, 0, 0, 2, 4, 6, 8, 10, 11, 13, 14, 
157, 161, 29, 24, 22, 19, 11, 10, 8, 6, 4, 2, 0, 0, 0, 2, 4, 6, 8, 10, 11, 16, 
157, 161, 30, 25, 23, 21, 13, 11, 10, 8, 6, 4, 2, 0, 0, 0, 2, 4, 6, 8, 10, 17, 
157, 161, 31, 27, 25, 23, 15, 13, 11, 10, 8, 6, 4, 2, 0, 0, 0, 2, 4, 6, 8, 19, 
157, 161, 33, 28, 27, 25, 17, 15, 13, 11, 10, 8, 6, 4, 2, 0, 0, 0, 2, 4, 6, 20, 
157, 161, 34, 30, 29, 27, 19, 17, 15, 13, 11, 10, 8, 6, 4, 2, 0, 0, 0, 2, 4, 22, 
158, 161, 36, 32, 30, 29, 21, 19, 17, 15, 13, 11, 10, 8, 6, 4, 2, 0, 0, 0, 2, 24, 
158, 161, 37, 33, 32, 31, 23, 21, 19, 17, 15, 13, 11, 10, 8, 6, 4, 2, 0, 0, 0, 25, 
158, 162, 39, 35, 34, 32, 25, 23, 21, 19, 17, 15, 13, 11, 10, 8, 6, 4, 2, 0, 0, 27, 
146, 150, 33, 25, 22, 15, 10, 10, 10, 11, 12, 13, 14, 16, 17, 19, 20, 22, 24, 25, 27, 0, 
Optimal total distance (scaled) for 22 points: 194
Optimal total distance for 22 points: 312.056873
Corresponding path (0-indexed):
Point #2
Point #3
Point #4
Point #5
Point #6
Point #7
Point #8
Point #9
Point #10
Point #11
Point #12
Point #13
Point #14
Point #15
Point #16
Point #17
Point #18
Point #19
Point #20
Point #21
Point #0
Point #1
Execution time: 848 ms

Elapsed time: 848 ms


Execution #2/10000

Seed: 2
Estimated max possible cost 362.698203
for path: 
0 1 2 3 4 5 6 7 8 9 10 11 12 13 14 15 16 17 18 19 20 21 
Execution time: 704 ms

Elapsed time: 1552 ms


Execution #3/10000

Seed: 3
Estimated max possible cost 362.698203
for path: 
0 1 2 3 4 5 6 7 8 9 10 11 12 13 14 15 16 17 18 19 20 21 
Execution time: 857 ms

Elapsed time: 2409 ms


Execution #4/10000

Seed: 4
Estimated max possible cost 362.698203
for path: 
0 1 2 3 4 5 6 7 8 9 10 11 12 13 14 15 16 17 18 19 20 21 
Execution time: 858 ms

Elapsed time: 3267 ms


Execution #5/10000

Seed: 5
Estimated max possible cost 362.698203
for path: 
0 1 2 3 4 5 6 7 8 9 10 11 12 13 14 15 16 17 18 19 20 21 
Execution time: 649 ms

Elapsed time: 3916 ms


Execution #6/10000

Seed: 6
Estimated max possible cost 362.698203
for path: 
0 1 2 3 4 5 6 7 8 9 10 11 12 13 14 15 16 17 18 19 20 21 
Execution time: 690 ms

Elapsed time: 4606 ms


Execution #7/10000

Seed: 7
Estimated max possible cost 362.698203
for path: 
0 1 2 3 4 5 6 7 8 9 10 11 12 13 14 15 16 17 18 19 20 21 
Execution time: 847 ms

Elapsed time: 5453 ms


Execution #8/10000

Seed: 8
Estimated max possible cost 362.698203
for path: 
0 1 2 3 4 5 6 7 8 9 10 11 12 13 14 15 16 17 18 19 20 21 
Execution time: 490 ms

Elapsed time: 5943 ms


Execution #9/10000

Seed: 9
Estimated max possible cost 362.698203
for path: 
0 1 2 3 4 5 6 7 8 9 10 11 12 13 14 15 16 17 18 19 20 21 
Execution time: 491 ms

Elapsed time: 6434 ms


Execution #10/10000

Seed: 10
Estimated max possible cost 362.698203
for path: 
0 1 2 3 4 5 6 7 8 9 10 11 12 13 14 15 16 17 18 19 20 21 
Execution time: 847 ms

Elapsed time: 7281 ms


Execution #11/10000

Seed: 11
Estimated max possible cost 362.698203
for path: 
0 1 2 3 4 5 6 7 8 9 10 11 12 13 14 15 16 17 18 19 20 21 
Execution time: 862 ms

Elapsed time: 8143 ms


Execution #12/10000

Seed: 12
Estimated max possible cost 362.698203
for path: 
0 1 2 3 4 5 6 7 8 9 10 11 12 13 14 15 16 17 18 19 20 21 
Execution time: 861 ms

Elapsed time: 9004 ms


Execution #13/10000

Seed: 13
Estimated max possible cost 362.698203
for path: 
0 1 2 3 4 5 6 7 8 9 10 11 12 13 14 15 16 17 18 19 20 21 
Execution time: 854 ms

Elapsed time: 9858 ms


Execution #14/10000

Seed: 14
Estimated max possible cost 362.698203
for path: 
0 1 2 3 4 5 6 7 8 9 10 11 12 13 14 15 16 17 18 19 20 21 
Execution time: 854 ms

Elapsed time: 10712 ms


Execution #15/10000

Seed: 15
Estimated max possible cost 362.698203
for path: 
0 1 2 3 4 5 6 7 8 9 10 11 12 13 14 15 16 17 18 19 20 21 
Execution time: 853 ms

Elapsed time: 11565 ms


Execution #16/10000

Seed: 16
Estimated max possible cost 362.698203
for path: 
0 1 2 3 4 5 6 7 8 9 10 11 12 13 14 15 16 17 18 19 20 21 
Execution time: 856 ms

Elapsed time: 12421 ms


Execution #17/10000

Seed: 17
Estimated max possible cost 362.698203
for path: 
0 1 2 3 4 5 6 7 8 9 10 11 12 13 14 15 16 17 18 19 20 21 
Execution time: 826 ms

Elapsed time: 13247 ms


Execution #18/10000

Seed: 18
Estimated max possible cost 362.698203
for path: 
0 1 2 3 4 5 6 7 8 9 10 11 12 13 14 15 16 17 18 19 20 21 
Execution time: 860 ms

Elapsed time: 14107 ms


Execution #19/10000

Seed: 19
Estimated max possible cost 362.698203
for path: 
0 1 2 3 4 5 6 7 8 9 10 11 12 13 14 15 16 17 18 19 20 21 
Execution time: 854 ms

Elapsed time: 14961 ms


Execution #20/10000

Seed: 20
Estimated max possible cost 362.698203
for path: 
0 1 2 3 4 5 6 7 8 9 10 11 12 13 14 15 16 17 18 19 20 21 
Execution time: 855 ms

Elapsed time: 15816 ms


Execution #21/10000

Seed: 21
Estimated max possible cost 362.698203
for path: 
0 1 2 3 4 5 6 7 8 9 10 11 12 13 14 15 16 17 18 19 20 21 
Execution time: 853 ms

Elapsed time: 16669 ms


Execution #22/10000

Seed: 22
Estimated max possible cost 362.698203
for path: 
0 1 2 3 4 5 6 7 8 9 10 11 12 13 14 15 16 17 18 19 20 21 
Execution time: 857 ms

Elapsed time: 17526 ms


Execution #23/10000

Seed: 23
Estimated max possible cost 362.698203
for path: 
0 1 2 3 4 5 6 7 8 9 10 11 12 13 14 15 16 17 18 19 20 21 
Execution time: 860 ms

Elapsed time: 18386 ms


Execution #24/10000

Seed: 24
Estimated max possible cost 362.698203
for path: 
0 1 2 3 4 5 6 7 8 9 10 11 12 13 14 15 16 17 18 19 20 21 
Execution time: 856 ms

Elapsed time: 19242 ms


Execution #25/10000

Seed: 25
Estimated max possible cost 362.698203
for path: 
0 1 2 3 4 5 6 7 8 9 10 11 12 13 14 15 16 17 18 19 20 21 
Execution time: 855 ms

Elapsed time: 20097 ms


Execution #26/10000

Seed: 26
Estimated max possible cost 362.698203
for path: 
0 1 2 3 4 5 6 7 8 9 10 11 12 13 14 15 16 17 18 19 20 21 
Execution time: 726 ms

Elapsed time: 20823 ms


Execution #27/10000

Seed: 27
Estimated max possible cost 362.698203
for path: 
0 1 2 3 4 5 6 7 8 9 10 11 12 13 14 15 16 17 18 19 20 21 
Execution time: 843 ms

Elapsed time: 21666 ms


Execution #28/10000

Seed: 28
Estimated max possible cost 362.698203
for path: 
0 1 2 3 4 5 6 7 8 9 10 11 12 13 14 15 16 17 18 19 20 21 
Execution time: 857 ms

Elapsed time: 22523 ms


Execution #29/10000

Seed: 29
Estimated max possible cost 362.698203
for path: 
0 1 2 3 4 5 6 7 8 9 10 11 12 13 14 15 16 17 18 19 20 21 
Execution time: 769 ms

Elapsed time: 23292 ms


Execution #30/10000

Seed: 30
Estimated max possible cost 362.698203
for path: 
0 1 2 3 4 5 6 7 8 9 10 11 12 13 14 15 16 17 18 19 20 21 
Execution time: 858 ms

Elapsed time: 24150 ms


Execution #31/10000

Seed: 31
Estimated max possible cost 362.698203
for path: 
0 1 2 3 4 5 6 7 8 9 10 11 12 13 14 15 16 17 18 19 20 21 
Execution time: 852 ms

Elapsed time: 25002 ms


Execution #32/10000

Seed: 32
Estimated max possible cost 362.698203
for path: 
0 1 2 3 4 5 6 7 8 9 10 11 12 13 14 15 16 17 18 19 20 21 
Execution time: 852 ms

Elapsed time: 25854 ms


Execution #33/10000

Seed: 33
Estimated max possible cost 362.698203
for path: 
0 1 2 3 4 5 6 7 8 9 10 11 12 13 14 15 16 17 18 19 20 21 
Execution time: 669 ms

Elapsed time: 26523 ms


Execution #34/10000

Seed: 34
Estimated max possible cost 362.698203
for path: 
0 1 2 3 4 5 6 7 8 9 10 11 12 13 14 15 16 17 18 19 20 21 
Execution time: 816 ms

Elapsed time: 27339 ms


Execution #35/10000

Seed: 35
Estimated max possible cost 362.698203
for path: 
0 1 2 3 4 5 6 7 8 9 10 11 12 13 14 15 16 17 18 19 20 21 
Execution time: 864 ms

Elapsed time: 28203 ms


Execution #36/10000

Seed: 36
Estimated max possible cost 362.698203
for path: 
0 1 2 3 4 5 6 7 8 9 10 11 12 13 14 15 16 17 18 19 20 21 
Execution time: 856 ms

Elapsed time: 29059 ms


Execution #37/10000

Seed: 37
Estimated max possible cost 362.698203
for path: 
0 1 2 3 4 5 6 7 8 9 10 11 12 13 14 15 16 17 18 19 20 21 
Execution time: 754 ms

Elapsed time: 29813 ms


Execution #38/10000

Seed: 38
Estimated max possible cost 362.698203
for path: 
0 1 2 3 4 5 6 7 8 9 10 11 12 13 14 15 16 17 18 19 20 21 
Execution time: 854 ms

Elapsed time: 30667 ms


Execution #39/10000

Seed: 39
Estimated max possible cost 362.698203
for path: 
0 1 2 3 4 5 6 7 8 9 10 11 12 13 14 15 16 17 18 19 20 21 
Execution time: 853 ms

Elapsed time: 31520 ms


Execution #40/10000

Seed: 40
Estimated max possible cost 362.698203
for path: 
0 1 2 3 4 5 6 7 8 9 10 11 12 13 14 15 16 17 18 19 20 21 
Execution time: 862 ms

Elapsed time: 32382 ms


Execution #41/10000

Seed: 41
Estimated max possible cost 362.698203
for path: 
0 1 2 3 4 5 6 7 8 9 10 11 12 13 14 15 16 17 18 19 20 21 
Execution time: 864 ms

Elapsed time: 33246 ms


Execution #42/10000

Seed: 42
Estimated max possible cost 362.698203
for path: 
0 1 2 3 4 5 6 7 8 9 10 11 12 13 14 15 16 17 18 19 20 21 
Execution time: 862 ms

Elapsed time: 34108 ms


Execution #43/10000

Seed: 43
Estimated max possible cost 362.698203
for path: 
0 1 2 3 4 5 6 7 8 9 10 11 12 13 14 15 16 17 18 19 20 21 
Execution time: 819 ms

Elapsed time: 34927 ms


Execution #44/10000

Seed: 44
Estimated max possible cost 362.698203
for path: 
0 1 2 3 4 5 6 7 8 9 10 11 12 13 14 15 16 17 18 19 20 21 
Execution time: 726 ms

Elapsed time: 35653 ms


Execution #45/10000

Seed: 45
Estimated max possible cost 362.698203
for path: 
0 1 2 3 4 5 6 7 8 9 10 11 12 13 14 15 16 17 18 19 20 21 
Execution time: 846 ms

Elapsed time: 36499 ms


Execution #46/10000

Seed: 46
Estimated max possible cost 362.698203
for path: 
0 1 2 3 4 5 6 7 8 9 10 11 12 13 14 15 16 17 18 19 20 21 
Execution time: 858 ms

Elapsed time: 37357 ms


Execution #47/10000

Seed: 47
Estimated max possible cost 362.698203
for path: 
0 1 2 3 4 5 6 7 8 9 10 11 12 13 14 15 16 17 18 19 20 21 
Execution time: 858 ms

Elapsed time: 38215 ms


Execution #48/10000

Seed: 48
Estimated max possible cost 362.698203
for path: 
0 1 2 3 4 5 6 7 8 9 10 11 12 13 14 15 16 17 18 19 20 21 
Execution time: 853 ms

Elapsed time: 39068 ms


Execution #49/10000

Seed: 49
Estimated max possible cost 362.698203
for path: 
0 1 2 3 4 5 6 7 8 9 10 11 12 13 14 15 16 17 18 19 20 21 
Execution time: 853 ms

Elapsed time: 39921 ms


Execution #50/10000

Seed: 50
Estimated max possible cost 362.698203
for path: 
0 1 2 3 4 5 6 7 8 9 10 11 12 13 14 15 16 17 18 19 20 21 
Execution time: 803 ms

Elapsed time: 40724 ms


Execution #51/10000

Seed: 51
Estimated max possible cost 362.698203
for path: 
0 1 2 3 4 5 6 7 8 9 10 11 12 13 14 15 16 17 18 19 20 21 
Execution time: 804 ms

Elapsed time: 41528 ms


Execution #52/10000

Seed: 52
Estimated max possible cost 362.698203
for path: 
0 1 2 3 4 5 6 7 8 9 10 11 12 13 14 15 16 17 18 19 20 21 
Execution time: 771 ms

Elapsed time: 42299 ms


Execution #53/10000

Seed: 53
Estimated max possible cost 362.698203
for path: 
0 1 2 3 4 5 6 7 8 9 10 11 12 13 14 15 16 17 18 19 20 21 
Execution time: 647 ms

Elapsed time: 42946 ms


Execution #54/10000

Seed: 54
Estimated max possible cost 362.698203
for path: 
0 1 2 3 4 5 6 7 8 9 10 11 12 13 14 15 16 17 18 19 20 21 
Execution time: 854 ms

Elapsed time: 43800 ms


Execution #55/10000

Seed: 55
Estimated max possible cost 362.698203
for path: 
0 1 2 3 4 5 6 7 8 9 10 11 12 13 14 15 16 17 18 19 20 21 
Execution time: 852 ms

Elapsed time: 44652 ms


Execution #56/10000

Seed: 56
Estimated max possible cost 362.698203
for path: 
0 1 2 3 4 5 6 7 8 9 10 11 12 13 14 15 16 17 18 19 20 21 
Execution time: 854 ms

Elapsed time: 45506 ms


Execution #57/10000

Seed: 57
Estimated max possible cost 362.698203
for path: 
0 1 2 3 4 5 6 7 8 9 10 11 12 13 14 15 16 17 18 19 20 21 
Execution time: 855 ms

Elapsed time: 46361 ms


Execution #58/10000

Seed: 58
Estimated max possible cost 362.698203
for path: 
0 1 2 3 4 5 6 7 8 9 10 11 12 13 14 15 16 17 18 19 20 21 
Execution time: 860 ms

Elapsed time: 47221 ms


Execution #59/10000

Seed: 59
Estimated max possible cost 362.698203
for path: 
0 1 2 3 4 5 6 7 8 9 10 11 12 13 14 15 16 17 18 19 20 21 
Execution time: 854 ms

Elapsed time: 48075 ms


Execution #60/10000

Seed: 60
Estimated max possible cost 362.698203
for path: 
0 1 2 3 4 5 6 7 8 9 10 11 12 13 14 15 16 17 18 19 20 21 
Execution time: 853 ms

Elapsed time: 48928 ms


Execution #61/10000

Seed: 61
Estimated max possible cost 362.698203
for path: 
0 1 2 3 4 5 6 7 8 9 10 11 12 13 14 15 16 17 18 19 20 21 
Execution time: 611 ms

Elapsed time: 49539 ms


Execution #62/10000

Seed: 62
Estimated max possible cost 362.698203
for path: 
0 1 2 3 4 5 6 7 8 9 10 11 12 13 14 15 16 17 18 19 20 21 
Execution time: 860 ms

Elapsed time: 50399 ms


Execution #63/10000

Seed: 63
Estimated max possible cost 362.698203
for path: 
0 1 2 3 4 5 6 7 8 9 10 11 12 13 14 15 16 17 18 19 20 21 
Execution time: 701 ms

Elapsed time: 51100 ms


Execution #64/10000

Seed: 64
Estimated max possible cost 362.698203
for path: 
0 1 2 3 4 5 6 7 8 9 10 11 12 13 14 15 16 17 18 19 20 21 
Execution time: 606 ms

Elapsed time: 51706 ms


Execution #65/10000

Seed: 65
Estimated max possible cost 362.698203
for path: 
0 1 2 3 4 5 6 7 8 9 10 11 12 13 14 15 16 17 18 19 20 21 
Execution time: 860 ms

Elapsed time: 52566 ms


Execution #66/10000

Seed: 66
Estimated max possible cost 362.698203
for path: 
0 1 2 3 4 5 6 7 8 9 10 11 12 13 14 15 16 17 18 19 20 21 
Execution time: 727 ms

Elapsed time: 53293 ms


Execution #67/10000

Seed: 67
Estimated max possible cost 362.698203
for path: 
0 1 2 3 4 5 6 7 8 9 10 11 12 13 14 15 16 17 18 19 20 21 
Execution time: 856 ms

Elapsed time: 54149 ms


Execution #68/10000

Seed: 68
Estimated max possible cost 362.698203
for path: 
0 1 2 3 4 5 6 7 8 9 10 11 12 13 14 15 16 17 18 19 20 21 
Execution time: 853 ms

Elapsed time: 55002 ms


Execution #69/10000

Seed: 69
Estimated max possible cost 362.698203
for path: 
0 1 2 3 4 5 6 7 8 9 10 11 12 13 14 15 16 17 18 19 20 21 
Execution time: 857 ms

Elapsed time: 55859 ms


Execution #70/10000

Seed: 70
Estimated max possible cost 362.698203
for path: 
0 1 2 3 4 5 6 7 8 9 10 11 12 13 14 15 16 17 18 19 20 21 
Execution time: 682 ms

Elapsed time: 56541 ms


Execution #71/10000

Seed: 71
Estimated max possible cost 362.698203
for path: 
0 1 2 3 4 5 6 7 8 9 10 11 12 13 14 15 16 17 18 19 20 21 
Execution time: 660 ms

Elapsed time: 57201 ms


Execution #72/10000

Seed: 72
Estimated max possible cost 362.698203
for path: 
0 1 2 3 4 5 6 7 8 9 10 11 12 13 14 15 16 17 18 19 20 21 
Execution time: 855 ms

Elapsed time: 58056 ms


Execution #73/10000

Seed: 73
Estimated max possible cost 362.698203
for path: 
0 1 2 3 4 5 6 7 8 9 10 11 12 13 14 15 16 17 18 19 20 21 
Execution time: 559 ms

Elapsed time: 58615 ms


Execution #74/10000

Seed: 74
Estimated max possible cost 362.698203
for path: 
0 1 2 3 4 5 6 7 8 9 10 11 12 13 14 15 16 17 18 19 20 21 
Execution time: 491 ms

Elapsed time: 59106 ms


Execution #75/10000

Seed: 75
Estimated max possible cost 362.698203
for path: 
0 1 2 3 4 5 6 7 8 9 10 11 12 13 14 15 16 17 18 19 20 21 
Execution time: 660 ms

Elapsed time: 59766 ms


Execution #76/10000

Seed: 76
Estimated max possible cost 362.698203
for path: 
0 1 2 3 4 5 6 7 8 9 10 11 12 13 14 15 16 17 18 19 20 21 
Execution time: 862 ms

Elapsed time: 60628 ms


Execution #77/10000

Seed: 77
Estimated max possible cost 362.698203
for path: 
0 1 2 3 4 5 6 7 8 9 10 11 12 13 14 15 16 17 18 19 20 21 
Execution time: 867 ms

Elapsed time: 61495 ms


Execution #78/10000

Seed: 78
Estimated max possible cost 362.698203
for path: 
0 1 2 3 4 5 6 7 8 9 10 11 12 13 14 15 16 17 18 19 20 21 
Execution time: 859 ms

Elapsed time: 62354 ms


Execution #79/10000

Seed: 79
Estimated max possible cost 362.698203
for path: 
0 1 2 3 4 5 6 7 8 9 10 11 12 13 14 15 16 17 18 19 20 21 
Execution time: 854 ms

Elapsed time: 63208 ms


Execution #80/10000

Seed: 80
Estimated max possible cost 362.698203
for path: 
0 1 2 3 4 5 6 7 8 9 10 11 12 13 14 15 16 17 18 19 20 21 
Execution time: 859 ms

Elapsed time: 64067 ms


Execution #81/10000

Seed: 81
Estimated max possible cost 362.698203
for path: 
0 1 2 3 4 5 6 7 8 9 10 11 12 13 14 15 16 17 18 19 20 21 
Execution time: 855 ms

Elapsed time: 64922 ms


Execution #82/10000

Seed: 82
Estimated max possible cost 362.698203
for path: 
0 1 2 3 4 5 6 7 8 9 10 11 12 13 14 15 16 17 18 19 20 21 
Execution time: 858 ms

Elapsed time: 65780 ms


Execution #83/10000

Seed: 83
Estimated max possible cost 362.698203
for path: 
0 1 2 3 4 5 6 7 8 9 10 11 12 13 14 15 16 17 18 19 20 21 
Execution time: 862 ms

Elapsed time: 66642 ms


Execution #84/10000

Seed: 84
Estimated max possible cost 362.698203
for path: 
0 1 2 3 4 5 6 7 8 9 10 11 12 13 14 15 16 17 18 19 20 21 
Execution time: 854 ms

Elapsed time: 67496 ms


Execution #85/10000

Seed: 85
Estimated max possible cost 362.698203
for path: 
0 1 2 3 4 5 6 7 8 9 10 11 12 13 14 15 16 17 18 19 20 21 
Execution time: 742 ms

Elapsed time: 68238 ms


Execution #86/10000

Seed: 86
Estimated max possible cost 362.698203
for path: 
0 1 2 3 4 5 6 7 8 9 10 11 12 13 14 15 16 17 18 19 20 21 
Execution time: 763 ms

Elapsed time: 69001 ms


Execution #87/10000

Seed: 87
Estimated max possible cost 362.698203
for path: 
0 1 2 3 4 5 6 7 8 9 10 11 12 13 14 15 16 17 18 19 20 21 
Execution time: 721 ms

Elapsed time: 69722 ms


Execution #88/10000

Seed: 88
Estimated max possible cost 362.698203
for path: 
0 1 2 3 4 5 6 7 8 9 10 11 12 13 14 15 16 17 18 19 20 21 
Execution time: 859 ms

Elapsed time: 70581 ms


Execution #89/10000

Seed: 89
Estimated max possible cost 362.698203
for path: 
0 1 2 3 4 5 6 7 8 9 10 11 12 13 14 15 16 17 18 19 20 21 
Execution time: 867 ms

Elapsed time: 71448 ms


Execution #90/10000

Seed: 90
Estimated max possible cost 362.698203
for path: 
0 1 2 3 4 5 6 7 8 9 10 11 12 13 14 15 16 17 18 19 20 21 
Execution time: 809 ms

Elapsed time: 72257 ms


Execution #91/10000

Seed: 91
Estimated max possible cost 362.698203
for path: 
0 1 2 3 4 5 6 7 8 9 10 11 12 13 14 15 16 17 18 19 20 21 
Execution time: 530 ms

Elapsed time: 72787 ms


Execution #92/10000

Seed: 92
Estimated max possible cost 362.698203
for path: 
0 1 2 3 4 5 6 7 8 9 10 11 12 13 14 15 16 17 18 19 20 21 
Execution time: 492 ms

Elapsed time: 73279 ms


Execution #93/10000

Seed: 93
Estimated max possible cost 362.698203
for path: 
0 1 2 3 4 5 6 7 8 9 10 11 12 13 14 15 16 17 18 19 20 21 
Execution time: 540 ms

Elapsed time: 73819 ms


Execution #94/10000

Seed: 94
Estimated max possible cost 362.698203
for path: 
0 1 2 3 4 5 6 7 8 9 10 11 12 13 14 15 16 17 18 19 20 21 
Execution time: 859 ms

Elapsed time: 74678 ms


Execution #95/10000

Seed: 95
Estimated max possible cost 362.698203
for path: 
0 1 2 3 4 5 6 7 8 9 10 11 12 13 14 15 16 17 18 19 20 21 
Execution time: 863 ms

Elapsed time: 75541 ms


Execution #96/10000

Seed: 96
Estimated max possible cost 362.698203
for path: 
0 1 2 3 4 5 6 7 8 9 10 11 12 13 14 15 16 17 18 19 20 21 
Execution time: 754 ms

Elapsed time: 76295 ms


Execution #97/10000

Seed: 97
Estimated max possible cost 362.698203
for path: 
0 1 2 3 4 5 6 7 8 9 10 11 12 13 14 15 16 17 18 19 20 21 
Execution time: 855 ms

Elapsed time: 77150 ms


Execution #98/10000

Seed: 98
Estimated max possible cost 362.698203
for path: 
0 1 2 3 4 5 6 7 8 9 10 11 12 13 14 15 16 17 18 19 20 21 
Execution time: 797 ms

Elapsed time: 77947 ms


Execution #99/10000

Seed: 99
Estimated max possible cost 362.698203
for path: 
0 1 2 3 4 5 6 7 8 9 10 11 12 13 14 15 16 17 18 19 20 21 
Execution time: 857 ms

Elapsed time: 78804 ms


Execution #100/10000

Seed: 100
Estimated max possible cost 362.698203
for path: 
0 1 2 3 4 5 6 7 8 9 10 11 12 13 14 15 16 17 18 19 20 21 
Execution time: 859 ms

Elapsed time: 79663 ms


Execution #101/10000

Seed: 101
Estimated max possible cost 362.698203
for path: 
0 1 2 3 4 5 6 7 8 9 10 11 12 13 14 15 16 17 18 19 20 21 
Execution time: 861 ms

Elapsed time: 80524 ms


Execution #102/10000

Seed: 102
Estimated max possible cost 362.698203
for path: 
0 1 2 3 4 5 6 7 8 9 10 11 12 13 14 15 16 17 18 19 20 21 
Execution time: 856 ms

Elapsed time: 81380 ms


Execution #103/10000

Seed: 103
Estimated max possible cost 362.698203
for path: 
0 1 2 3 4 5 6 7 8 9 10 11 12 13 14 15 16 17 18 19 20 21 
Execution time: 860 ms

Elapsed time: 82240 ms


Execution #104/10000

Seed: 104
Estimated max possible cost 362.698203
for path: 
0 1 2 3 4 5 6 7 8 9 10 11 12 13 14 15 16 17 18 19 20 21 
Execution time: 687 ms

Elapsed time: 82927 ms


Execution #105/10000

Seed: 105
Estimated max possible cost 362.698203
for path: 
0 1 2 3 4 5 6 7 8 9 10 11 12 13 14 15 16 17 18 19 20 21 
Execution time: 701 ms

Elapsed time: 83628 ms


Execution #106/10000

Seed: 106
Estimated max possible cost 362.698203
for path: 
0 1 2 3 4 5 6 7 8 9 10 11 12 13 14 15 16 17 18 19 20 21 
Execution time: 861 ms

Elapsed time: 84489 ms


Execution #107/10000

Seed: 107
Estimated max possible cost 362.698203
for path: 
0 1 2 3 4 5 6 7 8 9 10 11 12 13 14 15 16 17 18 19 20 21 
Execution time: 863 ms

Elapsed time: 85352 ms


Execution #108/10000

Seed: 108
Estimated max possible cost 362.698203
for path: 
0 1 2 3 4 5 6 7 8 9 10 11 12 13 14 15 16 17 18 19 20 21 
Execution time: 857 ms

Elapsed time: 86209 ms


Execution #109/10000

Seed: 109
Estimated max possible cost 362.698203
for path: 
0 1 2 3 4 5 6 7 8 9 10 11 12 13 14 15 16 17 18 19 20 21 
Execution time: 854 ms

Elapsed time: 87063 ms


Execution #110/10000

Seed: 110
Estimated max possible cost 362.698203
for path: 
0 1 2 3 4 5 6 7 8 9 10 11 12 13 14 15 16 17 18 19 20 21 
Execution time: 854 ms

Elapsed time: 87917 ms


Execution #111/10000

Seed: 111
Estimated max possible cost 362.698203
for path: 
0 1 2 3 4 5 6 7 8 9 10 11 12 13 14 15 16 17 18 19 20 21 
Execution time: 854 ms

Elapsed time: 88771 ms


Execution #112/10000

Seed: 112
Estimated max possible cost 362.698203
for path: 
0 1 2 3 4 5 6 7 8 9 10 11 12 13 14 15 16 17 18 19 20 21 
Execution time: 860 ms

Elapsed time: 89631 ms


Execution #113/10000

Seed: 113
Estimated max possible cost 362.698203
for path: 
0 1 2 3 4 5 6 7 8 9 10 11 12 13 14 15 16 17 18 19 20 21 
Execution time: 860 ms

Elapsed time: 90491 ms


Execution #114/10000

Seed: 114
Estimated max possible cost 362.698203
for path: 
0 1 2 3 4 5 6 7 8 9 10 11 12 13 14 15 16 17 18 19 20 21 
Execution time: 720 ms

Elapsed time: 91211 ms


Execution #115/10000

Seed: 115
Estimated max possible cost 362.698203
for path: 
0 1 2 3 4 5 6 7 8 9 10 11 12 13 14 15 16 17 18 19 20 21 
Execution time: 856 ms

Elapsed time: 92067 ms


Execution #116/10000

Seed: 116
Estimated max possible cost 362.698203
for path: 
0 1 2 3 4 5 6 7 8 9 10 11 12 13 14 15 16 17 18 19 20 21 
Execution time: 857 ms

Elapsed time: 92924 ms


Execution #117/10000

Seed: 117
Estimated max possible cost 362.698203
for path: 
0 1 2 3 4 5 6 7 8 9 10 11 12 13 14 15 16 17 18 19 20 21 
Execution time: 854 ms

Elapsed time: 93778 ms


Execution #118/10000

Seed: 118
Estimated max possible cost 362.698203
for path: 
0 1 2 3 4 5 6 7 8 9 10 11 12 13 14 15 16 17 18 19 20 21 
Execution time: 514 ms

Elapsed time: 94292 ms


Execution #119/10000

Seed: 119
Estimated max possible cost 362.698203
for path: 
0 1 2 3 4 5 6 7 8 9 10 11 12 13 14 15 16 17 18 19 20 21 
Execution time: 500 ms

Elapsed time: 94792 ms


Execution #120/10000

Seed: 120
Estimated max possible cost 362.698203
for path: 
0 1 2 3 4 5 6 7 8 9 10 11 12 13 14 15 16 17 18 19 20 21 
Execution time: 493 ms

Elapsed time: 95285 ms


Execution #121/10000

Seed: 121
Estimated max possible cost 362.698203
for path: 
0 1 2 3 4 5 6 7 8 9 10 11 12 13 14 15 16 17 18 19 20 21 
Execution time: 708 ms

Elapsed time: 95993 ms


Execution #122/10000

Seed: 122
Estimated max possible cost 362.698203
for path: 
0 1 2 3 4 5 6 7 8 9 10 11 12 13 14 15 16 17 18 19 20 21 
Execution time: 861 ms

Elapsed time: 96854 ms


Execution #123/10000

Seed: 123
Estimated max possible cost 362.698203
for path: 
0 1 2 3 4 5 6 7 8 9 10 11 12 13 14 15 16 17 18 19 20 21 
Execution time: 862 ms

Elapsed time: 97716 ms


Execution #124/10000

Seed: 124
Estimated max possible cost 362.698203
for path: 
0 1 2 3 4 5 6 7 8 9 10 11 12 13 14 15 16 17 18 19 20 21 
Execution time: 641 ms

Elapsed time: 98357 ms


Execution #125/10000

Seed: 125
Estimated max possible cost 362.698203
for path: 
0 1 2 3 4 5 6 7 8 9 10 11 12 13 14 15 16 17 18 19 20 21 
Execution time: 856 ms

Elapsed time: 99213 ms


Execution #126/10000

Seed: 126
Estimated max possible cost 362.698203
for path: 
0 1 2 3 4 5 6 7 8 9 10 11 12 13 14 15 16 17 18 19 20 21 
Execution time: 854 ms

Elapsed time: 100067 ms


Execution #127/10000

Seed: 127
Estimated max possible cost 362.698203
for path: 
0 1 2 3 4 5 6 7 8 9 10 11 12 13 14 15 16 17 18 19 20 21 
Execution time: 820 ms

Elapsed time: 100887 ms


Execution #128/10000

Seed: 128
Estimated max possible cost 362.698203
for path: 
0 1 2 3 4 5 6 7 8 9 10 11 12 13 14 15 16 17 18 19 20 21 
Execution time: 605 ms

Elapsed time: 101492 ms


Execution #129/10000

Seed: 129
Estimated max possible cost 362.698203
for path: 
0 1 2 3 4 5 6 7 8 9 10 11 12 13 14 15 16 17 18 19 20 21 
Execution time: 850 ms

Elapsed time: 102342 ms


Execution #130/10000

Seed: 130
Estimated max possible cost 362.698203
for path: 
0 1 2 3 4 5 6 7 8 9 10 11 12 13 14 15 16 17 18 19 20 21 
Execution time: 728 ms

Elapsed time: 103070 ms


Execution #131/10000

Seed: 131
Estimated max possible cost 362.698203
for path: 
0 1 2 3 4 5 6 7 8 9 10 11 12 13 14 15 16 17 18 19 20 21 
Execution time: 632 ms

Elapsed time: 103702 ms


Execution #132/10000

Seed: 132
Estimated max possible cost 362.698203
for path: 
0 1 2 3 4 5 6 7 8 9 10 11 12 13 14 15 16 17 18 19 20 21 
Execution time: 857 ms

Elapsed time: 104559 ms


Execution #133/10000

Seed: 133
Estimated max possible cost 362.698203
for path: 
0 1 2 3 4 5 6 7 8 9 10 11 12 13 14 15 16 17 18 19 20 21 
Execution time: 860 ms

Elapsed time: 105419 ms


Execution #134/10000

Seed: 134
Estimated max possible cost 362.698203
for path: 
0 1 2 3 4 5 6 7 8 9 10 11 12 13 14 15 16 17 18 19 20 21 
Execution time: 858 ms

Elapsed time: 106277 ms


Execution #135/10000

Seed: 135
Estimated max possible cost 362.698203
for path: 
0 1 2 3 4 5 6 7 8 9 10 11 12 13 14 15 16 17 18 19 20 21 
Execution time: 866 ms

Elapsed time: 107143 ms


Execution #136/10000

Seed: 136
Estimated max possible cost 362.698203
for path: 
0 1 2 3 4 5 6 7 8 9 10 11 12 13 14 15 16 17 18 19 20 21 
Execution time: 857 ms

Elapsed time: 108000 ms


Execution #137/10000

Seed: 137
Estimated max possible cost 362.698203
for path: 
0 1 2 3 4 5 6 7 8 9 10 11 12 13 14 15 16 17 18 19 20 21 
Execution time: 853 ms

Elapsed time: 108853 ms


Execution #138/10000

Seed: 138
Estimated max possible cost 362.698203
for path: 
0 1 2 3 4 5 6 7 8 9 10 11 12 13 14 15 16 17 18 19 20 21 
Execution time: 854 ms

Elapsed time: 109707 ms


Execution #139/10000

Seed: 139
Estimated max possible cost 362.698203
for path: 
0 1 2 3 4 5 6 7 8 9 10 11 12 13 14 15 16 17 18 19 20 21 
Execution time: 690 ms

Elapsed time: 110397 ms


Execution #140/10000

Seed: 140
Estimated max possible cost 362.698203
for path: 
0 1 2 3 4 5 6 7 8 9 10 11 12 13 14 15 16 17 18 19 20 21 
Execution time: 605 ms

Elapsed time: 111002 ms


Execution #141/10000

Seed: 141
Estimated max possible cost 362.698203
for path: 
0 1 2 3 4 5 6 7 8 9 10 11 12 13 14 15 16 17 18 19 20 21 
Execution time: 813 ms

Elapsed time: 111815 ms


Execution #142/10000

Seed: 142
Estimated max possible cost 362.698203
for path: 
0 1 2 3 4 5 6 7 8 9 10 11 12 13 14 15 16 17 18 19 20 21 
Execution time: 857 ms

Elapsed time: 112672 ms


Execution #143/10000

Seed: 143
Estimated max possible cost 362.698203
for path: 
0 1 2 3 4 5 6 7 8 9 10 11 12 13 14 15 16 17 18 19 20 21 
Execution time: 553 ms

Elapsed time: 113225 ms


Execution #144/10000

Seed: 144
Estimated max possible cost 362.698203
for path: 
0 1 2 3 4 5 6 7 8 9 10 11 12 13 14 15 16 17 18 19 20 21 
Execution time: 773 ms

Elapsed time: 113998 ms


Execution #145/10000

Seed: 145
Estimated max possible cost 362.698203
for path: 
0 1 2 3 4 5 6 7 8 9 10 11 12 13 14 15 16 17 18 19 20 21 
Execution time: 857 ms

Elapsed time: 114855 ms


Execution #146/10000

Seed: 146
Estimated max possible cost 362.698203
for path: 
0 1 2 3 4 5 6 7 8 9 10 11 12 13 14 15 16 17 18 19 20 21 
Execution time: 856 ms

Elapsed time: 115711 ms


Execution #147/10000

Seed: 147
Estimated max possible cost 362.698203
for path: 
0 1 2 3 4 5 6 7 8 9 10 11 12 13 14 15 16 17 18 19 20 21 
Execution time: 713 ms

Elapsed time: 116424 ms


Execution #148/10000

Seed: 148
Estimated max possible cost 362.698203
for path: 
0 1 2 3 4 5 6 7 8 9 10 11 12 13 14 15 16 17 18 19 20 21 
Execution time: 529 ms

Elapsed time: 116953 ms


Execution #149/10000

Seed: 149
Estimated max possible cost 362.698203
for path: 
0 1 2 3 4 5 6 7 8 9 10 11 12 13 14 15 16 17 18 19 20 21 
Execution time: 856 ms

Elapsed time: 117809 ms


Execution #150/10000

Seed: 150
Estimated max possible cost 362.698203
for path: 
0 1 2 3 4 5 6 7 8 9 10 11 12 13 14 15 16 17 18 19 20 21 
Execution time: 843 ms

Elapsed time: 118652 ms


Execution #151/10000

Seed: 151
Estimated max possible cost 362.698203
for path: 
0 1 2 3 4 5 6 7 8 9 10 11 12 13 14 15 16 17 18 19 20 21 
Execution time: 858 ms

Elapsed time: 119510 ms


Execution #152/10000

Seed: 152
Estimated max possible cost 362.698203
for path: 
0 1 2 3 4 5 6 7 8 9 10 11 12 13 14 15 16 17 18 19 20 21 
Execution time: 688 ms

Elapsed time: 120198 ms


Execution #153/10000

Seed: 153
Estimated max possible cost 362.698203
for path: 
0 1 2 3 4 5 6 7 8 9 10 11 12 13 14 15 16 17 18 19 20 21 
Execution time: 757 ms

Elapsed time: 120955 ms


Execution #154/10000

Seed: 154
Estimated max possible cost 362.698203
for path: 
0 1 2 3 4 5 6 7 8 9 10 11 12 13 14 15 16 17 18 19 20 21 
Execution time: 861 ms

Elapsed time: 121816 ms


Execution #155/10000

Seed: 155
Estimated max possible cost 362.698203
for path: 
0 1 2 3 4 5 6 7 8 9 10 11 12 13 14 15 16 17 18 19 20 21 
Execution time: 855 ms

Elapsed time: 122671 ms


Execution #156/10000

Seed: 156
Estimated max possible cost 362.698203
for path: 
0 1 2 3 4 5 6 7 8 9 10 11 12 13 14 15 16 17 18 19 20 21 
Execution time: 854 ms

Elapsed time: 123525 ms


Execution #157/10000

Seed: 157
Estimated max possible cost 362.698203
for path: 
0 1 2 3 4 5 6 7 8 9 10 11 12 13 14 15 16 17 18 19 20 21 
Execution time: 855 ms

Elapsed time: 124380 ms


Execution #158/10000

Seed: 158
Estimated max possible cost 362.698203
for path: 
0 1 2 3 4 5 6 7 8 9 10 11 12 13 14 15 16 17 18 19 20 21 
Execution time: 856 ms

Elapsed time: 125236 ms


Execution #159/10000

Seed: 159
Estimated max possible cost 362.698203
for path: 
0 1 2 3 4 5 6 7 8 9 10 11 12 13 14 15 16 17 18 19 20 21 
Execution time: 861 ms

Elapsed time: 126097 ms


Execution #160/10000

Seed: 160
Estimated max possible cost 362.698203
for path: 
0 1 2 3 4 5 6 7 8 9 10 11 12 13 14 15 16 17 18 19 20 21 
Execution time: 857 ms

Elapsed time: 126954 ms


Execution #161/10000

Seed: 161
Estimated max possible cost 362.698203
for path: 
0 1 2 3 4 5 6 7 8 9 10 11 12 13 14 15 16 17 18 19 20 21 
Execution time: 854 ms

Elapsed time: 127808 ms


Execution #162/10000

Seed: 162
Estimated max possible cost 362.698203
for path: 
0 1 2 3 4 5 6 7 8 9 10 11 12 13 14 15 16 17 18 19 20 21 
Execution time: 853 ms

Elapsed time: 128661 ms


Execution #163/10000

Seed: 163
Estimated max possible cost 362.698203
for path: 
0 1 2 3 4 5 6 7 8 9 10 11 12 13 14 15 16 17 18 19 20 21 
Execution time: 853 ms

Elapsed time: 129514 ms


Execution #164/10000

Seed: 164
Estimated max possible cost 362.698203
for path: 
0 1 2 3 4 5 6 7 8 9 10 11 12 13 14 15 16 17 18 19 20 21 
Execution time: 856 ms

Elapsed time: 130370 ms


Execution #165/10000

Seed: 165
Estimated max possible cost 362.698203
for path: 
0 1 2 3 4 5 6 7 8 9 10 11 12 13 14 15 16 17 18 19 20 21 
Execution time: 861 ms

Elapsed time: 131231 ms


Execution #166/10000

Seed: 166
Estimated max possible cost 362.698203
for path: 
0 1 2 3 4 5 6 7 8 9 10 11 12 13 14 15 16 17 18 19 20 21 
Execution time: 854 ms

Elapsed time: 132085 ms


Execution #167/10000

Seed: 167
Estimated max possible cost 362.698203
for path: 
0 1 2 3 4 5 6 7 8 9 10 11 12 13 14 15 16 17 18 19 20 21 
Execution time: 767 ms

Elapsed time: 132852 ms


Execution #168/10000

Seed: 168
Estimated max possible cost 362.698203
for path: 
0 1 2 3 4 5 6 7 8 9 10 11 12 13 14 15 16 17 18 19 20 21 
Execution time: 853 ms

Elapsed time: 133705 ms


Execution #169/10000

Seed: 169
Estimated max possible cost 362.698203
for path: 
0 1 2 3 4 5 6 7 8 9 10 11 12 13 14 15 16 17 18 19 20 21 
Execution time: 827 ms

Elapsed time: 134532 ms


Execution #170/10000

Seed: 170
Estimated max possible cost 362.698203
for path: 
0 1 2 3 4 5 6 7 8 9 10 11 12 13 14 15 16 17 18 19 20 21 
Execution time: 856 ms

Elapsed time: 135388 ms


Execution #171/10000

Seed: 171
Estimated max possible cost 362.698203
for path: 
0 1 2 3 4 5 6 7 8 9 10 11 12 13 14 15 16 17 18 19 20 21 
Execution time: 861 ms

Elapsed time: 136249 ms


Execution #172/10000

Seed: 172
Estimated max possible cost 362.698203
for path: 
0 1 2 3 4 5 6 7 8 9 10 11 12 13 14 15 16 17 18 19 20 21 
Execution time: 856 ms

Elapsed time: 137105 ms


Execution #173/10000

Seed: 173
Estimated max possible cost 362.698203
for path: 
0 1 2 3 4 5 6 7 8 9 10 11 12 13 14 15 16 17 18 19 20 21 
Execution time: 755 ms

Elapsed time: 137860 ms


Execution #174/10000

Seed: 174
Estimated max possible cost 362.698203
for path: 
0 1 2 3 4 5 6 7 8 9 10 11 12 13 14 15 16 17 18 19 20 21 
Execution time: 854 ms

Elapsed time: 138714 ms


Execution #175/10000

Seed: 175
Estimated max possible cost 362.698203
for path: 
0 1 2 3 4 5 6 7 8 9 10 11 12 13 14 15 16 17 18 19 20 21 
Execution time: 782 ms

Elapsed time: 139496 ms


Execution #176/10000

Seed: 176
Estimated max possible cost 362.698203
for path: 
0 1 2 3 4 5 6 7 8 9 10 11 12 13 14 15 16 17 18 19 20 21 
Execution time: 856 ms

Elapsed time: 140352 ms


Execution #177/10000

Seed: 177
Estimated max possible cost 362.698203
for path: 
0 1 2 3 4 5 6 7 8 9 10 11 12 13 14 15 16 17 18 19 20 21 
Execution time: 861 ms

Elapsed time: 141213 ms


Execution #178/10000

Seed: 178
Estimated max possible cost 362.698203
for path: 
0 1 2 3 4 5 6 7 8 9 10 11 12 13 14 15 16 17 18 19 20 21 
Execution time: 820 ms

Elapsed time: 142033 ms


Execution #179/10000

Seed: 179
Estimated max possible cost 362.698203
for path: 
0 1 2 3 4 5 6 7 8 9 10 11 12 13 14 15 16 17 18 19 20 21 
Execution time: 494 ms

Elapsed time: 142527 ms


Execution #180/10000

Seed: 180
