Solving SHP


Execution #1/10000

Seed: 1
Estimated max possible cost 365.238203
for path: 
0 1 2 3 4 5 6 7 8 9 10 11 12 13 14 15 16 17 18 19 20 21 22 
Memory needed for path: 25248641 locs, for costs: 26313518 locs.
Desired precision: 1e+12
Mem constraint for cost_t: 8 bits
Rounded to pow of 2 bytes mem constraint (capped at 64bits) for cost_t: 8 bits
Bits needed for an int to preserve precision: 49
Warning: cannot preserve precision.
Warning: Using an integer; there is not enough memory for decimals.
Bits used per cost_t: 8
Selected cost_t = (u)int8_t
Solving with cost_t = h
Memory [GB] needed: 0.048021
Requested precision is too high;managed to differentiate costs by: 8.796093
Distances:
0, 5.08, 242.54, 232.423, 228.124, 218.013, 212.172, 212.044, 211.947, 211.88, 211.843, 211.837, 211.862, 211.917, 212.002, 212.117, 212.263, 212.44, 212.646, 212.882, 213.149, 196.958, 196.821, 
5.08, 0, 247.599, 237.481, 233.181, 223.068, 217.244, 217.119, 217.024, 216.959, 216.923, 216.917, 216.941, 216.995, 217.078, 217.191, 217.333, 217.505, 217.707, 217.938, 218.198, 202.029, 201.895, 
242.54, 247.599, 0, 10.16, 14.478, 24.638, 31.3255, 32.219, 33.2827, 34.501, 35.8581, 37.3389, 38.9292, 40.6162, 42.3883, 44.2354, 46.1484, 48.1194, 50.1417, 52.2092, 54.3168, 46.0364, 46.649, 
232.423, 237.481, 10.16, 0, 4.318, 14.478, 21.9236, 23.1823, 24.6393, 26.2617, 28.0207, 29.8922, 31.8565, 33.8973, 36.0018, 38.1592, 40.3612, 42.6009, 44.8725, 47.1716, 49.4942, 36.1805, 36.9568, 
228.124, 233.181, 14.478, 4.318, 0, 10.16, 18.1765, 19.6764, 21.3738, 23.2254, 25.1973, 27.2633, 29.4037, 31.6034, 33.8507, 36.1368, 38.4548, 40.7992, 43.1658, 45.5511, 47.9522, 32.0493, 32.9231, 
218.013, 223.068, 24.638, 14.478, 10.16, 0, 11.1326, 13.4428, 15.8236, 18.2474, 20.6991, 23.1698, 25.654, 28.1482, 30.6499, 33.1575, 35.6696, 38.1854, 40.7042, 43.2255, 45.7489, 22.606, 23.8287, 
212.172, 217.244, 31.3255, 21.9236, 18.1765, 11.1326, 0, 2.54, 5.08, 7.62, 10.16, 12.7, 15.24, 17.78, 20.32, 22.86, 25.4, 27.94, 30.48, 33.02, 35.56, 15.24, 15.4502, 
212.044, 217.119, 32.219, 23.1823, 19.6764, 13.4428, 2.54, 0, 2.54, 5.08, 7.62, 10.16, 12.7, 15.24, 17.78, 20.32, 22.86, 25.4, 27.94, 30.48, 33.02, 15.4502, 15.24, 
211.947, 217.024, 33.2827, 24.6393, 21.3738, 15.8236, 5.08, 2.54, 0, 2.54, 5.08, 7.62, 10.16, 12.7, 15.24, 17.78, 20.32, 22.86, 25.4, 27.94, 30.48, 16.0644, 15.4502, 
211.88, 216.959, 34.501, 26.2617, 23.2254, 18.2474, 7.62, 5.08, 2.54, 0, 2.54, 5.08, 7.62, 10.16, 12.7, 15.24, 17.78, 20.32, 22.86, 25.4, 27.94, 17.0388, 16.0644, 
211.843, 216.923, 35.8581, 28.0207, 25.1973, 20.6991, 10.16, 7.62, 5.08, 2.54, 0, 2.54, 5.08, 7.62, 10.16, 12.7, 15.24, 17.78, 20.32, 22.86, 25.4, 18.3162, 17.0388, 
211.837, 216.917, 37.3389, 29.8922, 27.2633, 23.1698, 12.7, 10.16, 7.62, 5.08, 2.54, 0, 2.54, 5.08, 7.62, 10.16, 12.7, 15.24, 17.78, 20.32, 22.86, 19.838, 18.3162, 
211.862, 216.941, 38.9292, 31.8565, 29.4037, 25.654, 15.24, 12.7, 10.16, 7.62, 5.08, 2.54, 0, 2.54, 5.08, 7.62, 10.16, 12.7, 15.24, 17.78, 20.32, 21.5526, 19.838, 
211.917, 216.995, 40.6162, 33.8973, 31.6034, 28.1482, 17.78, 15.24, 12.7, 10.16, 7.62, 5.08, 2.54, 0, 2.54, 5.08, 7.62, 10.16, 12.7, 15.24, 17.78, 23.4176, 21.5526, 
212.002, 217.078, 42.3883, 36.0018, 33.8507, 30.6499, 20.32, 17.78, 15.24, 12.7, 10.16, 7.62, 5.08, 2.54, 0, 2.54, 5.08, 7.62, 10.16, 12.7, 15.24, 25.4, 23.4176, 
212.117, 217.191, 44.2354, 38.1592, 36.1368, 33.1575, 22.86, 20.32, 17.78, 15.24, 12.7, 10.16, 7.62, 5.08, 2.54, 0, 2.54, 5.08, 7.62, 10.16, 12.7, 27.4743, 25.4, 
212.263, 217.333, 46.1484, 40.3612, 38.4548, 35.6696, 25.4, 22.86, 20.32, 17.78, 15.24, 12.7, 10.16, 7.62, 5.08, 2.54, 0, 2.54, 5.08, 7.62, 10.16, 29.6212, 27.4743, 
212.44, 217.505, 48.1194, 42.6009, 40.7992, 38.1854, 27.94, 25.4, 22.86, 20.32, 17.78, 15.24, 12.7, 10.16, 7.62, 5.08, 2.54, 0, 2.54, 5.08, 7.62, 31.8261, 29.6212, 
212.646, 217.707, 50.1417, 44.8725, 43.1658, 40.7042, 30.48, 27.94, 25.4, 22.86, 20.32, 17.78, 15.24, 12.7, 10.16, 7.62, 5.08, 2.54, 0, 2.54, 5.08, 34.0777, 31.8261, 
212.882, 217.938, 52.2092, 47.1716, 45.5511, 43.2255, 33.02, 30.48, 27.94, 25.4, 22.86, 20.32, 17.78, 15.24, 12.7, 10.16, 7.62, 5.08, 2.54, 0, 2.54, 36.3673, 34.0777, 
213.149, 218.198, 54.3168, 49.4942, 47.9522, 45.7489, 35.56, 33.02, 30.48, 27.94, 25.4, 22.86, 20.32, 17.78, 15.24, 12.7, 10.16, 7.62, 5.08, 2.54, 0, 38.6881, 36.3673, 
196.958, 202.029, 46.0364, 36.1805, 32.0493, 22.606, 15.24, 15.4502, 16.0644, 17.0388, 18.3162, 19.838, 21.5526, 23.4176, 25.4, 27.4743, 29.6212, 31.8261, 34.0777, 36.3673, 38.6881, 0, 2.54, 
196.821, 201.895, 46.649, 36.9568, 32.9231, 23.8287, 15.4502, 15.24, 15.4502, 16.0644, 17.0388, 18.3162, 19.838, 21.5526, 23.4176, 25.4, 27.4743, 29.6212, 31.8261, 34.0777, 36.3673, 2.54, 0, 
Scaled Distances:
0, 2, 179, 172, 169, 161, 157, 157, 157, 156, 156, 156, 156, 157, 157, 157, 157, 157, 157, 157, 157, 145, 145, 
2, 0, 183, 176, 172, 165, 160, 160, 160, 160, 160, 160, 160, 160, 160, 160, 161, 161, 161, 161, 161, 149, 149, 
179, 183, 0, 6, 9, 17, 22, 22, 23, 24, 25, 26, 27, 28, 30, 31, 33, 34, 36, 37, 39, 33, 33, 
172, 176, 6, 0, 1, 9, 14, 15, 17, 18, 19, 20, 22, 23, 25, 27, 28, 30, 32, 33, 35, 25, 26, 
169, 172, 9, 1, 0, 6, 12, 13, 14, 15, 17, 18, 20, 22, 23, 25, 27, 29, 30, 32, 34, 22, 23, 
161, 165, 17, 9, 6, 0, 6, 8, 10, 12, 14, 15, 17, 19, 21, 23, 25, 27, 29, 30, 32, 15, 16, 
157, 160, 22, 14, 12, 6, 0, 0, 2, 4, 6, 8, 9, 11, 13, 15, 17, 19, 21, 23, 25, 9, 10, 
157, 160, 22, 15, 13, 8, 0, 0, 0, 2, 4, 6, 8, 9, 11, 13, 15, 17, 19, 21, 23, 10, 9, 
157, 160, 23, 17, 14, 10, 2, 0, 0, 0, 2, 4, 6, 8, 9, 11, 13, 15, 17, 19, 21, 10, 10, 
156, 160, 24, 18, 15, 12, 4, 2, 0, 0, 0, 2, 4, 6, 8, 9, 11, 13, 15, 17, 19, 11, 10, 
156, 160, 25, 19, 17, 14, 6, 4, 2, 0, 0, 0, 2, 4, 6, 8, 9, 11, 13, 15, 17, 12, 11, 
156, 160, 26, 20, 18, 15, 8, 6, 4, 2, 0, 0, 0, 2, 4, 6, 8, 9, 11, 13, 15, 13, 12, 
156, 160, 27, 22, 20, 17, 9, 8, 6, 4, 2, 0, 0, 0, 2, 4, 6, 8, 9, 11, 13, 14, 13, 
157, 160, 28, 23, 22, 19, 11, 9, 8, 6, 4, 2, 0, 0, 0, 2, 4, 6, 8, 9, 11, 16, 14, 
157, 160, 30, 25, 23, 21, 13, 11, 9, 8, 6, 4, 2, 0, 0, 0, 2, 4, 6, 8, 9, 17, 16, 
157, 160, 31, 27, 25, 23, 15, 13, 11, 9, 8, 6, 4, 2, 0, 0, 0, 2, 4, 6, 8, 19, 17, 
157, 161, 33, 28, 27, 25, 17, 15, 13, 11, 9, 8, 6, 4, 2, 0, 0, 0, 2, 4, 6, 20, 19, 
157, 161, 34, 30, 29, 27, 19, 17, 15, 13, 11, 9, 8, 6, 4, 2, 0, 0, 0, 2, 4, 22, 20, 
157, 161, 36, 32, 30, 29, 21, 19, 17, 15, 13, 11, 9, 8, 6, 4, 2, 0, 0, 0, 2, 24, 22, 
157, 161, 37, 33, 32, 30, 23, 21, 19, 17, 15, 13, 11, 9, 8, 6, 4, 2, 0, 0, 0, 25, 24, 
157, 161, 39, 35, 34, 32, 25, 23, 21, 19, 17, 15, 13, 11, 9, 8, 6, 4, 2, 0, 0, 27, 25, 
145, 149, 33, 25, 22, 15, 9, 10, 10, 11, 12, 13, 14, 16, 17, 19, 20, 22, 24, 25, 27, 0, 0, 
145, 149, 33, 26, 23, 16, 10, 9, 10, 10, 11, 12, 13, 14, 16, 17, 19, 20, 22, 24, 25, 0, 0, 
Optimal total distance (scaled) for 23 points: 191
Optimal total distance for 23 points: 312.276011
Corresponding path (0-indexed):
Point #2
Point #3
Point #4
Point #5
Point #6
Point #7
Point #8
Point #9
Point #10
Point #11
Point #12
Point #13
Point #14
Point #15
Point #16
Point #17
Point #18
Point #19
Point #20
Point #22
Point #21
Point #0
Point #1
Execution time: 1905 ms

Elapsed time: 1905 ms


Execution #2/10000

Seed: 2
Estimated max possible cost 365.238203
for path: 
0 1 2 3 4 5 6 7 8 9 10 11 12 13 14 15 16 17 18 19 20 21 22 
Execution time: 1273 ms

Elapsed time: 3178 ms


Execution #3/10000

Seed: 3
Estimated max possible cost 365.238203
for path: 
0 1 2 3 4 5 6 7 8 9 10 11 12 13 14 15 16 17 18 19 20 21 22 
Execution time: 1652 ms

Elapsed time: 4830 ms


Execution #4/10000

Seed: 4
Estimated max possible cost 365.238203
for path: 
0 1 2 3 4 5 6 7 8 9 10 11 12 13 14 15 16 17 18 19 20 21 22 
Execution time: 1801 ms

Elapsed time: 6631 ms


Execution #5/10000

Seed: 5
Estimated max possible cost 365.238203
for path: 
0 1 2 3 4 5 6 7 8 9 10 11 12 13 14 15 16 17 18 19 20 21 22 
Execution time: 1895 ms

Elapsed time: 8526 ms


Execution #6/10000

Seed: 6
Estimated max possible cost 365.238203
for path: 
0 1 2 3 4 5 6 7 8 9 10 11 12 13 14 15 16 17 18 19 20 21 22 
Execution time: 1589 ms

Elapsed time: 10115 ms


Execution #7/10000

Seed: 7
Estimated max possible cost 365.238203
for path: 
0 1 2 3 4 5 6 7 8 9 10 11 12 13 14 15 16 17 18 19 20 21 22 
Execution time: 1724 ms

Elapsed time: 11839 ms


Execution #8/10000

Seed: 8
Estimated max possible cost 365.238203
for path: 
0 1 2 3 4 5 6 7 8 9 10 11 12 13 14 15 16 17 18 19 20 21 22 
Execution time: 1885 ms

Elapsed time: 13724 ms


Execution #9/10000

Seed: 9
Estimated max possible cost 365.238203
for path: 
0 1 2 3 4 5 6 7 8 9 10 11 12 13 14 15 16 17 18 19 20 21 22 
Execution time: 1549 ms

Elapsed time: 15273 ms


Execution #10/10000

Seed: 10
Estimated max possible cost 365.238203
for path: 
0 1 2 3 4 5 6 7 8 9 10 11 12 13 14 15 16 17 18 19 20 21 22 
Execution time: 1897 ms

Elapsed time: 17170 ms


Execution #11/10000

Seed: 11
Estimated max possible cost 365.238203
for path: 
0 1 2 3 4 5 6 7 8 9 10 11 12 13 14 15 16 17 18 19 20 21 22 
Execution time: 1899 ms

Elapsed time: 19069 ms


Execution #12/10000

Seed: 12
Estimated max possible cost 365.238203
for path: 
0 1 2 3 4 5 6 7 8 9 10 11 12 13 14 15 16 17 18 19 20 21 22 
Execution time: 1754 ms

Elapsed time: 20823 ms


Execution #13/10000

Seed: 13
Estimated max possible cost 365.238203
for path: 
0 1 2 3 4 5 6 7 8 9 10 11 12 13 14 15 16 17 18 19 20 21 22 
Execution time: 1600 ms

Elapsed time: 22423 ms


Execution #14/10000

Seed: 14
Estimated max possible cost 365.238203
for path: 
0 1 2 3 4 5 6 7 8 9 10 11 12 13 14 15 16 17 18 19 20 21 22 
Execution time: 1891 ms

Elapsed time: 24314 ms


Execution #15/10000

Seed: 15
Estimated max possible cost 365.238203
for path: 
0 1 2 3 4 5 6 7 8 9 10 11 12 13 14 15 16 17 18 19 20 21 22 
Execution time: 1915 ms

Elapsed time: 26229 ms


Execution #16/10000

Seed: 16
Estimated max possible cost 365.238203
for path: 
0 1 2 3 4 5 6 7 8 9 10 11 12 13 14 15 16 17 18 19 20 21 22 
Execution time: 1346 ms

Elapsed time: 27575 ms


Execution #17/10000

Seed: 17
Estimated max possible cost 365.238203
for path: 
0 1 2 3 4 5 6 7 8 9 10 11 12 13 14 15 16 17 18 19 20 21 22 
Execution time: 1927 ms

Elapsed time: 29502 ms


Execution #18/10000

Seed: 18
Estimated max possible cost 365.238203
for path: 
0 1 2 3 4 5 6 7 8 9 10 11 12 13 14 15 16 17 18 19 20 21 22 
Execution time: 1889 ms

Elapsed time: 31391 ms


Execution #19/10000

Seed: 19
Estimated max possible cost 365.238203
for path: 
0 1 2 3 4 5 6 7 8 9 10 11 12 13 14 15 16 17 18 19 20 21 22 
Execution time: 1913 ms

Elapsed time: 33304 ms


Execution #20/10000

Seed: 20
Estimated max possible cost 365.238203
for path: 
0 1 2 3 4 5 6 7 8 9 10 11 12 13 14 15 16 17 18 19 20 21 22 
Execution time: 1864 ms

Elapsed time: 35168 ms


Execution #21/10000

Seed: 21
Estimated max possible cost 365.238203
for path: 
0 1 2 3 4 5 6 7 8 9 10 11 12 13 14 15 16 17 18 19 20 21 22 
Execution time: 1883 ms

Elapsed time: 37051 ms


Execution #22/10000

Seed: 22
Estimated max possible cost 365.238203
for path: 
0 1 2 3 4 5 6 7 8 9 10 11 12 13 14 15 16 17 18 19 20 21 22 
Execution time: 1891 ms

Elapsed time: 38942 ms


Execution #23/10000

Seed: 23
Estimated max possible cost 365.238203
for path: 
0 1 2 3 4 5 6 7 8 9 10 11 12 13 14 15 16 17 18 19 20 21 22 
Execution time: 1754 ms

Elapsed time: 40696 ms


Execution #24/10000

Seed: 24
Estimated max possible cost 365.238203
for path: 
0 1 2 3 4 5 6 7 8 9 10 11 12 13 14 15 16 17 18 19 20 21 22 
Execution time: 1902 ms

Elapsed time: 42598 ms


Execution #25/10000

Seed: 25
Estimated max possible cost 365.238203
for path: 
0 1 2 3 4 5 6 7 8 9 10 11 12 13 14 15 16 17 18 19 20 21 22 
Execution time: 1885 ms

Elapsed time: 44483 ms


Execution #26/10000

Seed: 26
Estimated max possible cost 365.238203
for path: 
0 1 2 3 4 5 6 7 8 9 10 11 12 13 14 15 16 17 18 19 20 21 22 
Execution time: 1895 ms

Elapsed time: 46378 ms


Execution #27/10000

Seed: 27
Estimated max possible cost 365.238203
for path: 
0 1 2 3 4 5 6 7 8 9 10 11 12 13 14 15 16 17 18 19 20 21 22 
Execution time: 1686 ms

Elapsed time: 48064 ms


Execution #28/10000

Seed: 28
Estimated max possible cost 365.238203
for path: 
0 1 2 3 4 5 6 7 8 9 10 11 12 13 14 15 16 17 18 19 20 21 22 
Execution time: 1892 ms

Elapsed time: 49956 ms


Execution #29/10000

Seed: 29
Estimated max possible cost 365.238203
for path: 
0 1 2 3 4 5 6 7 8 9 10 11 12 13 14 15 16 17 18 19 20 21 22 
Execution time: 1820 ms

Elapsed time: 51776 ms


Execution #30/10000

Seed: 30
Estimated max possible cost 365.238203
for path: 
0 1 2 3 4 5 6 7 8 9 10 11 12 13 14 15 16 17 18 19 20 21 22 
Execution time: 1752 ms

Elapsed time: 53528 ms


Execution #31/10000

Seed: 31
Estimated max possible cost 365.238203
for path: 
0 1 2 3 4 5 6 7 8 9 10 11 12 13 14 15 16 17 18 19 20 21 22 
Execution time: 1611 ms

Elapsed time: 55139 ms


Execution #32/10000

Seed: 32
Estimated max possible cost 365.238203
for path: 
0 1 2 3 4 5 6 7 8 9 10 11 12 13 14 15 16 17 18 19 20 21 22 
Execution time: 1910 ms

Elapsed time: 57049 ms


Execution #33/10000

Seed: 33
Estimated max possible cost 365.238203
for path: 
0 1 2 3 4 5 6 7 8 9 10 11 12 13 14 15 16 17 18 19 20 21 22 
Execution time: 1534 ms

Elapsed time: 58583 ms


Execution #34/10000

Seed: 34
Estimated max possible cost 365.238203
for path: 
0 1 2 3 4 5 6 7 8 9 10 11 12 13 14 15 16 17 18 19 20 21 22 
Execution time: 1448 ms

Elapsed time: 60031 ms


Execution #35/10000

Seed: 35
Estimated max possible cost 365.238203
for path: 
0 1 2 3 4 5 6 7 8 9 10 11 12 13 14 15 16 17 18 19 20 21 22 
Execution time: 1841 ms

Elapsed time: 61872 ms


Execution #36/10000

Seed: 36
Estimated max possible cost 365.238203
for path: 
0 1 2 3 4 5 6 7 8 9 10 11 12 13 14 15 16 17 18 19 20 21 22 
Execution time: 1907 ms

Elapsed time: 63779 ms


Execution #37/10000

Seed: 37
Estimated max possible cost 365.238203
for path: 
0 1 2 3 4 5 6 7 8 9 10 11 12 13 14 15 16 17 18 19 20 21 22 
Execution time: 1767 ms

Elapsed time: 65546 ms


Execution #38/10000

Seed: 38
Estimated max possible cost 365.238203
for path: 
0 1 2 3 4 5 6 7 8 9 10 11 12 13 14 15 16 17 18 19 20 21 22 
Execution time: 1640 ms

Elapsed time: 67186 ms


Execution #39/10000

Seed: 39
Estimated max possible cost 365.238203
for path: 
0 1 2 3 4 5 6 7 8 9 10 11 12 13 14 15 16 17 18 19 20 21 22 
Execution time: 1896 ms

Elapsed time: 69082 ms


Execution #40/10000

Seed: 40
Estimated max possible cost 365.238203
for path: 
0 1 2 3 4 5 6 7 8 9 10 11 12 13 14 15 16 17 18 19 20 21 22 
Execution time: 1889 ms

Elapsed time: 70971 ms


Execution #41/10000

Seed: 41
Estimated max possible cost 365.238203
for path: 
0 1 2 3 4 5 6 7 8 9 10 11 12 13 14 15 16 17 18 19 20 21 22 
Execution time: 1842 ms

Elapsed time: 72813 ms


Execution #42/10000

Seed: 42
Estimated max possible cost 365.238203
for path: 
0 1 2 3 4 5 6 7 8 9 10 11 12 13 14 15 16 17 18 19 20 21 22 
Execution time: 1169 ms

Elapsed time: 73982 ms


Execution #43/10000

Seed: 43
Estimated max possible cost 365.238203
for path: 
0 1 2 3 4 5 6 7 8 9 10 11 12 13 14 15 16 17 18 19 20 21 22 
Execution time: 1131 ms

Elapsed time: 75113 ms


Execution #44/10000

Seed: 44
Estimated max possible cost 365.238203
for path: 
0 1 2 3 4 5 6 7 8 9 10 11 12 13 14 15 16 17 18 19 20 21 22 
Execution time: 1824 ms

Elapsed time: 76937 ms


Execution #45/10000

Seed: 45
Estimated max possible cost 365.238203
for path: 
0 1 2 3 4 5 6 7 8 9 10 11 12 13 14 15 16 17 18 19 20 21 22 
Execution time: 1422 ms

Elapsed time: 78359 ms


Execution #46/10000

Seed: 46
Estimated max possible cost 365.238203
for path: 
0 1 2 3 4 5 6 7 8 9 10 11 12 13 14 15 16 17 18 19 20 21 22 
Execution time: 1807 ms

Elapsed time: 80166 ms


Execution #47/10000

Seed: 47
Estimated max possible cost 365.238203
for path: 
0 1 2 3 4 5 6 7 8 9 10 11 12 13 14 15 16 17 18 19 20 21 22 
Execution time: 1907 ms

Elapsed time: 82073 ms


Execution #48/10000

Seed: 48
Estimated max possible cost 365.238203
for path: 
0 1 2 3 4 5 6 7 8 9 10 11 12 13 14 15 16 17 18 19 20 21 22 
Execution time: 1890 ms

Elapsed time: 83963 ms


Execution #49/10000

Seed: 49
Estimated max possible cost 365.238203
for path: 
0 1 2 3 4 5 6 7 8 9 10 11 12 13 14 15 16 17 18 19 20 21 22 
Execution time: 1922 ms

Elapsed time: 85885 ms


Execution #50/10000

Seed: 50
Estimated max possible cost 365.238203
for path: 
0 1 2 3 4 5 6 7 8 9 10 11 12 13 14 15 16 17 18 19 20 21 22 
Execution time: 1789 ms

Elapsed time: 87674 ms


Execution #51/10000

Seed: 51
Estimated max possible cost 365.238203
for path: 
0 1 2 3 4 5 6 7 8 9 10 11 12 13 14 15 16 17 18 19 20 21 22 
Execution time: 1921 ms

Elapsed time: 89595 ms


Execution #52/10000

Seed: 52
Estimated max possible cost 365.238203
for path: 
0 1 2 3 4 5 6 7 8 9 10 11 12 13 14 15 16 17 18 19 20 21 22 
Execution time: 1882 ms

Elapsed time: 91477 ms


Execution #53/10000

Seed: 53
Estimated max possible cost 365.238203
for path: 
0 1 2 3 4 5 6 7 8 9 10 11 12 13 14 15 16 17 18 19 20 21 22 
Execution time: 1405 ms

Elapsed time: 92882 ms


Execution #54/10000

Seed: 54
Estimated max possible cost 365.238203
for path: 
0 1 2 3 4 5 6 7 8 9 10 11 12 13 14 15 16 17 18 19 20 21 22 
Execution time: 1794 ms

Elapsed time: 94676 ms


Execution #55/10000

Seed: 55
Estimated max possible cost 365.238203
for path: 
0 1 2 3 4 5 6 7 8 9 10 11 12 13 14 15 16 17 18 19 20 21 22 
Execution time: 1743 ms

Elapsed time: 96419 ms


Execution #56/10000

Seed: 56
Estimated max possible cost 365.238203
for path: 
0 1 2 3 4 5 6 7 8 9 10 11 12 13 14 15 16 17 18 19 20 21 22 
Execution time: 1896 ms

Elapsed time: 98315 ms


Execution #57/10000

Seed: 57
Estimated max possible cost 365.238203
for path: 
0 1 2 3 4 5 6 7 8 9 10 11 12 13 14 15 16 17 18 19 20 21 22 
Execution time: 1801 ms

Elapsed time: 100116 ms


Execution #58/10000

Seed: 58
Estimated max possible cost 365.238203
for path: 
0 1 2 3 4 5 6 7 8 9 10 11 12 13 14 15 16 17 18 19 20 21 22 
Execution time: 1893 ms

Elapsed time: 102009 ms


Execution #59/10000

Seed: 59
Estimated max possible cost 365.238203
for path: 
0 1 2 3 4 5 6 7 8 9 10 11 12 13 14 15 16 17 18 19 20 21 22 
Execution time: 1887 ms

Elapsed time: 103896 ms


Execution #60/10000

Seed: 60
Estimated max possible cost 365.238203
for path: 
0 1 2 3 4 5 6 7 8 9 10 11 12 13 14 15 16 17 18 19 20 21 22 
Execution time: 1893 ms

Elapsed time: 105789 ms


Execution #61/10000

Seed: 61
Estimated max possible cost 365.238203
for path: 
0 1 2 3 4 5 6 7 8 9 10 11 12 13 14 15 16 17 18 19 20 21 22 
Execution time: 1886 ms

Elapsed time: 107675 ms


Execution #62/10000

Seed: 62
Estimated max possible cost 365.238203
for path: 
0 1 2 3 4 5 6 7 8 9 10 11 12 13 14 15 16 17 18 19 20 21 22 
Execution time: 1898 ms

Elapsed time: 109573 ms


Execution #63/10000

Seed: 63
Estimated max possible cost 365.238203
for path: 
0 1 2 3 4 5 6 7 8 9 10 11 12 13 14 15 16 17 18 19 20 21 22 
Execution time: 1538 ms

Elapsed time: 111111 ms


Execution #64/10000

Seed: 64
Estimated max possible cost 365.238203
for path: 
0 1 2 3 4 5 6 7 8 9 10 11 12 13 14 15 16 17 18 19 20 21 22 
Execution time: 1607 ms

Elapsed time: 112718 ms


Execution #65/10000

Seed: 65
Estimated max possible cost 365.238203
for path: 
0 1 2 3 4 5 6 7 8 9 10 11 12 13 14 15 16 17 18 19 20 21 22 
Execution time: 1828 ms

Elapsed time: 114546 ms


Execution #66/10000

Seed: 66
Estimated max possible cost 365.238203
for path: 
0 1 2 3 4 5 6 7 8 9 10 11 12 13 14 15 16 17 18 19 20 21 22 
Execution time: 1926 ms

Elapsed time: 116472 ms


Execution #67/10000

Seed: 67
Estimated max possible cost 365.238203
for path: 
0 1 2 3 4 5 6 7 8 9 10 11 12 13 14 15 16 17 18 19 20 21 22 
Execution time: 1885 ms

Elapsed time: 118357 ms


Execution #68/10000

Seed: 68
Estimated max possible cost 365.238203
for path: 
0 1 2 3 4 5 6 7 8 9 10 11 12 13 14 15 16 17 18 19 20 21 22 
Execution time: 1906 ms

Elapsed time: 120263 ms


Execution #69/10000

Seed: 69
Estimated max possible cost 365.238203
for path: 
0 1 2 3 4 5 6 7 8 9 10 11 12 13 14 15 16 17 18 19 20 21 22 
Execution time: 1882 ms

Elapsed time: 122145 ms


Execution #70/10000

Seed: 70
Estimated max possible cost 365.238203
for path: 
0 1 2 3 4 5 6 7 8 9 10 11 12 13 14 15 16 17 18 19 20 21 22 
Execution time: 1886 ms

Elapsed time: 124031 ms


Execution #71/10000

Seed: 71
Estimated max possible cost 365.238203
for path: 
0 1 2 3 4 5 6 7 8 9 10 11 12 13 14 15 16 17 18 19 20 21 22 
Execution time: 1897 ms

Elapsed time: 125928 ms


Execution #72/10000

Seed: 72
Estimated max possible cost 365.238203
for path: 
0 1 2 3 4 5 6 7 8 9 10 11 12 13 14 15 16 17 18 19 20 21 22 
Execution time: 1459 ms

Elapsed time: 127387 ms


Execution #73/10000

Seed: 73
Estimated max possible cost 365.238203
for path: 
0 1 2 3 4 5 6 7 8 9 10 11 12 13 14 15 16 17 18 19 20 21 22 
Execution time: 1867 ms

Elapsed time: 129254 ms


Execution #74/10000

Seed: 74
Estimated max possible cost 365.238203
for path: 
0 1 2 3 4 5 6 7 8 9 10 11 12 13 14 15 16 17 18 19 20 21 22 
Execution time: 1887 ms

Elapsed time: 131141 ms


Execution #75/10000

Seed: 75
Estimated max possible cost 365.238203
for path: 
0 1 2 3 4 5 6 7 8 9 10 11 12 13 14 15 16 17 18 19 20 21 22 
Execution time: 1824 ms

Elapsed time: 132965 ms


Execution #76/10000

Seed: 76
Estimated max possible cost 365.238203
for path: 
0 1 2 3 4 5 6 7 8 9 10 11 12 13 14 15 16 17 18 19 20 21 22 
Execution time: 1886 ms

Elapsed time: 134851 ms


Execution #77/10000

Seed: 77
Estimated max possible cost 365.238203
for path: 
0 1 2 3 4 5 6 7 8 9 10 11 12 13 14 15 16 17 18 19 20 21 22 
Execution time: 1491 ms

Elapsed time: 136342 ms


Execution #78/10000

Seed: 78
Estimated max possible cost 365.238203
for path: 
0 1 2 3 4 5 6 7 8 9 10 11 12 13 14 15 16 17 18 19 20 21 22 
Execution time: 1571 ms

Elapsed time: 137913 ms


Execution #79/10000

Seed: 79
Estimated max possible cost 365.238203
for path: 
0 1 2 3 4 5 6 7 8 9 10 11 12 13 14 15 16 17 18 19 20 21 22 
Execution time: 1836 ms

Elapsed time: 139749 ms


Execution #80/10000

Seed: 80
Estimated max possible cost 365.238203
for path: 
0 1 2 3 4 5 6 7 8 9 10 11 12 13 14 15 16 17 18 19 20 21 22 
Execution time: 1891 ms

Elapsed time: 141640 ms


Execution #81/10000

Seed: 81
Estimated max possible cost 365.238203
for path: 
0 1 2 3 4 5 6 7 8 9 10 11 12 13 14 15 16 17 18 19 20 21 22 
Execution time: 1924 ms

Elapsed time: 143564 ms


Execution #82/10000

Seed: 82
Estimated max possible cost 365.238203
for path: 
0 1 2 3 4 5 6 7 8 9 10 11 12 13 14 15 16 17 18 19 20 21 22 
Execution time: 1886 ms

Elapsed time: 145450 ms


Execution #83/10000

Seed: 83
Estimated max possible cost 365.238203
for path: 
0 1 2 3 4 5 6 7 8 9 10 11 12 13 14 15 16 17 18 19 20 21 22 
Execution time: 1884 ms

Elapsed time: 147334 ms


Execution #84/10000

Seed: 84
Estimated max possible cost 365.238203
for path: 
0 1 2 3 4 5 6 7 8 9 10 11 12 13 14 15 16 17 18 19 20 21 22 
Execution time: 1884 ms

Elapsed time: 149218 ms


Execution #85/10000

Seed: 85
Estimated max possible cost 365.238203
for path: 
0 1 2 3 4 5 6 7 8 9 10 11 12 13 14 15 16 17 18 19 20 21 22 
Execution time: 1898 ms

Elapsed time: 151116 ms


Execution #86/10000

Seed: 86
Estimated max possible cost 365.238203
for path: 
0 1 2 3 4 5 6 7 8 9 10 11 12 13 14 15 16 17 18 19 20 21 22 
Execution time: 1893 ms

Elapsed time: 153009 ms


Execution #87/10000

Seed: 87
Estimated max possible cost 365.238203
for path: 
0 1 2 3 4 5 6 7 8 9 10 11 12 13 14 15 16 17 18 19 20 21 22 
Execution time: 1886 ms

Elapsed time: 154895 ms


Execution #88/10000

Seed: 88
Estimated max possible cost 365.238203
for path: 
0 1 2 3 4 5 6 7 8 9 10 11 12 13 14 15 16 17 18 19 20 21 22 
Execution time: 1866 ms

Elapsed time: 156761 ms


Execution #89/10000

Seed: 89
Estimated max possible cost 365.238203
for path: 
0 1 2 3 4 5 6 7 8 9 10 11 12 13 14 15 16 17 18 19 20 21 22 
Execution time: 1889 ms

Elapsed time: 158650 ms


Execution #90/10000

Seed: 90
Estimated max possible cost 365.238203
for path: 
0 1 2 3 4 5 6 7 8 9 10 11 12 13 14 15 16 17 18 19 20 21 22 
Execution time: 1891 ms

Elapsed time: 160541 ms


Execution #91/10000

Seed: 91
Estimated max possible cost 365.238203
for path: 
0 1 2 3 4 5 6 7 8 9 10 11 12 13 14 15 16 17 18 19 20 21 22 
Execution time: 1884 ms

Elapsed time: 162425 ms


Execution #92/10000

Seed: 92
Estimated max possible cost 365.238203
for path: 
0 1 2 3 4 5 6 7 8 9 10 11 12 13 14 15 16 17 18 19 20 21 22 
Execution time: 1708 ms

Elapsed time: 164133 ms


Execution #93/10000

Seed: 93
Estimated max possible cost 365.238203
for path: 
0 1 2 3 4 5 6 7 8 9 10 11 12 13 14 15 16 17 18 19 20 21 22 
Execution time: 1885 ms

Elapsed time: 166018 ms


Execution #94/10000

Seed: 94
Estimated max possible cost 365.238203
for path: 
0 1 2 3 4 5 6 7 8 9 10 11 12 13 14 15 16 17 18 19 20 21 22 
Execution time: 1890 ms

Elapsed time: 167908 ms


Execution #95/10000

Seed: 95
Estimated max possible cost 365.238203
for path: 
0 1 2 3 4 5 6 7 8 9 10 11 12 13 14 15 16 17 18 19 20 21 22 
Execution time: 1891 ms

Elapsed time: 169799 ms


Execution #96/10000

Seed: 96
Estimated max possible cost 365.238203
for path: 
0 1 2 3 4 5 6 7 8 9 10 11 12 13 14 15 16 17 18 19 20 21 22 
Execution time: 1414 ms

Elapsed time: 171213 ms


Execution #97/10000

Seed: 97
Estimated max possible cost 365.238203
for path: 
0 1 2 3 4 5 6 7 8 9 10 11 12 13 14 15 16 17 18 19 20 21 22 
Execution time: 1834 ms

Elapsed time: 173047 ms


Execution #98/10000

Seed: 98
Estimated max possible cost 365.238203
for path: 
0 1 2 3 4 5 6 7 8 9 10 11 12 13 14 15 16 17 18 19 20 21 22 
Execution time: 1696 ms

Elapsed time: 174743 ms


Execution #99/10000

Seed: 99
Estimated max possible cost 365.238203
for path: 
0 1 2 3 4 5 6 7 8 9 10 11 12 13 14 15 16 17 18 19 20 21 22 
Execution time: 1885 ms

Elapsed time: 176628 ms


Execution #100/10000

Seed: 100
Estimated max possible cost 365.238203
for path: 
0 1 2 3 4 5 6 7 8 9 10 11 12 13 14 15 16 17 18 19 20 21 22 
Execution time: 1905 ms

Elapsed time: 178533 ms


Execution #101/10000

Seed: 101
Estimated max possible cost 365.238203
for path: 
0 1 2 3 4 5 6 7 8 9 10 11 12 13 14 15 16 17 18 19 20 21 22 
Execution time: 1886 ms

Elapsed time: 180419 ms


Execution #102/10000

Seed: 102
Estimated max possible cost 365.238203
for path: 
0 1 2 3 4 5 6 7 8 9 10 11 12 13 14 15 16 17 18 19 20 21 22 
Execution time: 1885 ms

Elapsed time: 182304 ms


Execution #103/10000

Seed: 103
Estimated max possible cost 365.238203
for path: 
0 1 2 3 4 5 6 7 8 9 10 11 12 13 14 15 16 17 18 19 20 21 22 
Execution time: 1888 ms

Elapsed time: 184192 ms


Execution #104/10000

Seed: 104
Estimated max possible cost 365.238203
for path: 
0 1 2 3 4 5 6 7 8 9 10 11 12 13 14 15 16 17 18 19 20 21 22 
Execution time: 1733 ms

Elapsed time: 185925 ms


Execution #105/10000

Seed: 105
Estimated max possible cost 365.238203
for path: 
0 1 2 3 4 5 6 7 8 9 10 11 12 13 14 15 16 17 18 19 20 21 22 
Execution time: 1895 ms

Elapsed time: 187820 ms


Execution #106/10000

Seed: 106
Estimated max possible cost 365.238203
for path: 
0 1 2 3 4 5 6 7 8 9 10 11 12 13 14 15 16 17 18 19 20 21 22 
Execution time: 1572 ms

Elapsed time: 189392 ms


Execution #107/10000

Seed: 107
Estimated max possible cost 365.238203
for path: 
0 1 2 3 4 5 6 7 8 9 10 11 12 13 14 15 16 17 18 19 20 21 22 
Execution time: 1893 ms

Elapsed time: 191285 ms


Execution #108/10000

Seed: 108
Estimated max possible cost 365.238203
for path: 
0 1 2 3 4 5 6 7 8 9 10 11 12 13 14 15 16 17 18 19 20 21 22 
Execution time: 1576 ms

Elapsed time: 192861 ms


Execution #109/10000

Seed: 109
Estimated max possible cost 365.238203
for path: 
0 1 2 3 4 5 6 7 8 9 10 11 12 13 14 15 16 17 18 19 20 21 22 
Execution time: 1682 ms

Elapsed time: 194543 ms


Execution #110/10000

Seed: 110
Estimated max possible cost 365.238203
for path: 
0 1 2 3 4 5 6 7 8 9 10 11 12 13 14 15 16 17 18 19 20 21 22 
Execution time: 1897 ms

Elapsed time: 196440 ms


Execution #111/10000

Seed: 111
Estimated max possible cost 365.238203
for path: 
0 1 2 3 4 5 6 7 8 9 10 11 12 13 14 15 16 17 18 19 20 21 22 
Execution time: 1904 ms

Elapsed time: 198344 ms


Execution #112/10000

Seed: 112
Estimated max possible cost 365.238203
for path: 
0 1 2 3 4 5 6 7 8 9 10 11 12 13 14 15 16 17 18 19 20 21 22 
Execution time: 1887 ms

Elapsed time: 200231 ms


Execution #113/10000

Seed: 113
Estimated max possible cost 365.238203
for path: 
0 1 2 3 4 5 6 7 8 9 10 11 12 13 14 15 16 17 18 19 20 21 22 
Execution time: 1928 ms

Elapsed time: 202159 ms


Execution #114/10000

Seed: 114
Estimated max possible cost 365.238203
for path: 
0 1 2 3 4 5 6 7 8 9 10 11 12 13 14 15 16 17 18 19 20 21 22 
Execution time: 1882 ms

Elapsed time: 204041 ms


Execution #115/10000

Seed: 115
Estimated max possible cost 365.238203
for path: 
0 1 2 3 4 5 6 7 8 9 10 11 12 13 14 15 16 17 18 19 20 21 22 
Execution time: 1682 ms

Elapsed time: 205723 ms


Execution #116/10000

Seed: 116
Estimated max possible cost 365.238203
for path: 
0 1 2 3 4 5 6 7 8 9 10 11 12 13 14 15 16 17 18 19 20 21 22 
Execution time: 1549 ms

Elapsed time: 207272 ms


Execution #117/10000

Seed: 117
Estimated max possible cost 365.238203
for path: 
0 1 2 3 4 5 6 7 8 9 10 11 12 13 14 15 16 17 18 19 20 21 22 
Execution time: 1665 ms

Elapsed time: 208937 ms


Execution #118/10000

Seed: 118
Estimated max possible cost 365.238203
for path: 
0 1 2 3 4 5 6 7 8 9 10 11 12 13 14 15 16 17 18 19 20 21 22 
Execution time: 1786 ms

Elapsed time: 210723 ms


Execution #119/10000

Seed: 119
Estimated max possible cost 365.238203
for path: 
0 1 2 3 4 5 6 7 8 9 10 11 12 13 14 15 16 17 18 19 20 21 22 
Execution time: 1808 ms

Elapsed time: 212531 ms


Execution #120/10000

Seed: 120
Estimated max possible cost 365.238203
for path: 
0 1 2 3 4 5 6 7 8 9 10 11 12 13 14 15 16 17 18 19 20 21 22 
Execution time: 1440 ms

Elapsed time: 213971 ms


Execution #121/10000

Seed: 121
Estimated max possible cost 365.238203
for path: 
0 1 2 3 4 5 6 7 8 9 10 11 12 13 14 15 16 17 18 19 20 21 22 
Execution time: 1892 ms

Elapsed time: 215863 ms


Execution #122/10000

Seed: 122
Estimated max possible cost 365.238203
for path: 
0 1 2 3 4 5 6 7 8 9 10 11 12 13 14 15 16 17 18 19 20 21 22 
Execution time: 1897 ms

Elapsed time: 217760 ms


Execution #123/10000

Seed: 123
Estimated max possible cost 365.238203
for path: 
0 1 2 3 4 5 6 7 8 9 10 11 12 13 14 15 16 17 18 19 20 21 22 
Execution time: 1895 ms

Elapsed time: 219655 ms


Execution #124/10000

Seed: 124
Estimated max possible cost 365.238203
for path: 
0 1 2 3 4 5 6 7 8 9 10 11 12 13 14 15 16 17 18 19 20 21 22 
Execution time: 1879 ms

Elapsed time: 221534 ms


Execution #125/10000

Seed: 125
Estimated max possible cost 365.238203
for path: 
0 1 2 3 4 5 6 7 8 9 10 11 12 13 14 15 16 17 18 19 20 21 22 
Execution time: 1742 ms

Elapsed time: 223276 ms


Execution #126/10000

Seed: 126
Estimated max possible cost 365.238203
for path: 
0 1 2 3 4 5 6 7 8 9 10 11 12 13 14 15 16 17 18 19 20 21 22 
Execution time: 1904 ms

Elapsed time: 225180 ms


Execution #127/10000

Seed: 127
Estimated max possible cost 365.238203
for path: 
0 1 2 3 4 5 6 7 8 9 10 11 12 13 14 15 16 17 18 19 20 21 22 
Execution time: 1890 ms

Elapsed time: 227070 ms


Execution #128/10000

Seed: 128
Estimated max possible cost 365.238203
for path: 
0 1 2 3 4 5 6 7 8 9 10 11 12 13 14 15 16 17 18 19 20 21 22 
Execution time: 1844 ms

Elapsed time: 228914 ms


Execution #129/10000

Seed: 129
Estimated max possible cost 365.238203
for path: 
0 1 2 3 4 5 6 7 8 9 10 11 12 13 14 15 16 17 18 19 20 21 22 
Execution time: 1852 ms

Elapsed time: 230766 ms


Execution #130/10000

Seed: 130
Estimated max possible cost 365.238203
for path: 
0 1 2 3 4 5 6 7 8 9 10 11 12 13 14 15 16 17 18 19 20 21 22 
Execution time: 1769 ms

Elapsed time: 232535 ms


Execution #131/10000

Seed: 131
Estimated max possible cost 365.238203
for path: 
0 1 2 3 4 5 6 7 8 9 10 11 12 13 14 15 16 17 18 19 20 21 22 
Execution time: 1294 ms

Elapsed time: 233829 ms


Execution #132/10000

Seed: 132
Estimated max possible cost 365.238203
for path: 
0 1 2 3 4 5 6 7 8 9 10 11 12 13 14 15 16 17 18 19 20 21 22 
Execution time: 1909 ms

Elapsed time: 235738 ms


Execution #133/10000

Seed: 133
Estimated max possible cost 365.238203
for path: 
0 1 2 3 4 5 6 7 8 9 10 11 12 13 14 15 16 17 18 19 20 21 22 
Execution time: 1892 ms

Elapsed time: 237630 ms


Execution #134/10000

Seed: 134
Estimated max possible cost 365.238203
for path: 
0 1 2 3 4 5 6 7 8 9 10 11 12 13 14 15 16 17 18 19 20 21 22 
Execution time: 1890 ms

Elapsed time: 239520 ms


Execution #135/10000

Seed: 135
Estimated max possible cost 365.238203
for path: 
0 1 2 3 4 5 6 7 8 9 10 11 12 13 14 15 16 17 18 19 20 21 22 
Execution time: 1630 ms

Elapsed time: 241150 ms


Execution #136/10000

Seed: 136
Estimated max possible cost 365.238203
for path: 
0 1 2 3 4 5 6 7 8 9 10 11 12 13 14 15 16 17 18 19 20 21 22 
Execution time: 1892 ms

Elapsed time: 243042 ms


Execution #137/10000

Seed: 137
Estimated max possible cost 365.238203
for path: 
0 1 2 3 4 5 6 7 8 9 10 11 12 13 14 15 16 17 18 19 20 21 22 
Execution time: 1896 ms

Elapsed time: 244938 ms


Execution #138/10000

Seed: 138
Estimated max possible cost 365.238203
for path: 
0 1 2 3 4 5 6 7 8 9 10 11 12 13 14 15 16 17 18 19 20 21 22 
Execution time: 1818 ms

Elapsed time: 246756 ms


Execution #139/10000

Seed: 139
Estimated max possible cost 365.238203
for path: 
0 1 2 3 4 5 6 7 8 9 10 11 12 13 14 15 16 17 18 19 20 21 22 
Execution time: 1892 ms

Elapsed time: 248648 ms


Execution #140/10000

Seed: 140
Estimated max possible cost 365.238203
for path: 
0 1 2 3 4 5 6 7 8 9 10 11 12 13 14 15 16 17 18 19 20 21 22 
Execution time: 1881 ms

Elapsed time: 250529 ms


Execution #141/10000

Seed: 141
Estimated max possible cost 365.238203
for path: 
0 1 2 3 4 5 6 7 8 9 10 11 12 13 14 15 16 17 18 19 20 21 22 
Execution time: 1100 ms

Elapsed time: 251629 ms


Execution #142/10000

Seed: 142
Estimated max possible cost 365.238203
for path: 
0 1 2 3 4 5 6 7 8 9 10 11 12 13 14 15 16 17 18 19 20 21 22 
Execution time: 1464 ms

Elapsed time: 253093 ms


Execution #143/10000

Seed: 143
Estimated max possible cost 365.238203
for path: 
0 1 2 3 4 5 6 7 8 9 10 11 12 13 14 15 16 17 18 19 20 21 22 
Execution time: 1442 ms

Elapsed time: 254535 ms


Execution #144/10000

Seed: 144
Estimated max possible cost 365.238203
for path: 
0 1 2 3 4 5 6 7 8 9 10 11 12 13 14 15 16 17 18 19 20 21 22 
Execution time: 1892 ms

Elapsed time: 256427 ms


Execution #145/10000

Seed: 145
Estimated max possible cost 365.238203
for path: 
0 1 2 3 4 5 6 7 8 9 10 11 12 13 14 15 16 17 18 19 20 21 22 
Execution time: 1522 ms

Elapsed time: 257949 ms


Execution #146/10000

Seed: 146
Estimated max possible cost 365.238203
for path: 
0 1 2 3 4 5 6 7 8 9 10 11 12 13 14 15 16 17 18 19 20 21 22 
Execution time: 1857 ms

Elapsed time: 259806 ms


Execution #147/10000

Seed: 147
Estimated max possible cost 365.238203
for path: 
0 1 2 3 4 5 6 7 8 9 10 11 12 13 14 15 16 17 18 19 20 21 22 
Execution time: 1723 ms

Elapsed time: 261529 ms


Execution #148/10000

Seed: 148
Estimated max possible cost 365.238203
for path: 
0 1 2 3 4 5 6 7 8 9 10 11 12 13 14 15 16 17 18 19 20 21 22 
Execution time: 1437 ms

Elapsed time: 262966 ms


Execution #149/10000

Seed: 149
Estimated max possible cost 365.238203
for path: 
0 1 2 3 4 5 6 7 8 9 10 11 12 13 14 15 16 17 18 19 20 21 22 
Execution time: 1878 ms

Elapsed time: 264844 ms


Execution #150/10000

Seed: 150
Estimated max possible cost 365.238203
for path: 
0 1 2 3 4 5 6 7 8 9 10 11 12 13 14 15 16 17 18 19 20 21 22 
Execution time: 1896 ms

Elapsed time: 266740 ms


Execution #151/10000

Seed: 151
Estimated max possible cost 365.238203
for path: 
0 1 2 3 4 5 6 7 8 9 10 11 12 13 14 15 16 17 18 19 20 21 22 
Execution time: 1891 ms

Elapsed time: 268631 ms


Execution #152/10000

Seed: 152
Estimated max possible cost 365.238203
for path: 
0 1 2 3 4 5 6 7 8 9 10 11 12 13 14 15 16 17 18 19 20 21 22 
Execution time: 1530 ms

Elapsed time: 270161 ms


Execution #153/10000

Seed: 153
Estimated max possible cost 365.238203
for path: 
0 1 2 3 4 5 6 7 8 9 10 11 12 13 14 15 16 17 18 19 20 21 22 
Execution time: 1864 ms

Elapsed time: 272025 ms


Execution #154/10000

Seed: 154
Estimated max possible cost 365.238203
for path: 
0 1 2 3 4 5 6 7 8 9 10 11 12 13 14 15 16 17 18 19 20 21 22 
Execution time: 1334 ms

Elapsed time: 273359 ms


Execution #155/10000

Seed: 155
Estimated max possible cost 365.238203
for path: 
0 1 2 3 4 5 6 7 8 9 10 11 12 13 14 15 16 17 18 19 20 21 22 
Execution time: 1898 ms

Elapsed time: 275257 ms


Execution #156/10000

Seed: 156
Estimated max possible cost 365.238203
for path: 
0 1 2 3 4 5 6 7 8 9 10 11 12 13 14 15 16 17 18 19 20 21 22 
Execution time: 1904 ms

Elapsed time: 277161 ms


Execution #157/10000

Seed: 157
Estimated max possible cost 365.238203
for path: 
0 1 2 3 4 5 6 7 8 9 10 11 12 13 14 15 16 17 18 19 20 21 22 
Execution time: 1919 ms

Elapsed time: 279080 ms


Execution #158/10000

Seed: 158
Estimated max possible cost 365.238203
for path: 
0 1 2 3 4 5 6 7 8 9 10 11 12 13 14 15 16 17 18 19 20 21 22 
Execution time: 1882 ms

Elapsed time: 280962 ms


Execution #159/10000

Seed: 159
Estimated max possible cost 365.238203
for path: 
0 1 2 3 4 5 6 7 8 9 10 11 12 13 14 15 16 17 18 19 20 21 22 
Execution time: 1674 ms

Elapsed time: 282636 ms


Execution #160/10000

Seed: 160
Estimated max possible cost 365.238203
for path: 
0 1 2 3 4 5 6 7 8 9 10 11 12 13 14 15 16 17 18 19 20 21 22 
Execution time: 1414 ms

Elapsed time: 284050 ms


Execution #161/10000

Seed: 161
Estimated max possible cost 365.238203
for path: 
0 1 2 3 4 5 6 7 8 9 10 11 12 13 14 15 16 17 18 19 20 21 22 
Execution time: 1452 ms

Elapsed time: 285502 ms


Execution #162/10000

Seed: 162
Estimated max possible cost 365.238203
for path: 
0 1 2 3 4 5 6 7 8 9 10 11 12 13 14 15 16 17 18 19 20 21 22 
Execution time: 1573 ms

Elapsed time: 287075 ms


Execution #163/10000

Seed: 163
Estimated max possible cost 365.238203
for path: 
0 1 2 3 4 5 6 7 8 9 10 11 12 13 14 15 16 17 18 19 20 21 22 
Execution time: 1724 ms

Elapsed time: 288799 ms


Execution #164/10000

Seed: 164
Estimated max possible cost 365.238203
for path: 
0 1 2 3 4 5 6 7 8 9 10 11 12 13 14 15 16 17 18 19 20 21 22 
Execution time: 1314 ms

Elapsed time: 290113 ms


Execution #165/10000

Seed: 165
Estimated max possible cost 365.238203
for path: 
0 1 2 3 4 5 6 7 8 9 10 11 12 13 14 15 16 17 18 19 20 21 22 
Execution time: 1861 ms

Elapsed time: 291974 ms


Execution #166/10000

Seed: 166
Estimated max possible cost 365.238203
for path: 
0 1 2 3 4 5 6 7 8 9 10 11 12 13 14 15 16 17 18 19 20 21 22 
Execution time: 1436 ms

Elapsed time: 293410 ms


Execution #167/10000

Seed: 167
Estimated max possible cost 365.238203
for path: 
0 1 2 3 4 5 6 7 8 9 10 11 12 13 14 15 16 17 18 19 20 21 22 
Execution time: 1516 ms

Elapsed time: 294926 ms


Execution #168/10000

Seed: 168
Estimated max possible cost 365.238203
for path: 
0 1 2 3 4 5 6 7 8 9 10 11 12 13 14 15 16 17 18 19 20 21 22 
Execution time: 1851 ms

Elapsed time: 296777 ms


Execution #169/10000

Seed: 169
Estimated max possible cost 365.238203
for path: 
0 1 2 3 4 5 6 7 8 9 10 11 12 13 14 15 16 17 18 19 20 21 22 
Execution time: 1906 ms

Elapsed time: 298683 ms


Execution #170/10000

Seed: 170
Estimated max possible cost 365.238203
for path: 
0 1 2 3 4 5 6 7 8 9 10 11 12 13 14 15 16 17 18 19 20 21 22 
Execution time: 1642 ms

Elapsed time: 300325 ms


Terminating due to timeout: 300325 ms >= 300000 ms

Executed runs: 169/10000
Total execution time: 300.325 s
Avg execution time: 1777.07 ms
