Solving SHP


Execution #1/10000

Seed: 1
Estimated max possible cost 367.778203
for path: 
0 1 2 3 4 5 6 7 8 9 10 11 12 13 14 15 16 17 18 19 20 21 22 23 
Memory needed for path: 68212848 locs, for costs: 59907456 locs.
Desired precision: 1e+12
Mem constraint for cost_t: 8 bits
Rounded to pow of 2 bytes mem constraint (capped at 64bits) for cost_t: 8 bits
Bits needed for an int to preserve precision: 49
Warning: cannot preserve precision.
Warning: Using an integer; there is not enough memory for decimals.
Bits used per cost_t: 8
Selected cost_t = (u)int8_t
Solving with cost_t = h
Memory [GB] needed: 0.119321
Requested precision is too high;managed to differentiate costs by: 17.592186
Distances:
0, 5.08, 242.54, 232.423, 228.124, 218.013, 212.172, 212.044, 211.947, 211.88, 211.843, 211.837, 211.862, 211.917, 212.002, 212.117, 212.263, 212.44, 212.646, 212.882, 213.149, 196.958, 196.821, 196.716, 
5.08, 0, 247.599, 237.481, 233.181, 223.068, 217.244, 217.119, 217.024, 216.959, 216.923, 216.917, 216.941, 216.995, 217.078, 217.191, 217.333, 217.505, 217.707, 217.938, 218.198, 202.029, 201.895, 201.793, 
242.54, 247.599, 0, 10.16, 14.478, 24.638, 31.3255, 32.219, 33.2827, 34.501, 35.8581, 37.3389, 38.9292, 40.6162, 42.3883, 44.2354, 46.1484, 48.1194, 50.1417, 52.2092, 54.3168, 46.0364, 46.649, 47.3899, 
232.423, 237.481, 10.16, 0, 4.318, 14.478, 21.9236, 23.1823, 24.6393, 26.2617, 28.0207, 29.8922, 31.8565, 33.8973, 36.0018, 38.1592, 40.3612, 42.6009, 44.8725, 47.1716, 49.4942, 36.1805, 36.9568, 37.8877, 
228.124, 233.181, 14.478, 4.318, 0, 10.16, 18.1765, 19.6764, 21.3738, 23.2254, 25.1973, 27.2633, 29.4037, 31.6034, 33.8507, 36.1368, 38.4548, 40.7992, 43.1658, 45.5511, 47.9522, 32.0493, 32.9231, 33.9648, 
218.013, 223.068, 24.638, 14.478, 10.16, 0, 11.1326, 13.4428, 15.8236, 18.2474, 20.6991, 23.1698, 25.654, 28.1482, 30.6499, 33.1575, 35.6696, 38.1854, 40.7042, 43.2255, 45.7489, 22.606, 23.8287, 25.2484, 
212.172, 217.244, 31.3255, 21.9236, 18.1765, 11.1326, 0, 2.54, 5.08, 7.62, 10.16, 12.7, 15.24, 17.78, 20.32, 22.86, 25.4, 27.94, 30.48, 33.02, 35.56, 15.24, 15.4502, 16.0644, 
212.044, 217.119, 32.219, 23.1823, 19.6764, 13.4428, 2.54, 0, 2.54, 5.08, 7.62, 10.16, 12.7, 15.24, 17.78, 20.32, 22.86, 25.4, 27.94, 30.48, 33.02, 15.4502, 15.24, 15.4502, 
211.947, 217.024, 33.2827, 24.6393, 21.3738, 15.8236, 5.08, 2.54, 0, 2.54, 5.08, 7.62, 10.16, 12.7, 15.24, 17.78, 20.32, 22.86, 25.4, 27.94, 30.48, 16.0644, 15.4502, 15.24, 
211.88, 216.959, 34.501, 26.2617, 23.2254, 18.2474, 7.62, 5.08, 2.54, 0, 2.54, 5.08, 7.62, 10.16, 12.7, 15.24, 17.78, 20.32, 22.86, 25.4, 27.94, 17.0388, 16.0644, 15.4502, 
211.843, 216.923, 35.8581, 28.0207, 25.1973, 20.6991, 10.16, 7.62, 5.08, 2.54, 0, 2.54, 5.08, 7.62, 10.16, 12.7, 15.24, 17.78, 20.32, 22.86, 25.4, 18.3162, 17.0388, 16.0644, 
211.837, 216.917, 37.3389, 29.8922, 27.2633, 23.1698, 12.7, 10.16, 7.62, 5.08, 2.54, 0, 2.54, 5.08, 7.62, 10.16, 12.7, 15.24, 17.78, 20.32, 22.86, 19.838, 18.3162, 17.0388, 
211.862, 216.941, 38.9292, 31.8565, 29.4037, 25.654, 15.24, 12.7, 10.16, 7.62, 5.08, 2.54, 0, 2.54, 5.08, 7.62, 10.16, 12.7, 15.24, 17.78, 20.32, 21.5526, 19.838, 18.3162, 
211.917, 216.995, 40.6162, 33.8973, 31.6034, 28.1482, 17.78, 15.24, 12.7, 10.16, 7.62, 5.08, 2.54, 0, 2.54, 5.08, 7.62, 10.16, 12.7, 15.24, 17.78, 23.4176, 21.5526, 19.838, 
212.002, 217.078, 42.3883, 36.0018, 33.8507, 30.6499, 20.32, 17.78, 15.24, 12.7, 10.16, 7.62, 5.08, 2.54, 0, 2.54, 5.08, 7.62, 10.16, 12.7, 15.24, 25.4, 23.4176, 21.5526, 
212.117, 217.191, 44.2354, 38.1592, 36.1368, 33.1575, 22.86, 20.32, 17.78, 15.24, 12.7, 10.16, 7.62, 5.08, 2.54, 0, 2.54, 5.08, 7.62, 10.16, 12.7, 27.4743, 25.4, 23.4176, 
212.263, 217.333, 46.1484, 40.3612, 38.4548, 35.6696, 25.4, 22.86, 20.32, 17.78, 15.24, 12.7, 10.16, 7.62, 5.08, 2.54, 0, 2.54, 5.08, 7.62, 10.16, 29.6212, 27.4743, 25.4, 
212.44, 217.505, 48.1194, 42.6009, 40.7992, 38.1854, 27.94, 25.4, 22.86, 20.32, 17.78, 15.24, 12.7, 10.16, 7.62, 5.08, 2.54, 0, 2.54, 5.08, 7.62, 31.8261, 29.6212, 27.4743, 
212.646, 217.707, 50.1417, 44.8725, 43.1658, 40.7042, 30.48, 27.94, 25.4, 22.86, 20.32, 17.78, 15.24, 12.7, 10.16, 7.62, 5.08, 2.54, 0, 2.54, 5.08, 34.0777, 31.8261, 29.6212, 
212.882, 217.938, 52.2092, 47.1716, 45.5511, 43.2255, 33.02, 30.48, 27.94, 25.4, 22.86, 20.32, 17.78, 15.24, 12.7, 10.16, 7.62, 5.08, 2.54, 0, 2.54, 36.3673, 34.0777, 31.8261, 
213.149, 218.198, 54.3168, 49.4942, 47.9522, 45.7489, 35.56, 33.02, 30.48, 27.94, 25.4, 22.86, 20.32, 17.78, 15.24, 12.7, 10.16, 7.62, 5.08, 2.54, 0, 38.6881, 36.3673, 34.0777, 
196.958, 202.029, 46.0364, 36.1805, 32.0493, 22.606, 15.24, 15.4502, 16.0644, 17.0388, 18.3162, 19.838, 21.5526, 23.4176, 25.4, 27.4743, 29.6212, 31.8261, 34.0777, 36.3673, 38.6881, 0, 2.54, 5.08, 
196.821, 201.895, 46.649, 36.9568, 32.9231, 23.8287, 15.4502, 15.24, 15.4502, 16.0644, 17.0388, 18.3162, 19.838, 21.5526, 23.4176, 25.4, 27.4743, 29.6212, 31.8261, 34.0777, 36.3673, 2.54, 0, 2.54, 
196.716, 201.793, 47.3899, 37.8877, 33.9648, 25.2484, 16.0644, 15.4502, 15.24, 15.4502, 16.0644, 17.0388, 18.3162, 19.838, 21.5526, 23.4176, 25.4, 27.4743, 29.6212, 31.8261, 34.0777, 5.08, 2.54, 0, 
Scaled Distances:
0, 2, 174, 167, 164, 157, 152, 152, 152, 152, 152, 152, 152, 152, 152, 152, 152, 153, 153, 153, 153, 141, 141, 141, 
2, 0, 178, 171, 168, 160, 156, 156, 156, 156, 156, 156, 156, 156, 156, 156, 156, 156, 156, 157, 157, 145, 145, 145, 
174, 178, 0, 6, 9, 16, 21, 22, 22, 23, 24, 25, 26, 28, 29, 30, 32, 33, 35, 36, 38, 32, 32, 33, 
167, 171, 6, 0, 1, 9, 14, 15, 16, 17, 19, 20, 21, 23, 24, 26, 27, 29, 31, 32, 34, 24, 25, 26, 
164, 168, 9, 1, 0, 6, 11, 12, 14, 15, 16, 18, 20, 21, 23, 24, 26, 28, 30, 31, 33, 21, 22, 23, 
157, 160, 16, 9, 6, 0, 6, 8, 10, 11, 13, 15, 17, 19, 20, 22, 24, 26, 28, 30, 31, 15, 15, 16, 
152, 156, 21, 14, 11, 6, 0, 0, 2, 4, 6, 7, 9, 11, 13, 15, 17, 18, 20, 22, 24, 9, 9, 10, 
152, 156, 22, 15, 12, 8, 0, 0, 0, 2, 4, 6, 7, 9, 11, 13, 15, 17, 18, 20, 22, 9, 9, 9, 
152, 156, 22, 16, 14, 10, 2, 0, 0, 0, 2, 4, 6, 7, 9, 11, 13, 15, 17, 18, 20, 10, 9, 9, 
152, 156, 23, 17, 15, 11, 4, 2, 0, 0, 0, 2, 4, 6, 7, 9, 11, 13, 15, 17, 18, 11, 10, 9, 
152, 156, 24, 19, 16, 13, 6, 4, 2, 0, 0, 0, 2, 4, 6, 7, 9, 11, 13, 15, 17, 11, 11, 10, 
152, 156, 25, 20, 18, 15, 7, 6, 4, 2, 0, 0, 0, 2, 4, 6, 7, 9, 11, 13, 15, 13, 11, 11, 
152, 156, 26, 21, 20, 17, 9, 7, 6, 4, 2, 0, 0, 0, 2, 4, 6, 7, 9, 11, 13, 14, 13, 11, 
152, 156, 28, 23, 21, 19, 11, 9, 7, 6, 4, 2, 0, 0, 0, 2, 4, 6, 7, 9, 11, 15, 14, 13, 
152, 156, 29, 24, 23, 20, 13, 11, 9, 7, 6, 4, 2, 0, 0, 0, 2, 4, 6, 7, 9, 17, 15, 14, 
152, 156, 30, 26, 24, 22, 15, 13, 11, 9, 7, 6, 4, 2, 0, 0, 0, 2, 4, 6, 7, 18, 17, 15, 
152, 156, 32, 27, 26, 24, 17, 15, 13, 11, 9, 7, 6, 4, 2, 0, 0, 0, 2, 4, 6, 20, 18, 17, 
153, 156, 33, 29, 28, 26, 18, 17, 15, 13, 11, 9, 7, 6, 4, 2, 0, 0, 0, 2, 4, 21, 20, 18, 
153, 156, 35, 31, 30, 28, 20, 18, 17, 15, 13, 11, 9, 7, 6, 4, 2, 0, 0, 0, 2, 23, 21, 20, 
153, 157, 36, 32, 31, 30, 22, 20, 18, 17, 15, 13, 11, 9, 7, 6, 4, 2, 0, 0, 0, 25, 23, 21, 
153, 157, 38, 34, 33, 31, 24, 22, 20, 18, 17, 15, 13, 11, 9, 7, 6, 4, 2, 0, 0, 26, 25, 23, 
141, 145, 32, 24, 21, 15, 9, 9, 10, 11, 11, 13, 14, 15, 17, 18, 20, 21, 23, 25, 26, 0, 0, 2, 
141, 145, 32, 25, 22, 15, 9, 9, 9, 10, 11, 11, 13, 14, 15, 17, 18, 20, 21, 23, 25, 0, 0, 0, 
141, 145, 33, 26, 23, 16, 10, 9, 9, 9, 10, 11, 11, 13, 14, 15, 17, 18, 20, 21, 23, 2, 0, 0, 
Optimal total distance (scaled) for 24 points: 185
Optimal total distance for 24 points: 312.526421
Corresponding path (0-indexed):
Point #2
Point #3
Point #4
Point #5
Point #6
Point #7
Point #8
Point #9
Point #10
Point #11
Point #12
Point #13
Point #14
Point #15
Point #16
Point #17
Point #18
Point #19
Point #20
Point #23
Point #22
Point #21
Point #0
Point #1
Execution time: 3293 ms

Elapsed time: 3293 ms


Execution #2/10000

Seed: 2
Estimated max possible cost 367.778203
for path: 
0 1 2 3 4 5 6 7 8 9 10 11 12 13 14 15 16 17 18 19 20 21 22 23 
Execution time: 3755 ms

Elapsed time: 7048 ms


Execution #3/10000

Seed: 3
Estimated max possible cost 367.778203
for path: 
0 1 2 3 4 5 6 7 8 9 10 11 12 13 14 15 16 17 18 19 20 21 22 23 
Execution time: 3751 ms

Elapsed time: 10799 ms


Execution #4/10000

Seed: 4
Estimated max possible cost 367.778203
for path: 
0 1 2 3 4 5 6 7 8 9 10 11 12 13 14 15 16 17 18 19 20 21 22 23 
Execution time: 3783 ms

Elapsed time: 14582 ms


Execution #5/10000

Seed: 5
Estimated max possible cost 367.778203
for path: 
0 1 2 3 4 5 6 7 8 9 10 11 12 13 14 15 16 17 18 19 20 21 22 23 
Execution time: 3737 ms

Elapsed time: 18319 ms


Execution #6/10000

Seed: 6
Estimated max possible cost 367.778203
for path: 
0 1 2 3 4 5 6 7 8 9 10 11 12 13 14 15 16 17 18 19 20 21 22 23 
Execution time: 3577 ms

Elapsed time: 21896 ms


Execution #7/10000

Seed: 7
Estimated max possible cost 367.778203
for path: 
0 1 2 3 4 5 6 7 8 9 10 11 12 13 14 15 16 17 18 19 20 21 22 23 
Execution time: 4067 ms

Elapsed time: 25963 ms


Execution #8/10000

Seed: 8
Estimated max possible cost 367.778203
for path: 
0 1 2 3 4 5 6 7 8 9 10 11 12 13 14 15 16 17 18 19 20 21 22 23 
Execution time: 3494 ms

Elapsed time: 29457 ms


Execution #9/10000

Seed: 9
Estimated max possible cost 367.778203
for path: 
0 1 2 3 4 5 6 7 8 9 10 11 12 13 14 15 16 17 18 19 20 21 22 23 
Execution time: 4050 ms

Elapsed time: 33507 ms


Execution #10/10000

Seed: 10
Estimated max possible cost 367.778203
for path: 
0 1 2 3 4 5 6 7 8 9 10 11 12 13 14 15 16 17 18 19 20 21 22 23 
Execution time: 3993 ms

Elapsed time: 37500 ms


Execution #11/10000

Seed: 11
Estimated max possible cost 367.778203
for path: 
0 1 2 3 4 5 6 7 8 9 10 11 12 13 14 15 16 17 18 19 20 21 22 23 
Execution time: 3904 ms

Elapsed time: 41404 ms


Execution #12/10000

Seed: 12
Estimated max possible cost 367.778203
for path: 
0 1 2 3 4 5 6 7 8 9 10 11 12 13 14 15 16 17 18 19 20 21 22 23 
Execution time: 4044 ms

Elapsed time: 45448 ms


Execution #13/10000

Seed: 13
Estimated max possible cost 367.778203
for path: 
0 1 2 3 4 5 6 7 8 9 10 11 12 13 14 15 16 17 18 19 20 21 22 23 
Execution time: 3852 ms

Elapsed time: 49300 ms


Execution #14/10000

Seed: 14
Estimated max possible cost 367.778203
for path: 
0 1 2 3 4 5 6 7 8 9 10 11 12 13 14 15 16 17 18 19 20 21 22 23 
Execution time: 3861 ms

Elapsed time: 53161 ms


Execution #15/10000

Seed: 15
Estimated max possible cost 367.778203
for path: 
0 1 2 3 4 5 6 7 8 9 10 11 12 13 14 15 16 17 18 19 20 21 22 23 
Execution time: 3725 ms

Elapsed time: 56886 ms


Execution #16/10000

Seed: 16
Estimated max possible cost 367.778203
for path: 
0 1 2 3 4 5 6 7 8 9 10 11 12 13 14 15 16 17 18 19 20 21 22 23 
Execution time: 3187 ms

Elapsed time: 60073 ms


Execution #17/10000

Seed: 17
Estimated max possible cost 367.778203
for path: 
0 1 2 3 4 5 6 7 8 9 10 11 12 13 14 15 16 17 18 19 20 21 22 23 
Execution time: 4004 ms

Elapsed time: 64077 ms


Execution #18/10000

Seed: 18
Estimated max possible cost 367.778203
for path: 
0 1 2 3 4 5 6 7 8 9 10 11 12 13 14 15 16 17 18 19 20 21 22 23 
Execution time: 3655 ms

Elapsed time: 67732 ms


Execution #19/10000

Seed: 19
Estimated max possible cost 367.778203
for path: 
0 1 2 3 4 5 6 7 8 9 10 11 12 13 14 15 16 17 18 19 20 21 22 23 
Execution time: 4038 ms

Elapsed time: 71770 ms


Execution #20/10000

Seed: 20
Estimated max possible cost 367.778203
for path: 
0 1 2 3 4 5 6 7 8 9 10 11 12 13 14 15 16 17 18 19 20 21 22 23 
Execution time: 2809 ms

Elapsed time: 74579 ms


Execution #21/10000

Seed: 21
Estimated max possible cost 367.778203
for path: 
0 1 2 3 4 5 6 7 8 9 10 11 12 13 14 15 16 17 18 19 20 21 22 23 
Execution time: 3400 ms

Elapsed time: 77979 ms


Execution #22/10000

Seed: 22
Estimated max possible cost 367.778203
for path: 
0 1 2 3 4 5 6 7 8 9 10 11 12 13 14 15 16 17 18 19 20 21 22 23 
Execution time: 3683 ms

Elapsed time: 81662 ms


Execution #23/10000

Seed: 23
Estimated max possible cost 367.778203
for path: 
0 1 2 3 4 5 6 7 8 9 10 11 12 13 14 15 16 17 18 19 20 21 22 23 
Execution time: 4071 ms

Elapsed time: 85733 ms


Execution #24/10000

Seed: 24
Estimated max possible cost 367.778203
for path: 
0 1 2 3 4 5 6 7 8 9 10 11 12 13 14 15 16 17 18 19 20 21 22 23 
Execution time: 3957 ms

Elapsed time: 89690 ms


Execution #25/10000

Seed: 25
Estimated max possible cost 367.778203
for path: 
0 1 2 3 4 5 6 7 8 9 10 11 12 13 14 15 16 17 18 19 20 21 22 23 
Execution time: 3441 ms

Elapsed time: 93131 ms


Execution #26/10000

Seed: 26
Estimated max possible cost 367.778203
for path: 
0 1 2 3 4 5 6 7 8 9 10 11 12 13 14 15 16 17 18 19 20 21 22 23 
Execution time: 3891 ms

Elapsed time: 97022 ms


Execution #27/10000

Seed: 27
Estimated max possible cost 367.778203
for path: 
0 1 2 3 4 5 6 7 8 9 10 11 12 13 14 15 16 17 18 19 20 21 22 23 
Execution time: 3938 ms

Elapsed time: 100960 ms


Execution #28/10000

Seed: 28
Estimated max possible cost 367.778203
for path: 
0 1 2 3 4 5 6 7 8 9 10 11 12 13 14 15 16 17 18 19 20 21 22 23 
Execution time: 4041 ms

Elapsed time: 105001 ms


Execution #29/10000

Seed: 29
Estimated max possible cost 367.778203
for path: 
0 1 2 3 4 5 6 7 8 9 10 11 12 13 14 15 16 17 18 19 20 21 22 23 
Execution time: 4042 ms

Elapsed time: 109043 ms


Execution #30/10000

Seed: 30
Estimated max possible cost 367.778203
for path: 
0 1 2 3 4 5 6 7 8 9 10 11 12 13 14 15 16 17 18 19 20 21 22 23 
Execution time: 3528 ms

Elapsed time: 112571 ms


Execution #31/10000

Seed: 31
Estimated max possible cost 367.778203
for path: 
0 1 2 3 4 5 6 7 8 9 10 11 12 13 14 15 16 17 18 19 20 21 22 23 
Execution time: 3893 ms

Elapsed time: 116464 ms


Execution #32/10000

Seed: 32
Estimated max possible cost 367.778203
for path: 
0 1 2 3 4 5 6 7 8 9 10 11 12 13 14 15 16 17 18 19 20 21 22 23 
Execution time: 4043 ms

Elapsed time: 120507 ms


Execution #33/10000

Seed: 33
Estimated max possible cost 367.778203
for path: 
0 1 2 3 4 5 6 7 8 9 10 11 12 13 14 15 16 17 18 19 20 21 22 23 
Execution time: 4033 ms

Elapsed time: 124540 ms


Execution #34/10000

Seed: 34
Estimated max possible cost 367.778203
for path: 
0 1 2 3 4 5 6 7 8 9 10 11 12 13 14 15 16 17 18 19 20 21 22 23 
Execution time: 3585 ms

Elapsed time: 128125 ms


Execution #35/10000

Seed: 35
Estimated max possible cost 367.778203
for path: 
0 1 2 3 4 5 6 7 8 9 10 11 12 13 14 15 16 17 18 19 20 21 22 23 
Execution time: 4037 ms

Elapsed time: 132162 ms


Execution #36/10000

Seed: 36
Estimated max possible cost 367.778203
for path: 
0 1 2 3 4 5 6 7 8 9 10 11 12 13 14 15 16 17 18 19 20 21 22 23 
Execution time: 3694 ms

Elapsed time: 135856 ms


Execution #37/10000

Seed: 37
Estimated max possible cost 367.778203
for path: 
0 1 2 3 4 5 6 7 8 9 10 11 12 13 14 15 16 17 18 19 20 21 22 23 
Execution time: 3525 ms

Elapsed time: 139381 ms


Execution #38/10000

Seed: 38
Estimated max possible cost 367.778203
for path: 
0 1 2 3 4 5 6 7 8 9 10 11 12 13 14 15 16 17 18 19 20 21 22 23 
Execution time: 4073 ms

Elapsed time: 143454 ms


Execution #39/10000

Seed: 39
Estimated max possible cost 367.778203
for path: 
0 1 2 3 4 5 6 7 8 9 10 11 12 13 14 15 16 17 18 19 20 21 22 23 
Execution time: 4023 ms

Elapsed time: 147477 ms


Execution #40/10000

Seed: 40
Estimated max possible cost 367.778203
for path: 
0 1 2 3 4 5 6 7 8 9 10 11 12 13 14 15 16 17 18 19 20 21 22 23 
Execution time: 4041 ms

Elapsed time: 151518 ms


Execution #41/10000

Seed: 41
Estimated max possible cost 367.778203
for path: 
0 1 2 3 4 5 6 7 8 9 10 11 12 13 14 15 16 17 18 19 20 21 22 23 
Execution time: 4030 ms

Elapsed time: 155548 ms


Execution #42/10000

Seed: 42
Estimated max possible cost 367.778203
for path: 
0 1 2 3 4 5 6 7 8 9 10 11 12 13 14 15 16 17 18 19 20 21 22 23 
Execution time: 4008 ms

Elapsed time: 159556 ms


Execution #43/10000

Seed: 43
Estimated max possible cost 367.778203
for path: 
0 1 2 3 4 5 6 7 8 9 10 11 12 13 14 15 16 17 18 19 20 21 22 23 
Execution time: 3842 ms

Elapsed time: 163398 ms


Execution #44/10000

Seed: 44
Estimated max possible cost 367.778203
for path: 
0 1 2 3 4 5 6 7 8 9 10 11 12 13 14 15 16 17 18 19 20 21 22 23 
Execution time: 4036 ms

Elapsed time: 167434 ms


Execution #45/10000

Seed: 45
Estimated max possible cost 367.778203
for path: 
0 1 2 3 4 5 6 7 8 9 10 11 12 13 14 15 16 17 18 19 20 21 22 23 
Execution time: 3606 ms

Elapsed time: 171040 ms


Execution #46/10000

Seed: 46
Estimated max possible cost 367.778203
for path: 
0 1 2 3 4 5 6 7 8 9 10 11 12 13 14 15 16 17 18 19 20 21 22 23 
Execution time: 3741 ms

Elapsed time: 174781 ms


Execution #47/10000

Seed: 47
Estimated max possible cost 367.778203
for path: 
0 1 2 3 4 5 6 7 8 9 10 11 12 13 14 15 16 17 18 19 20 21 22 23 
Execution time: 4048 ms

Elapsed time: 178829 ms


Execution #48/10000

Seed: 48
Estimated max possible cost 367.778203
for path: 
0 1 2 3 4 5 6 7 8 9 10 11 12 13 14 15 16 17 18 19 20 21 22 23 
Execution time: 4032 ms

Elapsed time: 182861 ms


Execution #49/10000

Seed: 49
Estimated max possible cost 367.778203
for path: 
0 1 2 3 4 5 6 7 8 9 10 11 12 13 14 15 16 17 18 19 20 21 22 23 
Execution time: 3885 ms

Elapsed time: 186746 ms


Execution #50/10000

Seed: 50
Estimated max possible cost 367.778203
for path: 
0 1 2 3 4 5 6 7 8 9 10 11 12 13 14 15 16 17 18 19 20 21 22 23 
Execution time: 3726 ms

Elapsed time: 190472 ms


Execution #51/10000

Seed: 51
Estimated max possible cost 367.778203
for path: 
0 1 2 3 4 5 6 7 8 9 10 11 12 13 14 15 16 17 18 19 20 21 22 23 
Execution time: 3468 ms

Elapsed time: 193940 ms


Execution #52/10000

Seed: 52
Estimated max possible cost 367.778203
for path: 
0 1 2 3 4 5 6 7 8 9 10 11 12 13 14 15 16 17 18 19 20 21 22 23 
Execution time: 4064 ms

Elapsed time: 198004 ms


Execution #53/10000

Seed: 53
Estimated max possible cost 367.778203
for path: 
0 1 2 3 4 5 6 7 8 9 10 11 12 13 14 15 16 17 18 19 20 21 22 23 
Execution time: 4072 ms

Elapsed time: 202076 ms


Execution #54/10000

Seed: 54
Estimated max possible cost 367.778203
for path: 
0 1 2 3 4 5 6 7 8 9 10 11 12 13 14 15 16 17 18 19 20 21 22 23 
Execution time: 3756 ms

Elapsed time: 205832 ms


Execution #55/10000

Seed: 55
Estimated max possible cost 367.778203
for path: 
0 1 2 3 4 5 6 7 8 9 10 11 12 13 14 15 16 17 18 19 20 21 22 23 
Execution time: 3530 ms

Elapsed time: 209362 ms


Execution #56/10000

Seed: 56
Estimated max possible cost 367.778203
for path: 
0 1 2 3 4 5 6 7 8 9 10 11 12 13 14 15 16 17 18 19 20 21 22 23 
Execution time: 3816 ms

Elapsed time: 213178 ms


Execution #57/10000

Seed: 57
Estimated max possible cost 367.778203
for path: 
0 1 2 3 4 5 6 7 8 9 10 11 12 13 14 15 16 17 18 19 20 21 22 23 
Execution time: 3589 ms

Elapsed time: 216767 ms


Execution #58/10000

Seed: 58
Estimated max possible cost 367.778203
for path: 
0 1 2 3 4 5 6 7 8 9 10 11 12 13 14 15 16 17 18 19 20 21 22 23 
Execution time: 4050 ms

Elapsed time: 220817 ms


Execution #59/10000

Seed: 59
Estimated max possible cost 367.778203
for path: 
0 1 2 3 4 5 6 7 8 9 10 11 12 13 14 15 16 17 18 19 20 21 22 23 
Execution time: 3876 ms

Elapsed time: 224693 ms


Execution #60/10000

Seed: 60
Estimated max possible cost 367.778203
for path: 
0 1 2 3 4 5 6 7 8 9 10 11 12 13 14 15 16 17 18 19 20 21 22 23 
Execution time: 4064 ms

Elapsed time: 228757 ms


Execution #61/10000

Seed: 61
Estimated max possible cost 367.778203
for path: 
0 1 2 3 4 5 6 7 8 9 10 11 12 13 14 15 16 17 18 19 20 21 22 23 
Execution time: 3797 ms

Elapsed time: 232554 ms


Execution #62/10000

Seed: 62
Estimated max possible cost 367.778203
for path: 
0 1 2 3 4 5 6 7 8 9 10 11 12 13 14 15 16 17 18 19 20 21 22 23 
Execution time: 3453 ms

Elapsed time: 236007 ms


Execution #63/10000

Seed: 63
Estimated max possible cost 367.778203
for path: 
0 1 2 3 4 5 6 7 8 9 10 11 12 13 14 15 16 17 18 19 20 21 22 23 
Execution time: 3866 ms

Elapsed time: 239873 ms


Execution #64/10000

Seed: 64
Estimated max possible cost 367.778203
for path: 
0 1 2 3 4 5 6 7 8 9 10 11 12 13 14 15 16 17 18 19 20 21 22 23 
Execution time: 3997 ms

Elapsed time: 243870 ms


Execution #65/10000

Seed: 65
Estimated max possible cost 367.778203
for path: 
0 1 2 3 4 5 6 7 8 9 10 11 12 13 14 15 16 17 18 19 20 21 22 23 
Execution time: 3966 ms

Elapsed time: 247836 ms


Execution #66/10000

Seed: 66
Estimated max possible cost 367.778203
for path: 
0 1 2 3 4 5 6 7 8 9 10 11 12 13 14 15 16 17 18 19 20 21 22 23 
Execution time: 3486 ms

Elapsed time: 251322 ms


Execution #67/10000

Seed: 67
Estimated max possible cost 367.778203
for path: 
0 1 2 3 4 5 6 7 8 9 10 11 12 13 14 15 16 17 18 19 20 21 22 23 
Execution time: 2870 ms

Elapsed time: 254192 ms


Execution #68/10000

Seed: 68
Estimated max possible cost 367.778203
for path: 
0 1 2 3 4 5 6 7 8 9 10 11 12 13 14 15 16 17 18 19 20 21 22 23 
Execution time: 3677 ms

Elapsed time: 257869 ms


Execution #69/10000

Seed: 69
Estimated max possible cost 367.778203
for path: 
0 1 2 3 4 5 6 7 8 9 10 11 12 13 14 15 16 17 18 19 20 21 22 23 
Execution time: 3833 ms

Elapsed time: 261702 ms


Execution #70/10000

Seed: 70
Estimated max possible cost 367.778203
for path: 
0 1 2 3 4 5 6 7 8 9 10 11 12 13 14 15 16 17 18 19 20 21 22 23 
Execution time: 3629 ms

Elapsed time: 265331 ms


Execution #71/10000

Seed: 71
Estimated max possible cost 367.778203
for path: 
0 1 2 3 4 5 6 7 8 9 10 11 12 13 14 15 16 17 18 19 20 21 22 23 
Execution time: 4024 ms

Elapsed time: 269355 ms


Execution #72/10000

Seed: 72
Estimated max possible cost 367.778203
for path: 
0 1 2 3 4 5 6 7 8 9 10 11 12 13 14 15 16 17 18 19 20 21 22 23 
Execution time: 3517 ms

Elapsed time: 272872 ms


Execution #73/10000

Seed: 73
Estimated max possible cost 367.778203
for path: 
0 1 2 3 4 5 6 7 8 9 10 11 12 13 14 15 16 17 18 19 20 21 22 23 
Execution time: 3906 ms

Elapsed time: 276778 ms


Execution #74/10000

Seed: 74
Estimated max possible cost 367.778203
for path: 
0 1 2 3 4 5 6 7 8 9 10 11 12 13 14 15 16 17 18 19 20 21 22 23 
Execution time: 4010 ms

Elapsed time: 280788 ms


Execution #75/10000

Seed: 75
Estimated max possible cost 367.778203
for path: 
0 1 2 3 4 5 6 7 8 9 10 11 12 13 14 15 16 17 18 19 20 21 22 23 
Execution time: 3245 ms

Elapsed time: 284033 ms


Execution #76/10000

Seed: 76
Estimated max possible cost 367.778203
for path: 
0 1 2 3 4 5 6 7 8 9 10 11 12 13 14 15 16 17 18 19 20 21 22 23 
Execution time: 3203 ms

Elapsed time: 287236 ms


Execution #77/10000

Seed: 77
Estimated max possible cost 367.778203
for path: 
0 1 2 3 4 5 6 7 8 9 10 11 12 13 14 15 16 17 18 19 20 21 22 23 
Execution time: 3205 ms

Elapsed time: 290441 ms


Execution #78/10000

Seed: 78
Estimated max possible cost 367.778203
for path: 
0 1 2 3 4 5 6 7 8 9 10 11 12 13 14 15 16 17 18 19 20 21 22 23 
Execution time: 3397 ms

Elapsed time: 293838 ms


Execution #79/10000

Seed: 79
Estimated max possible cost 367.778203
for path: 
0 1 2 3 4 5 6 7 8 9 10 11 12 13 14 15 16 17 18 19 20 21 22 23 
Execution time: 3780 ms

Elapsed time: 297618 ms


Execution #80/10000

Seed: 80
Estimated max possible cost 367.778203
for path: 
0 1 2 3 4 5 6 7 8 9 10 11 12 13 14 15 16 17 18 19 20 21 22 23 
Execution time: 3375 ms

Elapsed time: 300993 ms


Terminating due to timeout: 300993 ms >= 300000 ms

Executed runs: 79/10000
Total execution time: 300.993 s
Avg execution time: 3810.04 ms
