Solving SHP


Execution #1/10000

Seed: 1
Estimated max possible cost 370.318203
for path: 
0 1 2 3 4 5 6 7 8 9 10 11 12 13 14 15 16 17 18 19 20 21 22 23 24 
Memory needed for path: 113509025 locs, for costs: 111435000 locs.
Desired precision: 1e+06
Mem constraint for cost_t: 8 bits
Rounded to pow of 2 bytes mem constraint (capped at 64bits) for cost_t: 8 bits
Bits needed for an int to preserve precision: 29
Warning: cannot preserve precision.
Warning: Using an integer; there is not enough memory for decimals.
Bits used per cost_t: 8
Selected cost_t = (u)int8_t
Solving with cost_t = h
Memory [GB] needed: 0.209495
Requested precision is too high;managed to differentiate costs by: 16.777216
Distances:
0, 5.08, 242.54, 232.423, 228.124, 218.013, 212.172, 212.044, 211.947, 211.88, 211.843, 211.837, 211.862, 211.917, 212.002, 212.117, 212.263, 212.44, 212.646, 212.882, 213.149, 196.958, 196.821, 196.716, 196.643, 
5.08, 0, 247.599, 237.481, 233.181, 223.068, 217.244, 217.119, 217.024, 216.959, 216.923, 216.917, 216.941, 216.995, 217.078, 217.191, 217.333, 217.505, 217.707, 217.938, 218.198, 202.029, 201.895, 201.793, 201.722, 
242.54, 247.599, 0, 10.16, 14.478, 24.638, 31.3255, 32.219, 33.2827, 34.501, 35.8581, 37.3389, 38.9292, 40.6162, 42.3883, 44.2354, 46.1484, 48.1194, 50.1417, 52.2092, 54.3168, 46.0364, 46.649, 47.3899, 48.2533, 
232.423, 237.481, 10.16, 0, 4.318, 14.478, 21.9236, 23.1823, 24.6393, 26.2617, 28.0207, 29.8922, 31.8565, 33.8973, 36.0018, 38.1592, 40.3612, 42.6009, 44.8725, 47.1716, 49.4942, 36.1805, 36.9568, 37.8877, 38.9623, 
228.124, 233.181, 14.478, 4.318, 0, 10.16, 18.1765, 19.6764, 21.3738, 23.2254, 25.1973, 27.2633, 29.4037, 31.6034, 33.8507, 36.1368, 38.4548, 40.7992, 43.1658, 45.5511, 47.9522, 32.0493, 32.9231, 33.9648, 35.1595, 
218.013, 223.068, 24.638, 14.478, 10.16, 0, 11.1326, 13.4428, 15.8236, 18.2474, 20.6991, 23.1698, 25.654, 28.1482, 30.6499, 33.1575, 35.6696, 38.1854, 40.7042, 43.2255, 45.7489, 22.606, 23.8287, 25.2484, 26.834, 
212.172, 217.244, 31.3255, 21.9236, 18.1765, 11.1326, 0, 2.54, 5.08, 7.62, 10.16, 12.7, 15.24, 17.78, 20.32, 22.86, 25.4, 27.94, 30.48, 33.02, 35.56, 15.24, 15.4502, 16.0644, 17.0388, 
212.044, 217.119, 32.219, 23.1823, 19.6764, 13.4428, 2.54, 0, 2.54, 5.08, 7.62, 10.16, 12.7, 15.24, 17.78, 20.32, 22.86, 25.4, 27.94, 30.48, 33.02, 15.4502, 15.24, 15.4502, 16.0644, 
211.947, 217.024, 33.2827, 24.6393, 21.3738, 15.8236, 5.08, 2.54, 0, 2.54, 5.08, 7.62, 10.16, 12.7, 15.24, 17.78, 20.32, 22.86, 25.4, 27.94, 30.48, 16.0644, 15.4502, 15.24, 15.4502, 
211.88, 216.959, 34.501, 26.2617, 23.2254, 18.2474, 7.62, 5.08, 2.54, 0, 2.54, 5.08, 7.62, 10.16, 12.7, 15.24, 17.78, 20.32, 22.86, 25.4, 27.94, 17.0388, 16.0644, 15.4502, 15.24, 
211.843, 216.923, 35.8581, 28.0207, 25.1973, 20.6991, 10.16, 7.62, 5.08, 2.54, 0, 2.54, 5.08, 7.62, 10.16, 12.7, 15.24, 17.78, 20.32, 22.86, 25.4, 18.3162, 17.0388, 16.0644, 15.4502, 
211.837, 216.917, 37.3389, 29.8922, 27.2633, 23.1698, 12.7, 10.16, 7.62, 5.08, 2.54, 0, 2.54, 5.08, 7.62, 10.16, 12.7, 15.24, 17.78, 20.32, 22.86, 19.838, 18.3162, 17.0388, 16.0644, 
211.862, 216.941, 38.9292, 31.8565, 29.4037, 25.654, 15.24, 12.7, 10.16, 7.62, 5.08, 2.54, 0, 2.54, 5.08, 7.62, 10.16, 12.7, 15.24, 17.78, 20.32, 21.5526, 19.838, 18.3162, 17.0388, 
211.917, 216.995, 40.6162, 33.8973, 31.6034, 28.1482, 17.78, 15.24, 12.7, 10.16, 7.62, 5.08, 2.54, 0, 2.54, 5.08, 7.62, 10.16, 12.7, 15.24, 17.78, 23.4176, 21.5526, 19.838, 18.3162, 
212.002, 217.078, 42.3883, 36.0018, 33.8507, 30.6499, 20.32, 17.78, 15.24, 12.7, 10.16, 7.62, 5.08, 2.54, 0, 2.54, 5.08, 7.62, 10.16, 12.7, 15.24, 25.4, 23.4176, 21.5526, 19.838, 
212.117, 217.191, 44.2354, 38.1592, 36.1368, 33.1575, 22.86, 20.32, 17.78, 15.24, 12.7, 10.16, 7.62, 5.08, 2.54, 0, 2.54, 5.08, 7.62, 10.16, 12.7, 27.4743, 25.4, 23.4176, 21.5526, 
212.263, 217.333, 46.1484, 40.3612, 38.4548, 35.6696, 25.4, 22.86, 20.32, 17.78, 15.24, 12.7, 10.16, 7.62, 5.08, 2.54, 0, 2.54, 5.08, 7.62, 10.16, 29.6212, 27.4743, 25.4, 23.4176, 
212.44, 217.505, 48.1194, 42.6009, 40.7992, 38.1854, 27.94, 25.4, 22.86, 20.32, 17.78, 15.24, 12.7, 10.16, 7.62, 5.08, 2.54, 0, 2.54, 5.08, 7.62, 31.8261, 29.6212, 27.4743, 25.4, 
212.646, 217.707, 50.1417, 44.8725, 43.1658, 40.7042, 30.48, 27.94, 25.4, 22.86, 20.32, 17.78, 15.24, 12.7, 10.16, 7.62, 5.08, 2.54, 0, 2.54, 5.08, 34.0777, 31.8261, 29.6212, 27.4743, 
212.882, 217.938, 52.2092, 47.1716, 45.5511, 43.2255, 33.02, 30.48, 27.94, 25.4, 22.86, 20.32, 17.78, 15.24, 12.7, 10.16, 7.62, 5.08, 2.54, 0, 2.54, 36.3673, 34.0777, 31.8261, 29.6212, 
213.149, 218.198, 54.3168, 49.4942, 47.9522, 45.7489, 35.56, 33.02, 30.48, 27.94, 25.4, 22.86, 20.32, 17.78, 15.24, 12.7, 10.16, 7.62, 5.08, 2.54, 0, 38.6881, 36.3673, 34.0777, 31.8261, 
196.958, 202.029, 46.0364, 36.1805, 32.0493, 22.606, 15.24, 15.4502, 16.0644, 17.0388, 18.3162, 19.838, 21.5526, 23.4176, 25.4, 27.4743, 29.6212, 31.8261, 34.0777, 36.3673, 38.6881, 0, 2.54, 5.08, 7.62, 
196.821, 201.895, 46.649, 36.9568, 32.9231, 23.8287, 15.4502, 15.24, 15.4502, 16.0644, 17.0388, 18.3162, 19.838, 21.5526, 23.4176, 25.4, 27.4743, 29.6212, 31.8261, 34.0777, 36.3673, 2.54, 0, 2.54, 5.08, 
196.716, 201.793, 47.3899, 37.8877, 33.9648, 25.2484, 16.0644, 15.4502, 15.24, 15.4502, 16.0644, 17.0388, 18.3162, 19.838, 21.5526, 23.4176, 25.4, 27.4743, 29.6212, 31.8261, 34.0777, 5.08, 2.54, 0, 2.54, 
196.643, 201.722, 48.2533, 38.9623, 35.1595, 26.834, 17.0388, 16.0644, 15.4502, 15.24, 15.4502, 16.0644, 17.0388, 18.3162, 19.838, 21.5526, 23.4176, 25.4, 27.4743, 29.6212, 31.8261, 7.62, 5.08, 2.54, 0, 
Scaled Distances:
0, 2, 174, 167, 164, 156, 152, 152, 152, 152, 152, 152, 152, 152, 152, 152, 152, 152, 153, 153, 153, 141, 141, 141, 141, 
2, 0, 178, 171, 167, 160, 156, 156, 156, 156, 156, 156, 156, 156, 156, 156, 156, 156, 156, 156, 157, 145, 145, 145, 145, 
174, 178, 0, 6, 9, 16, 21, 22, 22, 23, 24, 25, 26, 28, 29, 30, 32, 33, 35, 36, 38, 32, 32, 33, 33, 
167, 171, 6, 0, 1, 9, 14, 15, 16, 17, 19, 20, 21, 23, 24, 26, 27, 29, 31, 32, 34, 24, 25, 26, 26, 
164, 167, 9, 1, 0, 6, 11, 12, 14, 15, 16, 18, 20, 21, 23, 24, 26, 28, 30, 31, 33, 21, 22, 23, 24, 
156, 160, 16, 9, 6, 0, 6, 8, 10, 11, 13, 15, 17, 19, 20, 22, 24, 26, 28, 30, 31, 15, 15, 16, 18, 
152, 156, 21, 14, 11, 6, 0, 0, 2, 4, 6, 7, 9, 11, 13, 15, 17, 18, 20, 22, 24, 9, 9, 10, 11, 
152, 156, 22, 15, 12, 8, 0, 0, 0, 2, 4, 6, 7, 9, 11, 13, 15, 17, 18, 20, 22, 9, 9, 9, 10, 
152, 156, 22, 16, 14, 10, 2, 0, 0, 0, 2, 4, 6, 7, 9, 11, 13, 15, 17, 18, 20, 10, 9, 9, 9, 
152, 156, 23, 17, 15, 11, 4, 2, 0, 0, 0, 2, 4, 6, 7, 9, 11, 13, 15, 17, 18, 11, 10, 9, 9, 
152, 156, 24, 19, 16, 13, 6, 4, 2, 0, 0, 0, 2, 4, 6, 7, 9, 11, 13, 15, 17, 11, 11, 10, 9, 
152, 156, 25, 20, 18, 15, 7, 6, 4, 2, 0, 0, 0, 2, 4, 6, 7, 9, 11, 13, 15, 13, 11, 11, 10, 
152, 156, 26, 21, 20, 17, 9, 7, 6, 4, 2, 0, 0, 0, 2, 4, 6, 7, 9, 11, 13, 14, 13, 11, 11, 
152, 156, 28, 23, 21, 19, 11, 9, 7, 6, 4, 2, 0, 0, 0, 2, 4, 6, 7, 9, 11, 15, 14, 13, 11, 
152, 156, 29, 24, 23, 20, 13, 11, 9, 7, 6, 4, 2, 0, 0, 0, 2, 4, 6, 7, 9, 17, 15, 14, 13, 
152, 156, 30, 26, 24, 22, 15, 13, 11, 9, 7, 6, 4, 2, 0, 0, 0, 2, 4, 6, 7, 18, 17, 15, 14, 
152, 156, 32, 27, 26, 24, 17, 15, 13, 11, 9, 7, 6, 4, 2, 0, 0, 0, 2, 4, 6, 20, 18, 17, 15, 
152, 156, 33, 29, 28, 26, 18, 17, 15, 13, 11, 9, 7, 6, 4, 2, 0, 0, 0, 2, 4, 21, 20, 18, 17, 
153, 156, 35, 31, 30, 28, 20, 18, 17, 15, 13, 11, 9, 7, 6, 4, 2, 0, 0, 0, 2, 23, 21, 20, 18, 
153, 156, 36, 32, 31, 30, 22, 20, 18, 17, 15, 13, 11, 9, 7, 6, 4, 2, 0, 0, 0, 25, 23, 21, 20, 
153, 157, 38, 34, 33, 31, 24, 22, 20, 18, 17, 15, 13, 11, 9, 7, 6, 4, 2, 0, 0, 26, 25, 23, 21, 
141, 145, 32, 24, 21, 15, 9, 9, 10, 11, 11, 13, 14, 15, 17, 18, 20, 21, 23, 25, 26, 0, 0, 2, 4, 
141, 145, 32, 25, 22, 15, 9, 9, 9, 10, 11, 11, 13, 14, 15, 17, 18, 20, 21, 23, 25, 0, 0, 0, 2, 
141, 145, 33, 26, 23, 16, 10, 9, 9, 9, 10, 11, 11, 13, 14, 15, 17, 18, 20, 21, 23, 2, 0, 0, 0, 
141, 145, 33, 26, 24, 18, 11, 10, 9, 9, 9, 10, 11, 11, 13, 14, 15, 17, 18, 20, 21, 4, 2, 0, 0, 
Optimal total distance (scaled) for 25 points: 183
Optimal total distance for 25 points: 312.814854
Corresponding path (0-indexed):
Point #2
Point #3
Point #4
Point #5
Point #6
Point #7
Point #8
Point #9
Point #10
Point #11
Point #12
Point #13
Point #14
Point #15
Point #16
Point #17
Point #18
Point #19
Point #20
Point #24
Point #23
Point #22
Point #21
Point #0
Point #1
Execution time: 8037 ms

Elapsed time: 8037 ms


Execution #2/10000

Seed: 2
Estimated max possible cost 370.318203
for path: 
0 1 2 3 4 5 6 7 8 9 10 11 12 13 14 15 16 17 18 19 20 21 22 23 24 
Execution time: 7691 ms

Elapsed time: 15728 ms


Execution #3/10000

Seed: 3
Estimated max possible cost 370.318203
for path: 
0 1 2 3 4 5 6 7 8 9 10 11 12 13 14 15 16 17 18 19 20 21 22 23 24 
Execution time: 7842 ms

Elapsed time: 23570 ms


Execution #4/10000

Seed: 4
Estimated max possible cost 370.318203
for path: 
0 1 2 3 4 5 6 7 8 9 10 11 12 13 14 15 16 17 18 19 20 21 22 23 24 
Execution time: 7676 ms

Elapsed time: 31246 ms


Execution #5/10000

Seed: 5
Estimated max possible cost 370.318203
for path: 
0 1 2 3 4 5 6 7 8 9 10 11 12 13 14 15 16 17 18 19 20 21 22 23 24 
Execution time: 7954 ms

Elapsed time: 39200 ms


Execution #6/10000

Seed: 6
Estimated max possible cost 370.318203
for path: 
0 1 2 3 4 5 6 7 8 9 10 11 12 13 14 15 16 17 18 19 20 21 22 23 24 
Execution time: 7678 ms

Elapsed time: 46878 ms


Execution #7/10000

Seed: 7
Estimated max possible cost 370.318203
for path: 
0 1 2 3 4 5 6 7 8 9 10 11 12 13 14 15 16 17 18 19 20 21 22 23 24 
Execution time: 7812 ms

Elapsed time: 54690 ms


Execution #8/10000

Seed: 8
Estimated max possible cost 370.318203
for path: 
0 1 2 3 4 5 6 7 8 9 10 11 12 13 14 15 16 17 18 19 20 21 22 23 24 
Execution time: 7791 ms

Elapsed time: 62481 ms


Execution #9/10000

Seed: 9
Estimated max possible cost 370.318203
for path: 
0 1 2 3 4 5 6 7 8 9 10 11 12 13 14 15 16 17 18 19 20 21 22 23 24 
Execution time: 7821 ms

Elapsed time: 70302 ms


Execution #10/10000

Seed: 10
Estimated max possible cost 370.318203
for path: 
0 1 2 3 4 5 6 7 8 9 10 11 12 13 14 15 16 17 18 19 20 21 22 23 24 
Execution time: 7611 ms

Elapsed time: 77913 ms


Execution #11/10000

Seed: 11
Estimated max possible cost 370.318203
for path: 
0 1 2 3 4 5 6 7 8 9 10 11 12 13 14 15 16 17 18 19 20 21 22 23 24 
Execution time: 7833 ms

Elapsed time: 85746 ms


Execution #12/10000

Seed: 12
Estimated max possible cost 370.318203
for path: 
0 1 2 3 4 5 6 7 8 9 10 11 12 13 14 15 16 17 18 19 20 21 22 23 24 
Execution time: 7673 ms

Elapsed time: 93419 ms


Execution #13/10000

Seed: 13
Estimated max possible cost 370.318203
for path: 
0 1 2 3 4 5 6 7 8 9 10 11 12 13 14 15 16 17 18 19 20 21 22 23 24 
Execution time: 8002 ms

Elapsed time: 101421 ms


Execution #14/10000

Seed: 14
Estimated max possible cost 370.318203
for path: 
0 1 2 3 4 5 6 7 8 9 10 11 12 13 14 15 16 17 18 19 20 21 22 23 24 
Execution time: 7840 ms

Elapsed time: 109261 ms


Execution #15/10000

Seed: 15
Estimated max possible cost 370.318203
for path: 
0 1 2 3 4 5 6 7 8 9 10 11 12 13 14 15 16 17 18 19 20 21 22 23 24 
Execution time: 7808 ms

Elapsed time: 117069 ms


Execution #16/10000

Seed: 16
Estimated max possible cost 370.318203
for path: 
0 1 2 3 4 5 6 7 8 9 10 11 12 13 14 15 16 17 18 19 20 21 22 23 24 
Execution time: 7735 ms

Elapsed time: 124804 ms


Execution #17/10000

Seed: 17
Estimated max possible cost 370.318203
for path: 
0 1 2 3 4 5 6 7 8 9 10 11 12 13 14 15 16 17 18 19 20 21 22 23 24 
Execution time: 7931 ms

Elapsed time: 132735 ms


Execution #18/10000

Seed: 18
Estimated max possible cost 370.318203
for path: 
0 1 2 3 4 5 6 7 8 9 10 11 12 13 14 15 16 17 18 19 20 21 22 23 24 
Execution time: 8139 ms

Elapsed time: 140874 ms


Execution #19/10000

Seed: 19
Estimated max possible cost 370.318203
for path: 
0 1 2 3 4 5 6 7 8 9 10 11 12 13 14 15 16 17 18 19 20 21 22 23 24 
Execution time: 7811 ms

Elapsed time: 148685 ms


Execution #20/10000

Seed: 20
Estimated max possible cost 370.318203
for path: 
0 1 2 3 4 5 6 7 8 9 10 11 12 13 14 15 16 17 18 19 20 21 22 23 24 
Execution time: 8079 ms

Elapsed time: 156764 ms


Execution #21/10000

Seed: 21
Estimated max possible cost 370.318203
for path: 
0 1 2 3 4 5 6 7 8 9 10 11 12 13 14 15 16 17 18 19 20 21 22 23 24 
Execution time: 7947 ms

Elapsed time: 164711 ms


Execution #22/10000

Seed: 22
Estimated max possible cost 370.318203
for path: 
0 1 2 3 4 5 6 7 8 9 10 11 12 13 14 15 16 17 18 19 20 21 22 23 24 
Execution time: 7762 ms

Elapsed time: 172473 ms


Execution #23/10000

Seed: 23
Estimated max possible cost 370.318203
for path: 
0 1 2 3 4 5 6 7 8 9 10 11 12 13 14 15 16 17 18 19 20 21 22 23 24 
Execution time: 7852 ms

Elapsed time: 180325 ms


Execution #24/10000

Seed: 24
Estimated max possible cost 370.318203
for path: 
0 1 2 3 4 5 6 7 8 9 10 11 12 13 14 15 16 17 18 19 20 21 22 23 24 
Execution time: 7713 ms

Elapsed time: 188038 ms


Execution #25/10000

Seed: 25
Estimated max possible cost 370.318203
for path: 
0 1 2 3 4 5 6 7 8 9 10 11 12 13 14 15 16 17 18 19 20 21 22 23 24 
Execution time: 7919 ms

Elapsed time: 195957 ms


Execution #26/10000

Seed: 26
Estimated max possible cost 370.318203
for path: 
0 1 2 3 4 5 6 7 8 9 10 11 12 13 14 15 16 17 18 19 20 21 22 23 24 
Execution time: 7783 ms

Elapsed time: 203740 ms


Execution #27/10000

Seed: 27
Estimated max possible cost 370.318203
for path: 
0 1 2 3 4 5 6 7 8 9 10 11 12 13 14 15 16 17 18 19 20 21 22 23 24 
Execution time: 7752 ms

Elapsed time: 211492 ms


Execution #28/10000

Seed: 28
Estimated max possible cost 370.318203
for path: 
0 1 2 3 4 5 6 7 8 9 10 11 12 13 14 15 16 17 18 19 20 21 22 23 24 
Execution time: 7829 ms

Elapsed time: 219321 ms


Execution #29/10000

Seed: 29
Estimated max possible cost 370.318203
for path: 
0 1 2 3 4 5 6 7 8 9 10 11 12 13 14 15 16 17 18 19 20 21 22 23 24 
Execution time: 8051 ms

Elapsed time: 227372 ms


Execution #30/10000

Seed: 30
Estimated max possible cost 370.318203
for path: 
0 1 2 3 4 5 6 7 8 9 10 11 12 13 14 15 16 17 18 19 20 21 22 23 24 
Execution time: 8207 ms

Elapsed time: 235579 ms


Execution #31/10000

Seed: 31
Estimated max possible cost 370.318203
for path: 
0 1 2 3 4 5 6 7 8 9 10 11 12 13 14 15 16 17 18 19 20 21 22 23 24 
Execution time: 7907 ms

Elapsed time: 243486 ms


Execution #32/10000

Seed: 32
Estimated max possible cost 370.318203
for path: 
0 1 2 3 4 5 6 7 8 9 10 11 12 13 14 15 16 17 18 19 20 21 22 23 24 
Execution time: 7698 ms

Elapsed time: 251184 ms


Execution #33/10000

Seed: 33
Estimated max possible cost 370.318203
for path: 
0 1 2 3 4 5 6 7 8 9 10 11 12 13 14 15 16 17 18 19 20 21 22 23 24 
Execution time: 7731 ms

Elapsed time: 258915 ms


Execution #34/10000

Seed: 34
Estimated max possible cost 370.318203
for path: 
0 1 2 3 4 5 6 7 8 9 10 11 12 13 14 15 16 17 18 19 20 21 22 23 24 
Execution time: 7835 ms

Elapsed time: 266750 ms


Execution #35/10000

Seed: 35
Estimated max possible cost 370.318203
for path: 
0 1 2 3 4 5 6 7 8 9 10 11 12 13 14 15 16 17 18 19 20 21 22 23 24 
Execution time: 7803 ms

Elapsed time: 274553 ms


Execution #36/10000

Seed: 36
Estimated max possible cost 370.318203
for path: 
0 1 2 3 4 5 6 7 8 9 10 11 12 13 14 15 16 17 18 19 20 21 22 23 24 
Execution time: 8034 ms

Elapsed time: 282587 ms


Execution #37/10000

Seed: 37
Estimated max possible cost 370.318203
for path: 
0 1 2 3 4 5 6 7 8 9 10 11 12 13 14 15 16 17 18 19 20 21 22 23 24 
Execution time: 7761 ms

Elapsed time: 290348 ms


Execution #38/10000

Seed: 38
Estimated max possible cost 370.318203
for path: 
0 1 2 3 4 5 6 7 8 9 10 11 12 13 14 15 16 17 18 19 20 21 22 23 24 
Execution time: 7725 ms

Elapsed time: 298073 ms


Execution #39/10000

Seed: 39
Estimated max possible cost 370.318203
for path: 
0 1 2 3 4 5 6 7 8 9 10 11 12 13 14 15 16 17 18 19 20 21 22 23 24 
Execution time: 7907 ms

Elapsed time: 305980 ms


Terminating due to timeout: 305980 ms >= 300000 ms

Executed runs: 38/10000
Total execution time: 305.98 s
Avg execution time: 8052.11 ms
