Solving TSP


Execution #1/1

Seed: 1
Estimated max possible cost 92.000000
for path: 
3 9 2 1 7 0 6 5 8 4 3
Memory needed for path: 2142 locs, for costs: 1134 locs.
Desired precision: 1e+12
Mem constraint for cost_t: 64 bits
Rounded to pow of 2 bytes mem constraint (capped at 64bits) for cost_t: 64 bits
Bits needed for an int to preserve precision: 47
Bits used per cost_t: 47
Selected cost_t = (u)int64_t
Solving with cost_t = y
Memory [GB] needed: 1.04439e-05
Distances:
9999, 3, 5, 48, 48, 8, 8, 5, 5, 3, 
3, 9999, 3, 48, 48, 8, 8, 5, 5, 0, 
5, 3, 9999, 72, 72, 48, 48, 24, 24, 3, 
48, 48, 74, 9999, 0, 6, 6, 12, 12, 48, 
48, 48, 74, 0, 9999, 6, 6, 12, 12, 48, 
8, 8, 50, 6, 6, 9999, 0, 8, 8, 8, 
8, 8, 50, 6, 6, 0, 9999, 8, 8, 8, 
5, 5, 26, 12, 12, 8, 8, 9999, 0, 5, 
5, 5, 26, 12, 12, 8, 8, 0, 9999, 5, 
3, 0, 3, 48, 48, 8, 8, 5, 5, 9999, 
Scaled Distances:
1.84467e+19, 5.42551e+17, 9.04252e+17, 8.68082e+18, 8.68082e+18, 1.4468e+18, 1.4468e+18, 9.04252e+17, 9.04252e+17, 5.42551e+17, 
5.42551e+17, 1.84467e+19, 5.42551e+17, 8.68082e+18, 8.68082e+18, 1.4468e+18, 1.4468e+18, 9.04252e+17, 9.04252e+17, 0, 
9.04252e+17, 5.42551e+17, 1.84467e+19, 1.30212e+19, 1.30212e+19, 8.68082e+18, 8.68082e+18, 4.34041e+18, 4.34041e+18, 5.42551e+17, 
8.68082e+18, 8.68082e+18, 1.33829e+19, 1.84467e+19, 0, 1.0851e+18, 1.0851e+18, 2.17021e+18, 2.17021e+18, 8.68082e+18, 
8.68082e+18, 8.68082e+18, 1.33829e+19, 0, 1.84467e+19, 1.0851e+18, 1.0851e+18, 2.17021e+18, 2.17021e+18, 8.68082e+18, 
1.4468e+18, 1.4468e+18, 9.04252e+18, 1.0851e+18, 1.0851e+18, 1.84467e+19, 0, 1.4468e+18, 1.4468e+18, 1.4468e+18, 
1.4468e+18, 1.4468e+18, 9.04252e+18, 1.0851e+18, 1.0851e+18, 0, 1.84467e+19, 1.4468e+18, 1.4468e+18, 1.4468e+18, 
9.04252e+17, 9.04252e+17, 4.70211e+18, 2.17021e+18, 2.17021e+18, 1.4468e+18, 1.4468e+18, 1.84467e+19, 0, 9.04252e+17, 
9.04252e+17, 9.04252e+17, 4.70211e+18, 2.17021e+18, 2.17021e+18, 1.4468e+18, 1.4468e+18, 0, 1.84467e+19, 9.04252e+17, 
5.42551e+17, 0, 5.42551e+17, 8.68082e+18, 8.68082e+18, 1.4468e+18, 1.4468e+18, 9.04252e+17, 9.04252e+17, 1.84467e+19, 
Optimal total distance (scaled) for 10 points: 7.05317e+18
Optimal total distance for 10 points: 39.000000
Corresponding path (0-indexed):
Point #9
Point #1
Point #2
Point #0
Point #6
Point #5
Point #4
Point #3
Point #7
Point #8
Point #9
Execution time: 0 ms

Elapsed time: 0 ms
Executed runs: 1/1
Total execution time: 0 s
Avg execution time: 0 ms
