Solving TSP


Execution #1/1

Seed: 1
Estimated max possible cost 100.000000
for path: 
0 1 2 3 4 5 6 7 8 9 10 0
Memory needed for path: 4920 locs, for costs: 2520 locs.
Desired precision: 1e+12
Mem constraint for cost_t: 64 bits
Rounded to pow of 2 bytes mem constraint (capped at 64bits) for cost_t: 64 bits
Bits needed for an int to preserve precision: 47
Bits used per cost_t: 47
Selected cost_t = (u)int64_t
Solving with cost_t = y
Memory [GB] needed: 2.33576e-05
Distances:
9999, 3, 5, 48, 48, 8, 8, 5, 5, 3, 3, 
3, 9999, 3, 48, 48, 8, 8, 5, 5, 0, 0, 
5, 3, 9999, 72, 72, 48, 48, 24, 24, 3, 3, 
48, 48, 74, 9999, 0, 6, 6, 12, 12, 48, 48, 
48, 48, 74, 0, 9999, 6, 6, 12, 12, 48, 48, 
8, 8, 50, 6, 6, 9999, 0, 8, 8, 8, 8, 
8, 8, 50, 6, 6, 0, 9999, 8, 8, 8, 8, 
5, 5, 26, 12, 12, 8, 8, 9999, 0, 5, 5, 
5, 5, 26, 12, 12, 8, 8, 0, 9999, 5, 5, 
3, 0, 3, 48, 48, 8, 8, 5, 5, 9999, 0, 
3, 0, 3, 48, 48, 8, 8, 5, 5, 0, 9999, 
Scaled Distances:
1.84467e+19, 4.98561e+17, 8.30934e+17, 7.97697e+18, 7.97697e+18, 1.3295e+18, 1.3295e+18, 8.30934e+17, 8.30934e+17, 4.98561e+17, 4.98561e+17, 
4.98561e+17, 1.84467e+19, 4.98561e+17, 7.97697e+18, 7.97697e+18, 1.3295e+18, 1.3295e+18, 8.30934e+17, 8.30934e+17, 0, 0, 
8.30934e+17, 4.98561e+17, 1.84467e+19, 1.19655e+19, 1.19655e+19, 7.97697e+18, 7.97697e+18, 3.98849e+18, 3.98849e+18, 4.98561e+17, 4.98561e+17, 
7.97697e+18, 7.97697e+18, 1.22978e+19, 1.84467e+19, 0, 9.97121e+17, 9.97121e+17, 1.99424e+18, 1.99424e+18, 7.97697e+18, 7.97697e+18, 
7.97697e+18, 7.97697e+18, 1.22978e+19, 0, 1.84467e+19, 9.97121e+17, 9.97121e+17, 1.99424e+18, 1.99424e+18, 7.97697e+18, 7.97697e+18, 
1.3295e+18, 1.3295e+18, 8.30934e+18, 9.97121e+17, 9.97121e+17, 1.84467e+19, 0, 1.3295e+18, 1.3295e+18, 1.3295e+18, 1.3295e+18, 
1.3295e+18, 1.3295e+18, 8.30934e+18, 9.97121e+17, 9.97121e+17, 0, 1.84467e+19, 1.3295e+18, 1.3295e+18, 1.3295e+18, 1.3295e+18, 
8.30934e+17, 8.30934e+17, 4.32086e+18, 1.99424e+18, 1.99424e+18, 1.3295e+18, 1.3295e+18, 1.84467e+19, 0, 8.30934e+17, 8.30934e+17, 
8.30934e+17, 8.30934e+17, 4.32086e+18, 1.99424e+18, 1.99424e+18, 1.3295e+18, 1.3295e+18, 0, 1.84467e+19, 8.30934e+17, 8.30934e+17, 
4.98561e+17, 0, 4.98561e+17, 7.97697e+18, 7.97697e+18, 1.3295e+18, 1.3295e+18, 8.30934e+17, 8.30934e+17, 1.84467e+19, 0, 
4.98561e+17, 0, 4.98561e+17, 7.97697e+18, 7.97697e+18, 1.3295e+18, 1.3295e+18, 8.30934e+17, 8.30934e+17, 0, 1.84467e+19, 
Optimal total distance (scaled) for 11 points: 6.48129e+18
Optimal total distance for 11 points: 39.000000
Corresponding path (0-indexed):
Point #10
Point #8
Point #7
Point #4
Point #3
Point #6
Point #5
Point #0
Point #2
Point #1
Point #9
Point #10
Execution time: 0 ms

Elapsed time: 0 ms
Executed runs: 1/1
Total execution time: 0 s
Avg execution time: 0 ms
