Solving TSP


Execution #1/1

Seed: 1
Estimated max possible cost 90.000000
for path: 
8 7 3 4 6 1 2 5 0 8
Memory needed for path: 896 locs, for costs: 560 locs.
Desired precision: 1e+12
Mem constraint for cost_t: 64 bits
Rounded to pow of 2 bytes mem constraint (capped at 64bits) for cost_t: 64 bits
Bits needed for an int to preserve precision: 47
Bits used per cost_t: 47
Selected cost_t = (u)int64_t
Solving with cost_t = y
Memory [GB] needed: 5.00679e-06
Distances:
9999, 3, 5, 48, 48, 8, 8, 5, 5, 
3, 9999, 3, 48, 48, 8, 8, 5, 5, 
5, 3, 9999, 72, 72, 48, 48, 24, 24, 
48, 48, 74, 9999, 0, 6, 6, 12, 12, 
48, 48, 74, 0, 9999, 6, 6, 12, 12, 
8, 8, 50, 6, 6, 9999, 0, 8, 8, 
8, 8, 50, 6, 6, 0, 9999, 8, 8, 
5, 5, 26, 12, 12, 8, 8, 9999, 0, 
5, 5, 26, 12, 12, 8, 8, 0, 9999, 
Scaled Distances:
1.84467e+19, 5.58992e+17, 9.31654e+17, 8.94388e+18, 8.94388e+18, 1.49065e+18, 1.49065e+18, 9.31654e+17, 9.31654e+17, 
5.58992e+17, 1.84467e+19, 5.58992e+17, 8.94388e+18, 8.94388e+18, 1.49065e+18, 1.49065e+18, 9.31654e+17, 9.31654e+17, 
9.31654e+17, 5.58992e+17, 1.84467e+19, 1.34158e+19, 1.34158e+19, 8.94388e+18, 8.94388e+18, 4.47194e+18, 4.47194e+18, 
8.94388e+18, 8.94388e+18, 1.37885e+19, 1.84467e+19, 0, 1.11798e+18, 1.11798e+18, 2.23597e+18, 2.23597e+18, 
8.94388e+18, 8.94388e+18, 1.37885e+19, 0, 1.84467e+19, 1.11798e+18, 1.11798e+18, 2.23597e+18, 2.23597e+18, 
1.49065e+18, 1.49065e+18, 9.31654e+18, 1.11798e+18, 1.11798e+18, 1.84467e+19, 0, 1.49065e+18, 1.49065e+18, 
1.49065e+18, 1.49065e+18, 9.31654e+18, 1.11798e+18, 1.11798e+18, 0, 1.84467e+19, 1.49065e+18, 1.49065e+18, 
9.31654e+17, 9.31654e+17, 4.8446e+18, 2.23597e+18, 2.23597e+18, 1.49065e+18, 1.49065e+18, 1.84467e+19, 0, 
9.31654e+17, 9.31654e+17, 4.8446e+18, 2.23597e+18, 2.23597e+18, 1.49065e+18, 1.49065e+18, 0, 1.84467e+19, 
Optimal total distance (scaled) for 9 points: 7.2669e+18
Optimal total distance for 9 points: 39.000000
Corresponding path (0-indexed):
Point #8
Point #4
Point #3
Point #6
Point #5
Point #1
Point #2
Point #0
Point #7
Point #8
Execution time: 0 ms

Elapsed time: 0 ms
Executed runs: 1/1
Total execution time: 0 s
Avg execution time: 0 ms
