Solving SHP


Execution #1/10000

Seed: 1
Estimated max possible cost 321.470076
for path: 
0 1 2 3 4 5 6 7 8 9 10 11 12 13 14 15 16 17 18 19 
Memory needed for path: 3394920 locs, for costs: 3359200 locs.
Desired precision: 1e+12
Mem constraint for cost_t: 16 bits
Rounded to pow of 2 bytes mem constraint (capped at 64bits) for cost_t: 16 bits
Bits needed for an int to preserve precision: 48
Warning: cannot preserve precision.
Warning: Using an integer; there is not enough memory for decimals.
Bits used per cost_t: 16
Selected cost_t = (u)int16_t
Solving with cost_t = t
Memory [GB] needed: 0.00941876
Requested precision is too high;managed to differentiate costs by: 0.001568
Distances:
0, 5.08, 242.54, 232.423, 228.124, 218.013, 212.172, 212.044, 211.947, 211.88, 211.843, 211.837, 211.862, 211.917, 212.002, 212.117, 212.263, 212.44, 212.646, 212.882, 
5.08, 0, 247.599, 237.481, 233.181, 223.068, 217.244, 217.119, 217.024, 216.959, 216.923, 216.917, 216.941, 216.995, 217.078, 217.191, 217.333, 217.505, 217.707, 217.938, 
242.54, 247.599, 0, 10.16, 14.478, 24.638, 31.3255, 32.219, 33.2827, 34.501, 35.8581, 37.3389, 38.9292, 40.6162, 42.3883, 44.2354, 46.1484, 48.1194, 50.1417, 52.2092, 
232.423, 237.481, 10.16, 0, 4.318, 14.478, 21.9236, 23.1823, 24.6393, 26.2617, 28.0207, 29.8922, 31.8565, 33.8973, 36.0018, 38.1592, 40.3612, 42.6009, 44.8725, 47.1716, 
228.124, 233.181, 14.478, 4.318, 0, 10.16, 18.1765, 19.6764, 21.3738, 23.2254, 25.1973, 27.2633, 29.4037, 31.6034, 33.8507, 36.1368, 38.4548, 40.7992, 43.1658, 45.5511, 
218.013, 223.068, 24.638, 14.478, 10.16, 0, 11.1326, 13.4428, 15.8236, 18.2474, 20.6991, 23.1698, 25.654, 28.1482, 30.6499, 33.1575, 35.6696, 38.1854, 40.7042, 43.2255, 
212.172, 217.244, 31.3255, 21.9236, 18.1765, 11.1326, 0, 2.54, 5.08, 7.62, 10.16, 12.7, 15.24, 17.78, 20.32, 22.86, 25.4, 27.94, 30.48, 33.02, 
212.044, 217.119, 32.219, 23.1823, 19.6764, 13.4428, 2.54, 0, 2.54, 5.08, 7.62, 10.16, 12.7, 15.24, 17.78, 20.32, 22.86, 25.4, 27.94, 30.48, 
211.947, 217.024, 33.2827, 24.6393, 21.3738, 15.8236, 5.08, 2.54, 0, 2.54, 5.08, 7.62, 10.16, 12.7, 15.24, 17.78, 20.32, 22.86, 25.4, 27.94, 
211.88, 216.959, 34.501, 26.2617, 23.2254, 18.2474, 7.62, 5.08, 2.54, 0, 2.54, 5.08, 7.62, 10.16, 12.7, 15.24, 17.78, 20.32, 22.86, 25.4, 
211.843, 216.923, 35.8581, 28.0207, 25.1973, 20.6991, 10.16, 7.62, 5.08, 2.54, 0, 2.54, 5.08, 7.62, 10.16, 12.7, 15.24, 17.78, 20.32, 22.86, 
211.837, 216.917, 37.3389, 29.8922, 27.2633, 23.1698, 12.7, 10.16, 7.62, 5.08, 2.54, 0, 2.54, 5.08, 7.62, 10.16, 12.7, 15.24, 17.78, 20.32, 
211.862, 216.941, 38.9292, 31.8565, 29.4037, 25.654, 15.24, 12.7, 10.16, 7.62, 5.08, 2.54, 0, 2.54, 5.08, 7.62, 10.16, 12.7, 15.24, 17.78, 
211.917, 216.995, 40.6162, 33.8973, 31.6034, 28.1482, 17.78, 15.24, 12.7, 10.16, 7.62, 5.08, 2.54, 0, 2.54, 5.08, 7.62, 10.16, 12.7, 15.24, 
212.002, 217.078, 42.3883, 36.0018, 33.8507, 30.6499, 20.32, 17.78, 15.24, 12.7, 10.16, 7.62, 5.08, 2.54, 0, 2.54, 5.08, 7.62, 10.16, 12.7, 
212.117, 217.191, 44.2354, 38.1592, 36.1368, 33.1575, 22.86, 20.32, 17.78, 15.24, 12.7, 10.16, 7.62, 5.08, 2.54, 0, 2.54, 5.08, 7.62, 10.16, 
212.263, 217.333, 46.1484, 40.3612, 38.4548, 35.6696, 25.4, 22.86, 20.32, 17.78, 15.24, 12.7, 10.16, 7.62, 5.08, 2.54, 0, 2.54, 5.08, 7.62, 
212.44, 217.505, 48.1194, 42.6009, 40.7992, 38.1854, 27.94, 25.4, 22.86, 20.32, 17.78, 15.24, 12.7, 10.16, 7.62, 5.08, 2.54, 0, 2.54, 5.08, 
212.646, 217.707, 50.1417, 44.8725, 43.1658, 40.7042, 30.48, 27.94, 25.4, 22.86, 20.32, 17.78, 15.24, 12.7, 10.16, 7.62, 5.08, 2.54, 0, 2.54, 
212.882, 217.938, 52.2092, 47.1716, 45.5511, 43.2255, 33.02, 30.48, 27.94, 25.4, 22.86, 20.32, 17.78, 15.24, 12.7, 10.16, 7.62, 5.08, 2.54, 0, 
Scaled Distances:
0, 568, 53642, 51381, 50420, 48160, 46854, 46826, 46804, 46789, 46781, 46780, 46785, 46797, 46816, 46842, 46875, 46914, 46960, 47013, 
568, 0, 54773, 52511, 51550, 49290, 47988, 47960, 47939, 47924, 47916, 47915, 47920, 47932, 47951, 47976, 48008, 48046, 48091, 48143, 
53642, 54773, 0, 1703, 2668, 4939, 6434, 6633, 6871, 7144, 7447, 7778, 8133, 8510, 8906, 9319, 9747, 10187, 10639, 11101, 
51381, 52511, 1703, 0, 397, 2668, 4332, 4614, 4939, 5302, 5695, 6113, 6552, 7009, 7479, 7961, 8453, 8954, 9462, 9975, 
50420, 51550, 2668, 397, 0, 1703, 3495, 3830, 4209, 4623, 5064, 5526, 6004, 6496, 6998, 7509, 8027, 8551, 9080, 9613, 
48160, 49290, 4939, 2668, 1703, 0, 1921, 2437, 2969, 3511, 4059, 4611, 5166, 5724, 6283, 6843, 7405, 7967, 8530, 9094, 
46854, 47988, 6434, 4332, 3495, 1921, 0, 0, 568, 1135, 1703, 2271, 2839, 3406, 3974, 4542, 5109, 5677, 6245, 6813, 
46826, 47960, 6633, 4614, 3830, 2437, 0, 0, 0, 568, 1135, 1703, 2271, 2839, 3406, 3974, 4542, 5109, 5677, 6245, 
46804, 47939, 6871, 4939, 4209, 2969, 568, 0, 0, 0, 568, 1135, 1703, 2271, 2839, 3406, 3974, 4542, 5109, 5677, 
46789, 47924, 7144, 5302, 4623, 3511, 1135, 568, 0, 0, 0, 568, 1135, 1703, 2271, 2839, 3406, 3974, 4542, 5109, 
46781, 47916, 7447, 5695, 5064, 4059, 1703, 1135, 568, 0, 0, 0, 568, 1135, 1703, 2271, 2839, 3406, 3974, 4542, 
46780, 47915, 7778, 6113, 5526, 4611, 2271, 1703, 1135, 568, 0, 0, 0, 568, 1135, 1703, 2271, 2839, 3406, 3974, 
46785, 47920, 8133, 6552, 6004, 5166, 2839, 2271, 1703, 1135, 568, 0, 0, 0, 568, 1135, 1703, 2271, 2839, 3406, 
46797, 47932, 8510, 7009, 6496, 5724, 3406, 2839, 2271, 1703, 1135, 568, 0, 0, 0, 568, 1135, 1703, 2271, 2839, 
46816, 47951, 8906, 7479, 6998, 6283, 3974, 3406, 2839, 2271, 1703, 1135, 568, 0, 0, 0, 568, 1135, 1703, 2271, 
46842, 47976, 9319, 7961, 7509, 6843, 4542, 3974, 3406, 2839, 2271, 1703, 1135, 568, 0, 0, 0, 568, 1135, 1703, 
46875, 48008, 9747, 8453, 8027, 7405, 5109, 4542, 3974, 3406, 2839, 2271, 1703, 1135, 568, 0, 0, 0, 568, 1135, 
46914, 48046, 10187, 8954, 8551, 7967, 5677, 5109, 4542, 3974, 3406, 2839, 2271, 1703, 1135, 568, 0, 0, 0, 568, 
46960, 48091, 10639, 9462, 9080, 8530, 6245, 5677, 5109, 4542, 3974, 3406, 2839, 2271, 1703, 1135, 568, 0, 0, 0, 
47013, 48143, 11101, 9975, 9613, 9094, 6813, 6245, 5677, 5109, 4542, 3974, 3406, 2839, 2271, 1703, 1135, 568, 0, 0, 
Optimal total distance (scaled) for 20 points: 53305
Optimal total distance for 20 points: 286.753080
Corresponding path (0-indexed):
Point #2
Point #3
Point #4
Point #5
Point #6
Point #7
Point #8
Point #9
Point #10
Point #11
Point #12
Point #13
Point #14
Point #15
Point #16
Point #17
Point #18
Point #19
Point #0
Point #1
Execution time: 160 ms

Elapsed time: 160 ms


Execution #2/10000

Seed: 2
Estimated max possible cost 321.470076
for path: 
0 1 2 3 4 5 6 7 8 9 10 11 12 13 14 15 16 17 18 19 
Execution time: 165 ms

Elapsed time: 325 ms


Execution #3/10000

Seed: 3
Estimated max possible cost 321.470076
for path: 
0 1 2 3 4 5 6 7 8 9 10 11 12 13 14 15 16 17 18 19 
Execution time: 140 ms

Elapsed time: 465 ms


Execution #4/10000

Seed: 4
Estimated max possible cost 321.470076
for path: 
0 1 2 3 4 5 6 7 8 9 10 11 12 13 14 15 16 17 18 19 
Execution time: 180 ms

Elapsed time: 645 ms


Execution #5/10000

Seed: 5
Estimated max possible cost 321.470076
for path: 
0 1 2 3 4 5 6 7 8 9 10 11 12 13 14 15 16 17 18 19 
Execution time: 141 ms

Elapsed time: 786 ms


Execution #6/10000

Seed: 6
Estimated max possible cost 321.470076
for path: 
0 1 2 3 4 5 6 7 8 9 10 11 12 13 14 15 16 17 18 19 
Execution time: 119 ms

Elapsed time: 905 ms


Execution #7/10000

Seed: 7
Estimated max possible cost 321.470076
for path: 
0 1 2 3 4 5 6 7 8 9 10 11 12 13 14 15 16 17 18 19 
Execution time: 157 ms

Elapsed time: 1062 ms


Execution #8/10000

Seed: 8
Estimated max possible cost 321.470076
for path: 
0 1 2 3 4 5 6 7 8 9 10 11 12 13 14 15 16 17 18 19 
Execution time: 155 ms

Elapsed time: 1217 ms


Execution #9/10000

Seed: 9
Estimated max possible cost 321.470076
for path: 
0 1 2 3 4 5 6 7 8 9 10 11 12 13 14 15 16 17 18 19 
Execution time: 147 ms

Elapsed time: 1364 ms


Execution #10/10000

Seed: 10
Estimated max possible cost 321.470076
for path: 
0 1 2 3 4 5 6 7 8 9 10 11 12 13 14 15 16 17 18 19 
Execution time: 180 ms

Elapsed time: 1544 ms


Execution #11/10000

Seed: 11
Estimated max possible cost 321.470076
for path: 
0 1 2 3 4 5 6 7 8 9 10 11 12 13 14 15 16 17 18 19 
Execution time: 192 ms

Elapsed time: 1736 ms


Execution #12/10000

Seed: 12
Estimated max possible cost 321.470076
for path: 
0 1 2 3 4 5 6 7 8 9 10 11 12 13 14 15 16 17 18 19 
Execution time: 166 ms

Elapsed time: 1902 ms


Execution #13/10000

Seed: 13
Estimated max possible cost 321.470076
for path: 
0 1 2 3 4 5 6 7 8 9 10 11 12 13 14 15 16 17 18 19 
Execution time: 132 ms

Elapsed time: 2034 ms


Execution #14/10000

Seed: 14
Estimated max possible cost 321.470076
for path: 
0 1 2 3 4 5 6 7 8 9 10 11 12 13 14 15 16 17 18 19 
Execution time: 137 ms

Elapsed time: 2171 ms


Execution #15/10000

Seed: 15
Estimated max possible cost 321.470076
for path: 
0 1 2 3 4 5 6 7 8 9 10 11 12 13 14 15 16 17 18 19 
Execution time: 173 ms

Elapsed time: 2344 ms


Execution #16/10000

Seed: 16
Estimated max possible cost 321.470076
for path: 
0 1 2 3 4 5 6 7 8 9 10 11 12 13 14 15 16 17 18 19 
Execution time: 178 ms

Elapsed time: 2522 ms


Execution #17/10000

Seed: 17
Estimated max possible cost 321.470076
for path: 
0 1 2 3 4 5 6 7 8 9 10 11 12 13 14 15 16 17 18 19 
Execution time: 120 ms

Elapsed time: 2642 ms


Execution #18/10000

Seed: 18
Estimated max possible cost 321.470076
for path: 
0 1 2 3 4 5 6 7 8 9 10 11 12 13 14 15 16 17 18 19 
Execution time: 210 ms

Elapsed time: 2852 ms


Execution #19/10000

Seed: 19
Estimated max possible cost 321.470076
for path: 
0 1 2 3 4 5 6 7 8 9 10 11 12 13 14 15 16 17 18 19 
Execution time: 150 ms

Elapsed time: 3002 ms


Execution #20/10000

Seed: 20
Estimated max possible cost 321.470076
for path: 
0 1 2 3 4 5 6 7 8 9 10 11 12 13 14 15 16 17 18 19 
Execution time: 154 ms

Elapsed time: 3156 ms


Execution #21/10000

Seed: 21
Estimated max possible cost 321.470076
for path: 
0 1 2 3 4 5 6 7 8 9 10 11 12 13 14 15 16 17 18 19 
Execution time: 154 ms

Elapsed time: 3310 ms


Execution #22/10000

Seed: 22
Estimated max possible cost 321.470076
for path: 
0 1 2 3 4 5 6 7 8 9 10 11 12 13 14 15 16 17 18 19 
Execution time: 180 ms

Elapsed time: 3490 ms


Execution #23/10000

Seed: 23
Estimated max possible cost 321.470076
for path: 
0 1 2 3 4 5 6 7 8 9 10 11 12 13 14 15 16 17 18 19 
Execution time: 146 ms

Elapsed time: 3636 ms


Execution #24/10000

Seed: 24
Estimated max possible cost 321.470076
for path: 
0 1 2 3 4 5 6 7 8 9 10 11 12 13 14 15 16 17 18 19 
Execution time: 213 ms

Elapsed time: 3849 ms


Execution #25/10000

Seed: 25
Estimated max possible cost 321.470076
for path: 
0 1 2 3 4 5 6 7 8 9 10 11 12 13 14 15 16 17 18 19 
Execution time: 128 ms

Elapsed time: 3977 ms


Execution #26/10000

Seed: 26
Estimated max possible cost 321.470076
for path: 
0 1 2 3 4 5 6 7 8 9 10 11 12 13 14 15 16 17 18 19 
Execution time: 136 ms

Elapsed time: 4113 ms


Execution #27/10000

Seed: 27
Estimated max possible cost 321.470076
for path: 
0 1 2 3 4 5 6 7 8 9 10 11 12 13 14 15 16 17 18 19 
Execution time: 144 ms

Elapsed time: 4257 ms


Execution #28/10000

Seed: 28
Estimated max possible cost 321.470076
for path: 
0 1 2 3 4 5 6 7 8 9 10 11 12 13 14 15 16 17 18 19 
Execution time: 153 ms

Elapsed time: 4410 ms


Execution #29/10000

Seed: 29
Estimated max possible cost 321.470076
for path: 
0 1 2 3 4 5 6 7 8 9 10 11 12 13 14 15 16 17 18 19 
Execution time: 132 ms

Elapsed time: 4542 ms


Execution #30/10000

Seed: 30
Estimated max possible cost 321.470076
for path: 
0 1 2 3 4 5 6 7 8 9 10 11 12 13 14 15 16 17 18 19 
Execution time: 192 ms

Elapsed time: 4734 ms


Execution #31/10000

Seed: 31
Estimated max possible cost 321.470076
for path: 
0 1 2 3 4 5 6 7 8 9 10 11 12 13 14 15 16 17 18 19 
Execution time: 154 ms

Elapsed time: 4888 ms


Execution #32/10000

Seed: 32
Estimated max possible cost 321.470076
for path: 
0 1 2 3 4 5 6 7 8 9 10 11 12 13 14 15 16 17 18 19 
Execution time: 122 ms

Elapsed time: 5010 ms


Execution #33/10000

Seed: 33
Estimated max possible cost 321.470076
for path: 
0 1 2 3 4 5 6 7 8 9 10 11 12 13 14 15 16 17 18 19 
Execution time: 147 ms

Elapsed time: 5157 ms


Execution #34/10000

Seed: 34
Estimated max possible cost 321.470076
for path: 
0 1 2 3 4 5 6 7 8 9 10 11 12 13 14 15 16 17 18 19 
Execution time: 159 ms

Elapsed time: 5316 ms


Execution #35/10000

Seed: 35
Estimated max possible cost 321.470076
for path: 
0 1 2 3 4 5 6 7 8 9 10 11 12 13 14 15 16 17 18 19 
Execution time: 172 ms

Elapsed time: 5488 ms


Execution #36/10000

Seed: 36
Estimated max possible cost 321.470076
for path: 
0 1 2 3 4 5 6 7 8 9 10 11 12 13 14 15 16 17 18 19 
Execution time: 203 ms

Elapsed time: 5691 ms


Execution #37/10000

Seed: 37
Estimated max possible cost 321.470076
for path: 
0 1 2 3 4 5 6 7 8 9 10 11 12 13 14 15 16 17 18 19 
Execution time: 160 ms

Elapsed time: 5851 ms


Execution #38/10000

Seed: 38
Estimated max possible cost 321.470076
for path: 
0 1 2 3 4 5 6 7 8 9 10 11 12 13 14 15 16 17 18 19 
Execution time: 141 ms

Elapsed time: 5992 ms


Execution #39/10000

Seed: 39
Estimated max possible cost 321.470076
for path: 
0 1 2 3 4 5 6 7 8 9 10 11 12 13 14 15 16 17 18 19 
Execution time: 141 ms

Elapsed time: 6133 ms


Execution #40/10000

Seed: 40
Estimated max possible cost 321.470076
for path: 
0 1 2 3 4 5 6 7 8 9 10 11 12 13 14 15 16 17 18 19 
Execution time: 170 ms

Elapsed time: 6303 ms


Execution #41/10000

Seed: 41
Estimated max possible cost 321.470076
for path: 
0 1 2 3 4 5 6 7 8 9 10 11 12 13 14 15 16 17 18 19 
Execution time: 159 ms

Elapsed time: 6462 ms


Execution #42/10000

Seed: 42
Estimated max possible cost 321.470076
for path: 
0 1 2 3 4 5 6 7 8 9 10 11 12 13 14 15 16 17 18 19 
Execution time: 147 ms

Elapsed time: 6609 ms


Execution #43/10000

Seed: 43
Estimated max possible cost 321.470076
for path: 
0 1 2 3 4 5 6 7 8 9 10 11 12 13 14 15 16 17 18 19 
Execution time: 179 ms

Elapsed time: 6788 ms


Execution #44/10000

Seed: 44
Estimated max possible cost 321.470076
for path: 
0 1 2 3 4 5 6 7 8 9 10 11 12 13 14 15 16 17 18 19 
Execution time: 175 ms

Elapsed time: 6963 ms


Execution #45/10000

Seed: 45
Estimated max possible cost 321.470076
for path: 
0 1 2 3 4 5 6 7 8 9 10 11 12 13 14 15 16 17 18 19 
Execution time: 145 ms

Elapsed time: 7108 ms


Execution #46/10000

Seed: 46
Estimated max possible cost 321.470076
for path: 
0 1 2 3 4 5 6 7 8 9 10 11 12 13 14 15 16 17 18 19 
Execution time: 119 ms

Elapsed time: 7227 ms


Execution #47/10000

Seed: 47
Estimated max possible cost 321.470076
for path: 
0 1 2 3 4 5 6 7 8 9 10 11 12 13 14 15 16 17 18 19 
Execution time: 133 ms

Elapsed time: 7360 ms


Execution #48/10000

Seed: 48
Estimated max possible cost 321.470076
for path: 
0 1 2 3 4 5 6 7 8 9 10 11 12 13 14 15 16 17 18 19 
Execution time: 199 ms

Elapsed time: 7559 ms


Execution #49/10000

Seed: 49
Estimated max possible cost 321.470076
for path: 
0 1 2 3 4 5 6 7 8 9 10 11 12 13 14 15 16 17 18 19 
Execution time: 153 ms

Elapsed time: 7712 ms


Execution #50/10000

Seed: 50
Estimated max possible cost 321.470076
for path: 
0 1 2 3 4 5 6 7 8 9 10 11 12 13 14 15 16 17 18 19 
Execution time: 136 ms

Elapsed time: 7848 ms


Execution #51/10000

Seed: 51
Estimated max possible cost 321.470076
for path: 
0 1 2 3 4 5 6 7 8 9 10 11 12 13 14 15 16 17 18 19 
Execution time: 134 ms

Elapsed time: 7982 ms


Execution #52/10000

Seed: 52
Estimated max possible cost 321.470076
for path: 
0 1 2 3 4 5 6 7 8 9 10 11 12 13 14 15 16 17 18 19 
Execution time: 182 ms

Elapsed time: 8164 ms


Execution #53/10000

Seed: 53
Estimated max possible cost 321.470076
for path: 
0 1 2 3 4 5 6 7 8 9 10 11 12 13 14 15 16 17 18 19 
Execution time: 137 ms

Elapsed time: 8301 ms


Execution #54/10000

Seed: 54
Estimated max possible cost 321.470076
for path: 
0 1 2 3 4 5 6 7 8 9 10 11 12 13 14 15 16 17 18 19 
Execution time: 177 ms

Elapsed time: 8478 ms


Execution #55/10000

Seed: 55
Estimated max possible cost 321.470076
for path: 
0 1 2 3 4 5 6 7 8 9 10 11 12 13 14 15 16 17 18 19 
Execution time: 155 ms

Elapsed time: 8633 ms


Execution #56/10000

Seed: 56
Estimated max possible cost 321.470076
for path: 
0 1 2 3 4 5 6 7 8 9 10 11 12 13 14 15 16 17 18 19 
Execution time: 167 ms

Elapsed time: 8800 ms


Execution #57/10000

Seed: 57
Estimated max possible cost 321.470076
for path: 
0 1 2 3 4 5 6 7 8 9 10 11 12 13 14 15 16 17 18 19 
Execution time: 140 ms

Elapsed time: 8940 ms


Execution #58/10000

Seed: 58
Estimated max possible cost 321.470076
for path: 
0 1 2 3 4 5 6 7 8 9 10 11 12 13 14 15 16 17 18 19 
Execution time: 122 ms

Elapsed time: 9062 ms


Execution #59/10000

Seed: 59
Estimated max possible cost 321.470076
for path: 
0 1 2 3 4 5 6 7 8 9 10 11 12 13 14 15 16 17 18 19 
Execution time: 208 ms

Elapsed time: 9270 ms


Execution #60/10000

Seed: 60
Estimated max possible cost 321.470076
for path: 
0 1 2 3 4 5 6 7 8 9 10 11 12 13 14 15 16 17 18 19 
Execution time: 146 ms

Elapsed time: 9416 ms


Execution #61/10000

Seed: 61
Estimated max possible cost 321.470076
for path: 
0 1 2 3 4 5 6 7 8 9 10 11 12 13 14 15 16 17 18 19 
Execution time: 149 ms

Elapsed time: 9565 ms


Execution #62/10000

Seed: 62
Estimated max possible cost 321.470076
for path: 
0 1 2 3 4 5 6 7 8 9 10 11 12 13 14 15 16 17 18 19 
Execution time: 144 ms

Elapsed time: 9709 ms


Execution #63/10000

Seed: 63
Estimated max possible cost 321.470076
for path: 
0 1 2 3 4 5 6 7 8 9 10 11 12 13 14 15 16 17 18 19 
Execution time: 144 ms

Elapsed time: 9853 ms


Execution #64/10000

Seed: 64
Estimated max possible cost 321.470076
for path: 
0 1 2 3 4 5 6 7 8 9 10 11 12 13 14 15 16 17 18 19 
Execution time: 185 ms

Elapsed time: 10038 ms


Execution #65/10000

Seed: 65
Estimated max possible cost 321.470076
for path: 
0 1 2 3 4 5 6 7 8 9 10 11 12 13 14 15 16 17 18 19 
Execution time: 156 ms

Elapsed time: 10194 ms


Execution #66/10000

Seed: 66
Estimated max possible cost 321.470076
for path: 
0 1 2 3 4 5 6 7 8 9 10 11 12 13 14 15 16 17 18 19 
Execution time: 182 ms

Elapsed time: 10376 ms


Execution #67/10000

Seed: 67
Estimated max possible cost 321.470076
for path: 
0 1 2 3 4 5 6 7 8 9 10 11 12 13 14 15 16 17 18 19 
Execution time: 137 ms

Elapsed time: 10513 ms


Execution #68/10000

Seed: 68
Estimated max possible cost 321.470076
for path: 
0 1 2 3 4 5 6 7 8 9 10 11 12 13 14 15 16 17 18 19 
Execution time: 118 ms

Elapsed time: 10631 ms


Execution #69/10000

Seed: 69
Estimated max possible cost 321.470076
for path: 
0 1 2 3 4 5 6 7 8 9 10 11 12 13 14 15 16 17 18 19 
Execution time: 210 ms

Elapsed time: 10841 ms


Execution #70/10000

Seed: 70
Estimated max possible cost 321.470076
for path: 
0 1 2 3 4 5 6 7 8 9 10 11 12 13 14 15 16 17 18 19 
Execution time: 178 ms

Elapsed time: 11019 ms


Execution #71/10000

Seed: 71
Estimated max possible cost 321.470076
for path: 
0 1 2 3 4 5 6 7 8 9 10 11 12 13 14 15 16 17 18 19 
Execution time: 127 ms

Elapsed time: 11146 ms


Execution #72/10000

Seed: 72
Estimated max possible cost 321.470076
for path: 
0 1 2 3 4 5 6 7 8 9 10 11 12 13 14 15 16 17 18 19 
Execution time: 150 ms

Elapsed time: 11296 ms


Execution #73/10000

Seed: 73
Estimated max possible cost 321.470076
for path: 
0 1 2 3 4 5 6 7 8 9 10 11 12 13 14 15 16 17 18 19 
Execution time: 177 ms

Elapsed time: 11473 ms


Execution #74/10000

Seed: 74
Estimated max possible cost 321.470076
for path: 
0 1 2 3 4 5 6 7 8 9 10 11 12 13 14 15 16 17 18 19 
Execution time: 166 ms

Elapsed time: 11639 ms


Execution #75/10000

Seed: 75
Estimated max possible cost 321.470076
for path: 
0 1 2 3 4 5 6 7 8 9 10 11 12 13 14 15 16 17 18 19 
Execution time: 161 ms

Elapsed time: 11800 ms


Execution #76/10000

Seed: 76
Estimated max possible cost 321.470076
for path: 
0 1 2 3 4 5 6 7 8 9 10 11 12 13 14 15 16 17 18 19 
Execution time: 142 ms

Elapsed time: 11942 ms


Execution #77/10000

Seed: 77
Estimated max possible cost 321.470076
for path: 
0 1 2 3 4 5 6 7 8 9 10 11 12 13 14 15 16 17 18 19 
Execution time: 171 ms

Elapsed time: 12113 ms


Execution #78/10000

Seed: 78
Estimated max possible cost 321.470076
for path: 
0 1 2 3 4 5 6 7 8 9 10 11 12 13 14 15 16 17 18 19 
Execution time: 169 ms

Elapsed time: 12282 ms


Execution #79/10000

Seed: 79
Estimated max possible cost 321.470076
for path: 
0 1 2 3 4 5 6 7 8 9 10 11 12 13 14 15 16 17 18 19 
Execution time: 152 ms

Elapsed time: 12434 ms


Execution #80/10000

Seed: 80
Estimated max possible cost 321.470076
for path: 
0 1 2 3 4 5 6 7 8 9 10 11 12 13 14 15 16 17 18 19 
Execution time: 151 ms

Elapsed time: 12585 ms


Execution #81/10000

Seed: 81
Estimated max possible cost 321.470076
for path: 
0 1 2 3 4 5 6 7 8 9 10 11 12 13 14 15 16 17 18 19 
Execution time: 149 ms

Elapsed time: 12734 ms


Execution #82/10000

Seed: 82
Estimated max possible cost 321.470076
for path: 
0 1 2 3 4 5 6 7 8 9 10 11 12 13 14 15 16 17 18 19 
Execution time: 145 ms

Elapsed time: 12879 ms


Execution #83/10000

Seed: 83
Estimated max possible cost 321.470076
for path: 
0 1 2 3 4 5 6 7 8 9 10 11 12 13 14 15 16 17 18 19 
Execution time: 160 ms

Elapsed time: 13039 ms


Execution #84/10000

Seed: 84
Estimated max possible cost 321.470076
for path: 
0 1 2 3 4 5 6 7 8 9 10 11 12 13 14 15 16 17 18 19 
Execution time: 180 ms

Elapsed time: 13219 ms


Execution #85/10000

Seed: 85
Estimated max possible cost 321.470076
for path: 
0 1 2 3 4 5 6 7 8 9 10 11 12 13 14 15 16 17 18 19 
Execution time: 156 ms

Elapsed time: 13375 ms


Execution #86/10000

Seed: 86
Estimated max possible cost 321.470076
for path: 
0 1 2 3 4 5 6 7 8 9 10 11 12 13 14 15 16 17 18 19 
Execution time: 144 ms

Elapsed time: 13519 ms


Execution #87/10000

Seed: 87
Estimated max possible cost 321.470076
for path: 
0 1 2 3 4 5 6 7 8 9 10 11 12 13 14 15 16 17 18 19 
Execution time: 207 ms

Elapsed time: 13726 ms


Execution #88/10000

Seed: 88
Estimated max possible cost 321.470076
for path: 
0 1 2 3 4 5 6 7 8 9 10 11 12 13 14 15 16 17 18 19 
Execution time: 139 ms

Elapsed time: 13865 ms


Execution #89/10000

Seed: 89
Estimated max possible cost 321.470076
for path: 
0 1 2 3 4 5 6 7 8 9 10 11 12 13 14 15 16 17 18 19 
Execution time: 134 ms

Elapsed time: 13999 ms


Execution #90/10000

Seed: 90
Estimated max possible cost 321.470076
for path: 
0 1 2 3 4 5 6 7 8 9 10 11 12 13 14 15 16 17 18 19 
Execution time: 168 ms

Elapsed time: 14167 ms


Execution #91/10000

Seed: 91
Estimated max possible cost 321.470076
for path: 
0 1 2 3 4 5 6 7 8 9 10 11 12 13 14 15 16 17 18 19 
Execution time: 141 ms

Elapsed time: 14308 ms


Execution #92/10000

Seed: 92
Estimated max possible cost 321.470076
for path: 
0 1 2 3 4 5 6 7 8 9 10 11 12 13 14 15 16 17 18 19 
Execution time: 173 ms

Elapsed time: 14481 ms


Execution #93/10000

Seed: 93
Estimated max possible cost 321.470076
for path: 
0 1 2 3 4 5 6 7 8 9 10 11 12 13 14 15 16 17 18 19 
Execution time: 146 ms

Elapsed time: 14627 ms


Execution #94/10000

Seed: 94
Estimated max possible cost 321.470076
for path: 
0 1 2 3 4 5 6 7 8 9 10 11 12 13 14 15 16 17 18 19 
Execution time: 176 ms

Elapsed time: 14803 ms


Execution #95/10000

Seed: 95
Estimated max possible cost 321.470076
for path: 
0 1 2 3 4 5 6 7 8 9 10 11 12 13 14 15 16 17 18 19 
Execution time: 149 ms

Elapsed time: 14952 ms


Execution #96/10000

Seed: 96
Estimated max possible cost 321.470076
for path: 
0 1 2 3 4 5 6 7 8 9 10 11 12 13 14 15 16 17 18 19 
Execution time: 193 ms

Elapsed time: 15145 ms


Execution #97/10000

Seed: 97
Estimated max possible cost 321.470076
for path: 
0 1 2 3 4 5 6 7 8 9 10 11 12 13 14 15 16 17 18 19 
Execution time: 183 ms

Elapsed time: 15328 ms


Execution #98/10000

Seed: 98
Estimated max possible cost 321.470076
for path: 
0 1 2 3 4 5 6 7 8 9 10 11 12 13 14 15 16 17 18 19 
Execution time: 149 ms

Elapsed time: 15477 ms


Execution #99/10000

Seed: 99
Estimated max possible cost 321.470076
for path: 
0 1 2 3 4 5 6 7 8 9 10 11 12 13 14 15 16 17 18 19 
Execution time: 115 ms

Elapsed time: 15592 ms


Execution #100/10000

Seed: 100
Estimated max possible cost 321.470076
for path: 
0 1 2 3 4 5 6 7 8 9 10 11 12 13 14 15 16 17 18 19 
Execution time: 159 ms

Elapsed time: 15751 ms


Execution #101/10000

Seed: 101
Estimated max possible cost 321.470076
for path: 
0 1 2 3 4 5 6 7 8 9 10 11 12 13 14 15 16 17 18 19 
Execution time: 198 ms

Elapsed time: 15949 ms


Execution #102/10000

Seed: 102
Estimated max possible cost 321.470076
for path: 
0 1 2 3 4 5 6 7 8 9 10 11 12 13 14 15 16 17 18 19 
Execution time: 119 ms

Elapsed time: 16068 ms


Execution #103/10000

Seed: 103
Estimated max possible cost 321.470076
for path: 
0 1 2 3 4 5 6 7 8 9 10 11 12 13 14 15 16 17 18 19 
Execution time: 135 ms

Elapsed time: 16203 ms


Execution #104/10000

Seed: 104
Estimated max possible cost 321.470076
for path: 
0 1 2 3 4 5 6 7 8 9 10 11 12 13 14 15 16 17 18 19 
Execution time: 160 ms

Elapsed time: 16363 ms


Execution #105/10000

Seed: 105
Estimated max possible cost 321.470076
for path: 
0 1 2 3 4 5 6 7 8 9 10 11 12 13 14 15 16 17 18 19 
Execution time: 161 ms

Elapsed time: 16524 ms


Execution #106/10000

Seed: 106
Estimated max possible cost 321.470076
for path: 
0 1 2 3 4 5 6 7 8 9 10 11 12 13 14 15 16 17 18 19 
Execution time: 196 ms

Elapsed time: 16720 ms


Execution #107/10000

Seed: 107
Estimated max possible cost 321.470076
for path: 
0 1 2 3 4 5 6 7 8 9 10 11 12 13 14 15 16 17 18 19 
Execution time: 174 ms

Elapsed time: 16894 ms


Execution #108/10000

Seed: 108
Estimated max possible cost 321.470076
for path: 
0 1 2 3 4 5 6 7 8 9 10 11 12 13 14 15 16 17 18 19 
Execution time: 151 ms

Elapsed time: 17045 ms


Execution #109/10000

Seed: 109
Estimated max possible cost 321.470076
for path: 
0 1 2 3 4 5 6 7 8 9 10 11 12 13 14 15 16 17 18 19 
Execution time: 182 ms

Elapsed time: 17227 ms


Execution #110/10000

Seed: 110
Estimated max possible cost 321.470076
for path: 
0 1 2 3 4 5 6 7 8 9 10 11 12 13 14 15 16 17 18 19 
Execution time: 138 ms

Elapsed time: 17365 ms


Execution #111/10000

Seed: 111
Estimated max possible cost 321.470076
for path: 
0 1 2 3 4 5 6 7 8 9 10 11 12 13 14 15 16 17 18 19 
Execution time: 178 ms

Elapsed time: 17543 ms


Execution #112/10000

Seed: 112
Estimated max possible cost 321.470076
for path: 
0 1 2 3 4 5 6 7 8 9 10 11 12 13 14 15 16 17 18 19 
Execution time: 154 ms

Elapsed time: 17697 ms


Execution #113/10000

Seed: 113
Estimated max possible cost 321.470076
for path: 
0 1 2 3 4 5 6 7 8 9 10 11 12 13 14 15 16 17 18 19 
Execution time: 153 ms

Elapsed time: 17850 ms


Execution #114/10000

Seed: 114
Estimated max possible cost 321.470076
for path: 
0 1 2 3 4 5 6 7 8 9 10 11 12 13 14 15 16 17 18 19 
Execution time: 144 ms

Elapsed time: 17994 ms


Execution #115/10000

Seed: 115
Estimated max possible cost 321.470076
for path: 
0 1 2 3 4 5 6 7 8 9 10 11 12 13 14 15 16 17 18 19 
Execution time: 167 ms

Elapsed time: 18161 ms


Execution #116/10000

Seed: 116
Estimated max possible cost 321.470076
for path: 
0 1 2 3 4 5 6 7 8 9 10 11 12 13 14 15 16 17 18 19 
Execution time: 179 ms

Elapsed time: 18340 ms


Execution #117/10000

Seed: 117
Estimated max possible cost 321.470076
for path: 
0 1 2 3 4 5 6 7 8 9 10 11 12 13 14 15 16 17 18 19 
Execution time: 170 ms

Elapsed time: 18510 ms


Execution #118/10000

Seed: 118
Estimated max possible cost 321.470076
for path: 
0 1 2 3 4 5 6 7 8 9 10 11 12 13 14 15 16 17 18 19 
Execution time: 126 ms

Elapsed time: 18636 ms


Execution #119/10000

Seed: 119
Estimated max possible cost 321.470076
for path: 
0 1 2 3 4 5 6 7 8 9 10 11 12 13 14 15 16 17 18 19 
Execution time: 196 ms

Elapsed time: 18832 ms


Execution #120/10000

Seed: 120
Estimated max possible cost 321.470076
for path: 
0 1 2 3 4 5 6 7 8 9 10 11 12 13 14 15 16 17 18 19 
Execution time: 180 ms

Elapsed time: 19012 ms


Execution #121/10000

Seed: 121
Estimated max possible cost 321.470076
for path: 
0 1 2 3 4 5 6 7 8 9 10 11 12 13 14 15 16 17 18 19 
Execution time: 164 ms

Elapsed time: 19176 ms


Execution #122/10000

Seed: 122
Estimated max possible cost 321.470076
for path: 
0 1 2 3 4 5 6 7 8 9 10 11 12 13 14 15 16 17 18 19 
Execution time: 167 ms

Elapsed time: 19343 ms


Execution #123/10000

Seed: 123
Estimated max possible cost 321.470076
for path: 
0 1 2 3 4 5 6 7 8 9 10 11 12 13 14 15 16 17 18 19 
Execution time: 150 ms

Elapsed time: 19493 ms


Execution #124/10000

Seed: 124
Estimated max possible cost 321.470076
for path: 
0 1 2 3 4 5 6 7 8 9 10 11 12 13 14 15 16 17 18 19 
Execution time: 138 ms

Elapsed time: 19631 ms


Execution #125/10000

Seed: 125
Estimated max possible cost 321.470076
for path: 
0 1 2 3 4 5 6 7 8 9 10 11 12 13 14 15 16 17 18 19 
Execution time: 176 ms

Elapsed time: 19807 ms


Execution #126/10000

Seed: 126
Estimated max possible cost 321.470076
for path: 
0 1 2 3 4 5 6 7 8 9 10 11 12 13 14 15 16 17 18 19 
Execution time: 139 ms

Elapsed time: 19946 ms


Execution #127/10000

Seed: 127
Estimated max possible cost 321.470076
for path: 
0 1 2 3 4 5 6 7 8 9 10 11 12 13 14 15 16 17 18 19 
Execution time: 207 ms

Elapsed time: 20153 ms


Execution #128/10000

Seed: 128
Estimated max possible cost 321.470076
for path: 
0 1 2 3 4 5 6 7 8 9 10 11 12 13 14 15 16 17 18 19 
Execution time: 155 ms

Elapsed time: 20308 ms


Execution #129/10000

Seed: 129
Estimated max possible cost 321.470076
for path: 
0 1 2 3 4 5 6 7 8 9 10 11 12 13 14 15 16 17 18 19 
Execution time: 162 ms

Elapsed time: 20470 ms


Execution #130/10000

Seed: 130
Estimated max possible cost 321.470076
for path: 
0 1 2 3 4 5 6 7 8 9 10 11 12 13 14 15 16 17 18 19 
Execution time: 156 ms

Elapsed time: 20626 ms


Execution #131/10000

Seed: 131
Estimated max possible cost 321.470076
for path: 
0 1 2 3 4 5 6 7 8 9 10 11 12 13 14 15 16 17 18 19 
Execution time: 160 ms

Elapsed time: 20786 ms


Execution #132/10000

Seed: 132
Estimated max possible cost 321.470076
for path: 
0 1 2 3 4 5 6 7 8 9 10 11 12 13 14 15 16 17 18 19 
Execution time: 147 ms

Elapsed time: 20933 ms


Execution #133/10000

Seed: 133
Estimated max possible cost 321.470076
for path: 
0 1 2 3 4 5 6 7 8 9 10 11 12 13 14 15 16 17 18 19 
Execution time: 157 ms

Elapsed time: 21090 ms


Execution #134/10000

Seed: 134
Estimated max possible cost 321.470076
for path: 
0 1 2 3 4 5 6 7 8 9 10 11 12 13 14 15 16 17 18 19 
Execution time: 197 ms

Elapsed time: 21287 ms


Execution #135/10000

Seed: 135
Estimated max possible cost 321.470076
for path: 
0 1 2 3 4 5 6 7 8 9 10 11 12 13 14 15 16 17 18 19 
Execution time: 169 ms

Elapsed time: 21456 ms


Execution #136/10000

Seed: 136
Estimated max possible cost 321.470076
for path: 
0 1 2 3 4 5 6 7 8 9 10 11 12 13 14 15 16 17 18 19 
Execution time: 151 ms

Elapsed time: 21607 ms


Execution #137/10000

Seed: 137
Estimated max possible cost 321.470076
for path: 
0 1 2 3 4 5 6 7 8 9 10 11 12 13 14 15 16 17 18 19 
Execution time: 173 ms

Elapsed time: 21780 ms


Execution #138/10000

Seed: 138
Estimated max possible cost 321.470076
for path: 
0 1 2 3 4 5 6 7 8 9 10 11 12 13 14 15 16 17 18 19 
Execution time: 186 ms

Elapsed time: 21966 ms


Execution #139/10000

Seed: 139
Estimated max possible cost 321.470076
for path: 
0 1 2 3 4 5 6 7 8 9 10 11 12 13 14 15 16 17 18 19 
Execution time: 139 ms

Elapsed time: 22105 ms


Execution #140/10000

Seed: 140
Estimated max possible cost 321.470076
for path: 
0 1 2 3 4 5 6 7 8 9 10 11 12 13 14 15 16 17 18 19 
Execution time: 180 ms

Elapsed time: 22285 ms


Execution #141/10000

Seed: 141
Estimated max possible cost 321.470076
for path: 
0 1 2 3 4 5 6 7 8 9 10 11 12 13 14 15 16 17 18 19 
Execution time: 186 ms

Elapsed time: 22471 ms


Execution #142/10000

Seed: 142
Estimated max possible cost 321.470076
for path: 
0 1 2 3 4 5 6 7 8 9 10 11 12 13 14 15 16 17 18 19 
Execution time: 145 ms

Elapsed time: 22616 ms


Execution #143/10000

Seed: 143
Estimated max possible cost 321.470076
for path: 
0 1 2 3 4 5 6 7 8 9 10 11 12 13 14 15 16 17 18 19 
Execution time: 143 ms

Elapsed time: 22759 ms


Execution #144/10000

Seed: 144
Estimated max possible cost 321.470076
for path: 
0 1 2 3 4 5 6 7 8 9 10 11 12 13 14 15 16 17 18 19 
Execution time: 152 ms

Elapsed time: 22911 ms


Execution #145/10000

Seed: 145
Estimated max possible cost 321.470076
for path: 
0 1 2 3 4 5 6 7 8 9 10 11 12 13 14 15 16 17 18 19 
Execution time: 141 ms

Elapsed time: 23052 ms


Execution #146/10000

Seed: 146
Estimated max possible cost 321.470076
for path: 
0 1 2 3 4 5 6 7 8 9 10 11 12 13 14 15 16 17 18 19 
Execution time: 191 ms

Elapsed time: 23243 ms


Execution #147/10000

Seed: 147
Estimated max possible cost 321.470076
for path: 
0 1 2 3 4 5 6 7 8 9 10 11 12 13 14 15 16 17 18 19 
Execution time: 160 ms

Elapsed time: 23403 ms


Execution #148/10000

Seed: 148
Estimated max possible cost 321.470076
for path: 
0 1 2 3 4 5 6 7 8 9 10 11 12 13 14 15 16 17 18 19 
Execution time: 142 ms

Elapsed time: 23545 ms


Execution #149/10000

Seed: 149
Estimated max possible cost 321.470076
for path: 
0 1 2 3 4 5 6 7 8 9 10 11 12 13 14 15 16 17 18 19 
Execution time: 146 ms

Elapsed time: 23691 ms


Execution #150/10000

Seed: 150
Estimated max possible cost 321.470076
for path: 
0 1 2 3 4 5 6 7 8 9 10 11 12 13 14 15 16 17 18 19 
Execution time: 133 ms

Elapsed time: 23824 ms


Execution #151/10000

Seed: 151
Estimated max possible cost 321.470076
for path: 
0 1 2 3 4 5 6 7 8 9 10 11 12 13 14 15 16 17 18 19 
Execution time: 125 ms

Elapsed time: 23949 ms


Execution #152/10000

Seed: 152
Estimated max possible cost 321.470076
for path: 
0 1 2 3 4 5 6 7 8 9 10 11 12 13 14 15 16 17 18 19 
Execution time: 170 ms

Elapsed time: 24119 ms


Execution #153/10000

Seed: 153
Estimated max possible cost 321.470076
for path: 
0 1 2 3 4 5 6 7 8 9 10 11 12 13 14 15 16 17 18 19 
Execution time: 156 ms

Elapsed time: 24275 ms


Execution #154/10000

Seed: 154
Estimated max possible cost 321.470076
for path: 
0 1 2 3 4 5 6 7 8 9 10 11 12 13 14 15 16 17 18 19 
Execution time: 215 ms

Elapsed time: 24490 ms


Execution #155/10000

Seed: 155
Estimated max possible cost 321.470076
for path: 
0 1 2 3 4 5 6 7 8 9 10 11 12 13 14 15 16 17 18 19 
Execution time: 150 ms

Elapsed time: 24640 ms


Execution #156/10000

Seed: 156
Estimated max possible cost 321.470076
for path: 
0 1 2 3 4 5 6 7 8 9 10 11 12 13 14 15 16 17 18 19 
Execution time: 128 ms

Elapsed time: 24768 ms


Execution #157/10000

Seed: 157
Estimated max possible cost 321.470076
for path: 
0 1 2 3 4 5 6 7 8 9 10 11 12 13 14 15 16 17 18 19 
Execution time: 163 ms

Elapsed time: 24931 ms


Execution #158/10000

Seed: 158
Estimated max possible cost 321.470076
for path: 
0 1 2 3 4 5 6 7 8 9 10 11 12 13 14 15 16 17 18 19 
Execution time: 142 ms

Elapsed time: 25073 ms


Execution #159/10000

Seed: 159
Estimated max possible cost 321.470076
for path: 
0 1 2 3 4 5 6 7 8 9 10 11 12 13 14 15 16 17 18 19 
Execution time: 150 ms

Elapsed time: 25223 ms


Execution #160/10000

Seed: 160
Estimated max possible cost 321.470076
for path: 
0 1 2 3 4 5 6 7 8 9 10 11 12 13 14 15 16 17 18 19 
Execution time: 170 ms

Elapsed time: 25393 ms


Execution #161/10000

Seed: 161
Estimated max possible cost 321.470076
for path: 
0 1 2 3 4 5 6 7 8 9 10 11 12 13 14 15 16 17 18 19 
Execution time: 145 ms

Elapsed time: 25538 ms


Execution #162/10000

Seed: 162
Estimated max possible cost 321.470076
for path: 
0 1 2 3 4 5 6 7 8 9 10 11 12 13 14 15 16 17 18 19 
Execution time: 164 ms

Elapsed time: 25702 ms


Execution #163/10000

Seed: 163
Estimated max possible cost 321.470076
for path: 
0 1 2 3 4 5 6 7 8 9 10 11 12 13 14 15 16 17 18 19 
Execution time: 122 ms

Elapsed time: 25824 ms


Execution #164/10000

Seed: 164
Estimated max possible cost 321.470076
for path: 
0 1 2 3 4 5 6 7 8 9 10 11 12 13 14 15 16 17 18 19 
Execution time: 171 ms

Elapsed time: 25995 ms


Execution #165/10000

Seed: 165
Estimated max possible cost 321.470076
for path: 
0 1 2 3 4 5 6 7 8 9 10 11 12 13 14 15 16 17 18 19 
Execution time: 200 ms

Elapsed time: 26195 ms


Execution #166/10000

Seed: 166
Estimated max possible cost 321.470076
for path: 
0 1 2 3 4 5 6 7 8 9 10 11 12 13 14 15 16 17 18 19 
Execution time: 131 ms

Elapsed time: 26326 ms


Execution #167/10000

Seed: 167
Estimated max possible cost 321.470076
for path: 
0 1 2 3 4 5 6 7 8 9 10 11 12 13 14 15 16 17 18 19 
Execution time: 175 ms

Elapsed time: 26501 ms


Execution #168/10000

Seed: 168
Estimated max possible cost 321.470076
for path: 
0 1 2 3 4 5 6 7 8 9 10 11 12 13 14 15 16 17 18 19 
Execution time: 143 ms

Elapsed time: 26644 ms


Execution #169/10000

Seed: 169
Estimated max possible cost 321.470076
for path: 
0 1 2 3 4 5 6 7 8 9 10 11 12 13 14 15 16 17 18 19 
Execution time: 160 ms

Elapsed time: 26804 ms


Execution #170/10000

Seed: 170
Estimated max possible cost 321.470076
for path: 
0 1 2 3 4 5 6 7 8 9 10 11 12 13 14 15 16 17 18 19 
Execution time: 171 ms

Elapsed time: 26975 ms


Execution #171/10000

Seed: 171
Estimated max possible cost 321.470076
for path: 
0 1 2 3 4 5 6 7 8 9 10 11 12 13 14 15 16 17 18 19 
Execution time: 167 ms

Elapsed time: 27142 ms


Execution #172/10000

Seed: 172
Estimated max possible cost 321.470076
for path: 
0 1 2 3 4 5 6 7 8 9 10 11 12 13 14 15 16 17 18 19 
Execution time: 160 ms

Elapsed time: 27302 ms


Execution #173/10000

Seed: 173
Estimated max possible cost 321.470076
for path: 
0 1 2 3 4 5 6 7 8 9 10 11 12 13 14 15 16 17 18 19 
Execution time: 153 ms

Elapsed time: 27455 ms


Execution #174/10000

Seed: 174
Estimated max possible cost 321.470076
for path: 
0 1 2 3 4 5 6 7 8 9 10 11 12 13 14 15 16 17 18 19 
Execution time: 157 ms

Elapsed time: 27612 ms


Execution #175/10000

Seed: 175
Estimated max possible cost 321.470076
for path: 
0 1 2 3 4 5 6 7 8 9 10 11 12 13 14 15 16 17 18 19 
Execution time: 146 ms

Elapsed time: 27758 ms


Execution #176/10000

Seed: 176
Estimated max possible cost 321.470076
for path: 
0 1 2 3 4 5 6 7 8 9 10 11 12 13 14 15 16 17 18 19 
Execution time: 117 ms

Elapsed time: 27875 ms


Execution #177/10000

Seed: 177
Estimated max possible cost 321.470076
for path: 
0 1 2 3 4 5 6 7 8 9 10 11 12 13 14 15 16 17 18 19 
Execution time: 143 ms

Elapsed time: 28018 ms


Execution #178/10000

Seed: 178
Estimated max possible cost 321.470076
for path: 
0 1 2 3 4 5 6 7 8 9 10 11 12 13 14 15 16 17 18 19 
Execution time: 180 ms

Elapsed time: 28198 ms


Execution #179/10000

Seed: 179
Estimated max possible cost 321.470076
for path: 
0 1 2 3 4 5 6 7 8 9 10 11 12 13 14 15 16 17 18 19 
Execution time: 152 ms

Elapsed time: 28350 ms


Execution #180/10000

Seed: 180
Estimated max possible cost 321.470076
for path: 
0 1 2 3 4 5 6 7 8 9 10 11 12 13 14 15 16 17 18 19 
Execution time: 169 ms

Elapsed time: 28519 ms


Execution #181/10000

Seed: 181
Estimated max possible cost 321.470076
for path: 
0 1 2 3 4 5 6 7 8 9 10 11 12 13 14 15 16 17 18 19 
Execution time: 160 ms

Elapsed time: 28679 ms


Execution #182/10000

Seed: 182
Estimated max possible cost 321.470076
for path: 
0 1 2 3 4 5 6 7 8 9 10 11 12 13 14 15 16 17 18 19 
Execution time: 151 ms

Elapsed time: 28830 ms


Execution #183/10000

Seed: 183
Estimated max possible cost 321.470076
for path: 
0 1 2 3 4 5 6 7 8 9 10 11 12 13 14 15 16 17 18 19 
Execution time: 163 ms

Elapsed time: 28993 ms


Execution #184/10000

Seed: 184
Estimated max possible cost 321.470076
for path: 
0 1 2 3 4 5 6 7 8 9 10 11 12 13 14 15 16 17 18 19 
Execution time: 168 ms

Elapsed time: 29161 ms


Execution #185/10000

Seed: 185
Estimated max possible cost 321.470076
for path: 
0 1 2 3 4 5 6 7 8 9 10 11 12 13 14 15 16 17 18 19 
Execution time: 169 ms

Elapsed time: 29330 ms


Execution #186/10000

Seed: 186
Estimated max possible cost 321.470076
for path: 
0 1 2 3 4 5 6 7 8 9 10 11 12 13 14 15 16 17 18 19 
Execution time: 174 ms

Elapsed time: 29504 ms


Execution #187/10000

Seed: 187
Estimated max possible cost 321.470076
for path: 
0 1 2 3 4 5 6 7 8 9 10 11 12 13 14 15 16 17 18 19 
Execution time: 159 ms

Elapsed time: 29663 ms


