Solving SHP


Execution #1/10000

Seed: 1
Estimated max possible cost 324.010076
for path: 
0 1 2 3 4 5 6 7 8 9 10 11 12 13 14 15 16 17 18 19 20 
Memory needed for path: 5542509 locs, for costs: 6172530 locs.
Desired precision: 1e+12
Mem constraint for cost_t: 16 bits
Rounded to pow of 2 bytes mem constraint (capped at 64bits) for cost_t: 16 bits
Bits needed for an int to preserve precision: 48
Warning: cannot preserve precision.
Warning: Using an integer; there is not enough memory for decimals.
Bits used per cost_t: 16
Selected cost_t = (u)int16_t
Solving with cost_t = t
Memory [GB] needed: 0.0166591
Requested precision is too high;managed to differentiate costs by: 0.003740
Distances:
0, 5.08, 242.54, 232.423, 228.124, 218.013, 212.172, 212.044, 211.947, 211.88, 211.843, 211.837, 211.862, 211.917, 212.002, 212.117, 212.263, 212.44, 212.646, 212.882, 213.149, 
5.08, 0, 247.599, 237.481, 233.181, 223.068, 217.244, 217.119, 217.024, 216.959, 216.923, 216.917, 216.941, 216.995, 217.078, 217.191, 217.333, 217.505, 217.707, 217.938, 218.198, 
242.54, 247.599, 0, 10.16, 14.478, 24.638, 31.3255, 32.219, 33.2827, 34.501, 35.8581, 37.3389, 38.9292, 40.6162, 42.3883, 44.2354, 46.1484, 48.1194, 50.1417, 52.2092, 54.3168, 
232.423, 237.481, 10.16, 0, 4.318, 14.478, 21.9236, 23.1823, 24.6393, 26.2617, 28.0207, 29.8922, 31.8565, 33.8973, 36.0018, 38.1592, 40.3612, 42.6009, 44.8725, 47.1716, 49.4942, 
228.124, 233.181, 14.478, 4.318, 0, 10.16, 18.1765, 19.6764, 21.3738, 23.2254, 25.1973, 27.2633, 29.4037, 31.6034, 33.8507, 36.1368, 38.4548, 40.7992, 43.1658, 45.5511, 47.9522, 
218.013, 223.068, 24.638, 14.478, 10.16, 0, 11.1326, 13.4428, 15.8236, 18.2474, 20.6991, 23.1698, 25.654, 28.1482, 30.6499, 33.1575, 35.6696, 38.1854, 40.7042, 43.2255, 45.7489, 
212.172, 217.244, 31.3255, 21.9236, 18.1765, 11.1326, 0, 2.54, 5.08, 7.62, 10.16, 12.7, 15.24, 17.78, 20.32, 22.86, 25.4, 27.94, 30.48, 33.02, 35.56, 
212.044, 217.119, 32.219, 23.1823, 19.6764, 13.4428, 2.54, 0, 2.54, 5.08, 7.62, 10.16, 12.7, 15.24, 17.78, 20.32, 22.86, 25.4, 27.94, 30.48, 33.02, 
211.947, 217.024, 33.2827, 24.6393, 21.3738, 15.8236, 5.08, 2.54, 0, 2.54, 5.08, 7.62, 10.16, 12.7, 15.24, 17.78, 20.32, 22.86, 25.4, 27.94, 30.48, 
211.88, 216.959, 34.501, 26.2617, 23.2254, 18.2474, 7.62, 5.08, 2.54, 0, 2.54, 5.08, 7.62, 10.16, 12.7, 15.24, 17.78, 20.32, 22.86, 25.4, 27.94, 
211.843, 216.923, 35.8581, 28.0207, 25.1973, 20.6991, 10.16, 7.62, 5.08, 2.54, 0, 2.54, 5.08, 7.62, 10.16, 12.7, 15.24, 17.78, 20.32, 22.86, 25.4, 
211.837, 216.917, 37.3389, 29.8922, 27.2633, 23.1698, 12.7, 10.16, 7.62, 5.08, 2.54, 0, 2.54, 5.08, 7.62, 10.16, 12.7, 15.24, 17.78, 20.32, 22.86, 
211.862, 216.941, 38.9292, 31.8565, 29.4037, 25.654, 15.24, 12.7, 10.16, 7.62, 5.08, 2.54, 0, 2.54, 5.08, 7.62, 10.16, 12.7, 15.24, 17.78, 20.32, 
211.917, 216.995, 40.6162, 33.8973, 31.6034, 28.1482, 17.78, 15.24, 12.7, 10.16, 7.62, 5.08, 2.54, 0, 2.54, 5.08, 7.62, 10.16, 12.7, 15.24, 17.78, 
212.002, 217.078, 42.3883, 36.0018, 33.8507, 30.6499, 20.32, 17.78, 15.24, 12.7, 10.16, 7.62, 5.08, 2.54, 0, 2.54, 5.08, 7.62, 10.16, 12.7, 15.24, 
212.117, 217.191, 44.2354, 38.1592, 36.1368, 33.1575, 22.86, 20.32, 17.78, 15.24, 12.7, 10.16, 7.62, 5.08, 2.54, 0, 2.54, 5.08, 7.62, 10.16, 12.7, 
212.263, 217.333, 46.1484, 40.3612, 38.4548, 35.6696, 25.4, 22.86, 20.32, 17.78, 15.24, 12.7, 10.16, 7.62, 5.08, 2.54, 0, 2.54, 5.08, 7.62, 10.16, 
212.44, 217.505, 48.1194, 42.6009, 40.7992, 38.1854, 27.94, 25.4, 22.86, 20.32, 17.78, 15.24, 12.7, 10.16, 7.62, 5.08, 2.54, 0, 2.54, 5.08, 7.62, 
212.646, 217.707, 50.1417, 44.8725, 43.1658, 40.7042, 30.48, 27.94, 25.4, 22.86, 20.32, 17.78, 15.24, 12.7, 10.16, 7.62, 5.08, 2.54, 0, 2.54, 5.08, 
212.882, 217.938, 52.2092, 47.1716, 45.5511, 43.2255, 33.02, 30.48, 27.94, 25.4, 22.86, 20.32, 17.78, 15.24, 12.7, 10.16, 7.62, 5.08, 2.54, 0, 2.54, 
213.149, 218.198, 54.3168, 49.4942, 47.9522, 45.7489, 35.56, 33.02, 30.48, 27.94, 25.4, 22.86, 20.32, 17.78, 15.24, 12.7, 10.16, 7.62, 5.08, 2.54, 0, 
Scaled Distances:
0, 566, 53459, 51206, 50248, 47996, 46695, 46666, 46645, 46630, 46622, 46620, 46626, 46638, 46657, 46683, 46715, 46754, 46800, 46853, 46912, 
566, 0, 54586, 52332, 51374, 49122, 47825, 47797, 47776, 47761, 47753, 47752, 47757, 47769, 47787, 47813, 47844, 47883, 47928, 47979, 48037, 
53459, 54586, 0, 1697, 2659, 4922, 6412, 6611, 6848, 7119, 7421, 7751, 8106, 8481, 8876, 9287, 9714, 10153, 10603, 11064, 11533, 
51206, 52332, 1697, 0, 396, 2659, 4318, 4598, 4923, 5284, 5676, 6093, 6530, 6985, 7453, 7934, 8425, 8923, 9429, 9942, 10459, 
50248, 51374, 2659, 396, 0, 1697, 3483, 3817, 4195, 4608, 5047, 5507, 5984, 6474, 6974, 7484, 8000, 8522, 9049, 9581, 10115, 
47996, 49122, 4922, 2659, 1697, 0, 1914, 2429, 2959, 3499, 4045, 4595, 5149, 5704, 6261, 6820, 7379, 7940, 8501, 9063, 9625, 
46695, 47825, 6412, 4318, 3483, 1914, 0, 0, 566, 1132, 1697, 2263, 2829, 3395, 3960, 4526, 5092, 5658, 6224, 6789, 7355, 
46666, 47797, 6611, 4598, 3817, 2429, 0, 0, 0, 566, 1132, 1697, 2263, 2829, 3395, 3960, 4526, 5092, 5658, 6224, 6789, 
46645, 47776, 6848, 4923, 4195, 2959, 566, 0, 0, 0, 566, 1132, 1697, 2263, 2829, 3395, 3960, 4526, 5092, 5658, 6224, 
46630, 47761, 7119, 5284, 4608, 3499, 1132, 566, 0, 0, 0, 566, 1132, 1697, 2263, 2829, 3395, 3960, 4526, 5092, 5658, 
46622, 47753, 7421, 5676, 5047, 4045, 1697, 1132, 566, 0, 0, 0, 566, 1132, 1697, 2263, 2829, 3395, 3960, 4526, 5092, 
46620, 47752, 7751, 6093, 5507, 4595, 2263, 1697, 1132, 566, 0, 0, 0, 566, 1132, 1697, 2263, 2829, 3395, 3960, 4526, 
46626, 47757, 8106, 6530, 5984, 5149, 2829, 2263, 1697, 1132, 566, 0, 0, 0, 566, 1132, 1697, 2263, 2829, 3395, 3960, 
46638, 47769, 8481, 6985, 6474, 5704, 3395, 2829, 2263, 1697, 1132, 566, 0, 0, 0, 566, 1132, 1697, 2263, 2829, 3395, 
46657, 47787, 8876, 7453, 6974, 6261, 3960, 3395, 2829, 2263, 1697, 1132, 566, 0, 0, 0, 566, 1132, 1697, 2263, 2829, 
46683, 47813, 9287, 7934, 7484, 6820, 4526, 3960, 3395, 2829, 2263, 1697, 1132, 566, 0, 0, 0, 566, 1132, 1697, 2263, 
46715, 47844, 9714, 8425, 8000, 7379, 5092, 4526, 3960, 3395, 2829, 2263, 1697, 1132, 566, 0, 0, 0, 566, 1132, 1697, 
46754, 47883, 10153, 8923, 8522, 7940, 5658, 5092, 4526, 3960, 3395, 2829, 2263, 1697, 1132, 566, 0, 0, 0, 566, 1132, 
46800, 47928, 10603, 9429, 9049, 8501, 6224, 5658, 5092, 4526, 3960, 3395, 2829, 2263, 1697, 1132, 566, 0, 0, 0, 566, 
46853, 47979, 11064, 9942, 9581, 9063, 6789, 6224, 5658, 5092, 4526, 3960, 3395, 2829, 2263, 1697, 1132, 566, 0, 0, 0, 
46912, 48037, 11533, 10459, 10115, 9625, 7355, 6789, 6224, 5658, 5092, 4526, 3960, 3395, 2829, 2263, 1697, 1132, 566, 0, 0, 
Optimal total distance (scaled) for 21 points: 53182
Optimal total distance for 21 points: 289.559605
Corresponding path (0-indexed):
Point #2
Point #3
Point #4
Point #5
Point #6
Point #7
Point #8
Point #9
Point #10
Point #11
Point #12
Point #13
Point #14
Point #15
Point #16
Point #17
Point #18
Point #19
Point #20
Point #0
Point #1
Execution time: 354 ms

Elapsed time: 354 ms


Execution #2/10000

Seed: 2
Estimated max possible cost 324.010076
for path: 
0 1 2 3 4 5 6 7 8 9 10 11 12 13 14 15 16 17 18 19 20 
Execution time: 363 ms

Elapsed time: 717 ms


Execution #3/10000

Seed: 3
Estimated max possible cost 324.010076
for path: 
0 1 2 3 4 5 6 7 8 9 10 11 12 13 14 15 16 17 18 19 20 
Execution time: 327 ms

Elapsed time: 1044 ms


Execution #4/10000

Seed: 4
Estimated max possible cost 324.010076
for path: 
0 1 2 3 4 5 6 7 8 9 10 11 12 13 14 15 16 17 18 19 20 
Execution time: 336 ms

Elapsed time: 1380 ms


Execution #5/10000

Seed: 5
Estimated max possible cost 324.010076
for path: 
0 1 2 3 4 5 6 7 8 9 10 11 12 13 14 15 16 17 18 19 20 
Execution time: 342 ms

Elapsed time: 1722 ms


Execution #6/10000

Seed: 6
Estimated max possible cost 324.010076
for path: 
0 1 2 3 4 5 6 7 8 9 10 11 12 13 14 15 16 17 18 19 20 
Execution time: 335 ms

Elapsed time: 2057 ms


Execution #7/10000

Seed: 7
Estimated max possible cost 324.010076
for path: 
0 1 2 3 4 5 6 7 8 9 10 11 12 13 14 15 16 17 18 19 20 
Execution time: 319 ms

Elapsed time: 2376 ms


Execution #8/10000

Seed: 8
Estimated max possible cost 324.010076
for path: 
0 1 2 3 4 5 6 7 8 9 10 11 12 13 14 15 16 17 18 19 20 
Execution time: 339 ms

Elapsed time: 2715 ms


Execution #9/10000

Seed: 9
Estimated max possible cost 324.010076
for path: 
0 1 2 3 4 5 6 7 8 9 10 11 12 13 14 15 16 17 18 19 20 
Execution time: 346 ms

Elapsed time: 3061 ms


Execution #10/10000

Seed: 10
Estimated max possible cost 324.010076
for path: 
0 1 2 3 4 5 6 7 8 9 10 11 12 13 14 15 16 17 18 19 20 
Execution time: 416 ms

Elapsed time: 3477 ms


Execution #11/10000

Seed: 11
Estimated max possible cost 324.010076
for path: 
0 1 2 3 4 5 6 7 8 9 10 11 12 13 14 15 16 17 18 19 20 
Execution time: 260 ms

Elapsed time: 3737 ms


Execution #12/10000

Seed: 12
Estimated max possible cost 324.010076
for path: 
0 1 2 3 4 5 6 7 8 9 10 11 12 13 14 15 16 17 18 19 20 
Execution time: 367 ms

Elapsed time: 4104 ms


Execution #13/10000

Seed: 13
Estimated max possible cost 324.010076
for path: 
0 1 2 3 4 5 6 7 8 9 10 11 12 13 14 15 16 17 18 19 20 
Execution time: 299 ms

Elapsed time: 4403 ms


Execution #14/10000

Seed: 14
Estimated max possible cost 324.010076
for path: 
0 1 2 3 4 5 6 7 8 9 10 11 12 13 14 15 16 17 18 19 20 
Execution time: 350 ms

Elapsed time: 4753 ms


Execution #15/10000

Seed: 15
Estimated max possible cost 324.010076
for path: 
0 1 2 3 4 5 6 7 8 9 10 11 12 13 14 15 16 17 18 19 20 
Execution time: 323 ms

Elapsed time: 5076 ms


Execution #16/10000

Seed: 16
Estimated max possible cost 324.010076
for path: 
0 1 2 3 4 5 6 7 8 9 10 11 12 13 14 15 16 17 18 19 20 
Execution time: 346 ms

Elapsed time: 5422 ms


Execution #17/10000

Seed: 17
Estimated max possible cost 324.010076
for path: 
0 1 2 3 4 5 6 7 8 9 10 11 12 13 14 15 16 17 18 19 20 
Execution time: 302 ms

Elapsed time: 5724 ms


Execution #18/10000

Seed: 18
Estimated max possible cost 324.010076
for path: 
0 1 2 3 4 5 6 7 8 9 10 11 12 13 14 15 16 17 18 19 20 
Execution time: 348 ms

Elapsed time: 6072 ms


Execution #19/10000

Seed: 19
Estimated max possible cost 324.010076
for path: 
0 1 2 3 4 5 6 7 8 9 10 11 12 13 14 15 16 17 18 19 20 
Execution time: 410 ms

Elapsed time: 6482 ms


Execution #20/10000

Seed: 20
Estimated max possible cost 324.010076
for path: 
0 1 2 3 4 5 6 7 8 9 10 11 12 13 14 15 16 17 18 19 20 
Execution time: 400 ms

Elapsed time: 6882 ms


Execution #21/10000

Seed: 21
Estimated max possible cost 324.010076
for path: 
0 1 2 3 4 5 6 7 8 9 10 11 12 13 14 15 16 17 18 19 20 
Execution time: 340 ms

Elapsed time: 7222 ms


Execution #22/10000

Seed: 22
Estimated max possible cost 324.010076
for path: 
0 1 2 3 4 5 6 7 8 9 10 11 12 13 14 15 16 17 18 19 20 
Execution time: 345 ms

Elapsed time: 7567 ms


Execution #23/10000

Seed: 23
Estimated max possible cost 324.010076
for path: 
0 1 2 3 4 5 6 7 8 9 10 11 12 13 14 15 16 17 18 19 20 
Execution time: 384 ms

Elapsed time: 7951 ms


Execution #24/10000

Seed: 24
Estimated max possible cost 324.010076
for path: 
0 1 2 3 4 5 6 7 8 9 10 11 12 13 14 15 16 17 18 19 20 
Execution time: 375 ms

Elapsed time: 8326 ms


Execution #25/10000

Seed: 25
Estimated max possible cost 324.010076
for path: 
0 1 2 3 4 5 6 7 8 9 10 11 12 13 14 15 16 17 18 19 20 
Execution time: 345 ms

Elapsed time: 8671 ms


Execution #26/10000

Seed: 26
Estimated max possible cost 324.010076
for path: 
0 1 2 3 4 5 6 7 8 9 10 11 12 13 14 15 16 17 18 19 20 
Execution time: 309 ms

Elapsed time: 8980 ms


Execution #27/10000

Seed: 27
Estimated max possible cost 324.010076
for path: 
0 1 2 3 4 5 6 7 8 9 10 11 12 13 14 15 16 17 18 19 20 
Execution time: 351 ms

Elapsed time: 9331 ms


Execution #28/10000

Seed: 28
Estimated max possible cost 324.010076
for path: 
0 1 2 3 4 5 6 7 8 9 10 11 12 13 14 15 16 17 18 19 20 
Execution time: 318 ms

Elapsed time: 9649 ms


Execution #29/10000

Seed: 29
Estimated max possible cost 324.010076
for path: 
0 1 2 3 4 5 6 7 8 9 10 11 12 13 14 15 16 17 18 19 20 
Execution time: 365 ms

Elapsed time: 10014 ms


Execution #30/10000

Seed: 30
Estimated max possible cost 324.010076
for path: 
0 1 2 3 4 5 6 7 8 9 10 11 12 13 14 15 16 17 18 19 20 
Execution time: 290 ms

Elapsed time: 10304 ms


Execution #31/10000

Seed: 31
Estimated max possible cost 324.010076
for path: 
0 1 2 3 4 5 6 7 8 9 10 11 12 13 14 15 16 17 18 19 20 
Execution time: 364 ms

Elapsed time: 10668 ms


Execution #32/10000

Seed: 32
Estimated max possible cost 324.010076
for path: 
0 1 2 3 4 5 6 7 8 9 10 11 12 13 14 15 16 17 18 19 20 
Execution time: 347 ms

Elapsed time: 11015 ms


Execution #33/10000

Seed: 33
Estimated max possible cost 324.010076
for path: 
0 1 2 3 4 5 6 7 8 9 10 11 12 13 14 15 16 17 18 19 20 
Execution time: 357 ms

Elapsed time: 11372 ms


Execution #34/10000

Seed: 34
Estimated max possible cost 324.010076
for path: 
0 1 2 3 4 5 6 7 8 9 10 11 12 13 14 15 16 17 18 19 20 
Execution time: 312 ms

Elapsed time: 11684 ms


Execution #35/10000

Seed: 35
Estimated max possible cost 324.010076
for path: 
0 1 2 3 4 5 6 7 8 9 10 11 12 13 14 15 16 17 18 19 20 
Execution time: 345 ms

Elapsed time: 12029 ms


Execution #36/10000

Seed: 36
Estimated max possible cost 324.010076
for path: 
0 1 2 3 4 5 6 7 8 9 10 11 12 13 14 15 16 17 18 19 20 
Execution time: 380 ms

Elapsed time: 12409 ms


Execution #37/10000

Seed: 37
Estimated max possible cost 324.010076
for path: 
0 1 2 3 4 5 6 7 8 9 10 11 12 13 14 15 16 17 18 19 20 
Execution time: 360 ms

Elapsed time: 12769 ms


Execution #38/10000

Seed: 38
Estimated max possible cost 324.010076
for path: 
0 1 2 3 4 5 6 7 8 9 10 11 12 13 14 15 16 17 18 19 20 
Execution time: 354 ms

Elapsed time: 13123 ms


Execution #39/10000

Seed: 39
Estimated max possible cost 324.010076
for path: 
0 1 2 3 4 5 6 7 8 9 10 11 12 13 14 15 16 17 18 19 20 
Execution time: 405 ms

Elapsed time: 13528 ms


Execution #40/10000

Seed: 40
Estimated max possible cost 324.010076
for path: 
0 1 2 3 4 5 6 7 8 9 10 11 12 13 14 15 16 17 18 19 20 
Execution time: 313 ms

Elapsed time: 13841 ms


Execution #41/10000

Seed: 41
Estimated max possible cost 324.010076
for path: 
0 1 2 3 4 5 6 7 8 9 10 11 12 13 14 15 16 17 18 19 20 
Execution time: 291 ms

Elapsed time: 14132 ms


Execution #42/10000

Seed: 42
Estimated max possible cost 324.010076
for path: 
0 1 2 3 4 5 6 7 8 9 10 11 12 13 14 15 16 17 18 19 20 
Execution time: 365 ms

Elapsed time: 14497 ms


Execution #43/10000

Seed: 43
Estimated max possible cost 324.010076
for path: 
0 1 2 3 4 5 6 7 8 9 10 11 12 13 14 15 16 17 18 19 20 
Execution time: 370 ms

Elapsed time: 14867 ms


Execution #44/10000

Seed: 44
Estimated max possible cost 324.010076
for path: 
0 1 2 3 4 5 6 7 8 9 10 11 12 13 14 15 16 17 18 19 20 
Execution time: 294 ms

Elapsed time: 15161 ms


Execution #45/10000

Seed: 45
Estimated max possible cost 324.010076
for path: 
0 1 2 3 4 5 6 7 8 9 10 11 12 13 14 15 16 17 18 19 20 
Execution time: 307 ms

Elapsed time: 15468 ms


Execution #46/10000

Seed: 46
Estimated max possible cost 324.010076
for path: 
0 1 2 3 4 5 6 7 8 9 10 11 12 13 14 15 16 17 18 19 20 
Execution time: 333 ms

Elapsed time: 15801 ms


Execution #47/10000

Seed: 47
Estimated max possible cost 324.010076
for path: 
0 1 2 3 4 5 6 7 8 9 10 11 12 13 14 15 16 17 18 19 20 
Execution time: 324 ms

Elapsed time: 16125 ms


Execution #48/10000

Seed: 48
Estimated max possible cost 324.010076
for path: 
0 1 2 3 4 5 6 7 8 9 10 11 12 13 14 15 16 17 18 19 20 
Execution time: 433 ms

Elapsed time: 16558 ms


Execution #49/10000

Seed: 49
Estimated max possible cost 324.010076
for path: 
0 1 2 3 4 5 6 7 8 9 10 11 12 13 14 15 16 17 18 19 20 
Execution time: 309 ms

Elapsed time: 16867 ms


Execution #50/10000

Seed: 50
Estimated max possible cost 324.010076
for path: 
0 1 2 3 4 5 6 7 8 9 10 11 12 13 14 15 16 17 18 19 20 
Execution time: 333 ms

Elapsed time: 17200 ms


Execution #51/10000

Seed: 51
Estimated max possible cost 324.010076
for path: 
0 1 2 3 4 5 6 7 8 9 10 11 12 13 14 15 16 17 18 19 20 
Execution time: 410 ms

Elapsed time: 17610 ms


Execution #52/10000

Seed: 52
Estimated max possible cost 324.010076
for path: 
0 1 2 3 4 5 6 7 8 9 10 11 12 13 14 15 16 17 18 19 20 
Execution time: 380 ms

Elapsed time: 17990 ms


Execution #53/10000

Seed: 53
Estimated max possible cost 324.010076
for path: 
0 1 2 3 4 5 6 7 8 9 10 11 12 13 14 15 16 17 18 19 20 
Execution time: 329 ms

Elapsed time: 18319 ms


Execution #54/10000

Seed: 54
Estimated max possible cost 324.010076
for path: 
0 1 2 3 4 5 6 7 8 9 10 11 12 13 14 15 16 17 18 19 20 
Execution time: 402 ms

Elapsed time: 18721 ms


Execution #55/10000

Seed: 55
Estimated max possible cost 324.010076
for path: 
0 1 2 3 4 5 6 7 8 9 10 11 12 13 14 15 16 17 18 19 20 
Execution time: 311 ms

Elapsed time: 19032 ms


Execution #56/10000

Seed: 56
Estimated max possible cost 324.010076
for path: 
0 1 2 3 4 5 6 7 8 9 10 11 12 13 14 15 16 17 18 19 20 
Execution time: 369 ms

Elapsed time: 19401 ms


Execution #57/10000

Seed: 57
Estimated max possible cost 324.010076
for path: 
0 1 2 3 4 5 6 7 8 9 10 11 12 13 14 15 16 17 18 19 20 
Execution time: 363 ms

Elapsed time: 19764 ms


Execution #58/10000

Seed: 58
Estimated max possible cost 324.010076
for path: 
0 1 2 3 4 5 6 7 8 9 10 11 12 13 14 15 16 17 18 19 20 
Execution time: 328 ms

Elapsed time: 20092 ms


Execution #59/10000

Seed: 59
Estimated max possible cost 324.010076
for path: 
0 1 2 3 4 5 6 7 8 9 10 11 12 13 14 15 16 17 18 19 20 
Execution time: 358 ms

Elapsed time: 20450 ms


Execution #60/10000

Seed: 60
Estimated max possible cost 324.010076
for path: 
0 1 2 3 4 5 6 7 8 9 10 11 12 13 14 15 16 17 18 19 20 
Execution time: 384 ms

Elapsed time: 20834 ms


Execution #61/10000

Seed: 61
Estimated max possible cost 324.010076
for path: 
0 1 2 3 4 5 6 7 8 9 10 11 12 13 14 15 16 17 18 19 20 
Execution time: 387 ms

Elapsed time: 21221 ms


Execution #62/10000

Seed: 62
Estimated max possible cost 324.010076
for path: 
0 1 2 3 4 5 6 7 8 9 10 11 12 13 14 15 16 17 18 19 20 
Execution time: 321 ms

Elapsed time: 21542 ms


Execution #63/10000

Seed: 63
Estimated max possible cost 324.010076
for path: 
0 1 2 3 4 5 6 7 8 9 10 11 12 13 14 15 16 17 18 19 20 
Execution time: 391 ms

Elapsed time: 21933 ms


Execution #64/10000

Seed: 64
Estimated max possible cost 324.010076
for path: 
0 1 2 3 4 5 6 7 8 9 10 11 12 13 14 15 16 17 18 19 20 
Execution time: 399 ms

Elapsed time: 22332 ms


Execution #65/10000

Seed: 65
Estimated max possible cost 324.010076
for path: 
0 1 2 3 4 5 6 7 8 9 10 11 12 13 14 15 16 17 18 19 20 
Execution time: 356 ms

Elapsed time: 22688 ms


Execution #66/10000

Seed: 66
Estimated max possible cost 324.010076
for path: 
0 1 2 3 4 5 6 7 8 9 10 11 12 13 14 15 16 17 18 19 20 
Execution time: 411 ms

Elapsed time: 23099 ms


Execution #67/10000

Seed: 67
Estimated max possible cost 324.010076
for path: 
0 1 2 3 4 5 6 7 8 9 10 11 12 13 14 15 16 17 18 19 20 
Execution time: 369 ms

Elapsed time: 23468 ms


Execution #68/10000

Seed: 68
Estimated max possible cost 324.010076
for path: 
0 1 2 3 4 5 6 7 8 9 10 11 12 13 14 15 16 17 18 19 20 
Execution time: 385 ms

Elapsed time: 23853 ms


Execution #69/10000

Seed: 69
Estimated max possible cost 324.010076
for path: 
0 1 2 3 4 5 6 7 8 9 10 11 12 13 14 15 16 17 18 19 20 
Execution time: 305 ms

Elapsed time: 24158 ms


Execution #70/10000

Seed: 70
Estimated max possible cost 324.010076
for path: 
0 1 2 3 4 5 6 7 8 9 10 11 12 13 14 15 16 17 18 19 20 
Execution time: 381 ms

Elapsed time: 24539 ms


Execution #71/10000

Seed: 71
Estimated max possible cost 324.010076
for path: 
0 1 2 3 4 5 6 7 8 9 10 11 12 13 14 15 16 17 18 19 20 
Execution time: 306 ms

Elapsed time: 24845 ms


Execution #72/10000

Seed: 72
Estimated max possible cost 324.010076
for path: 
0 1 2 3 4 5 6 7 8 9 10 11 12 13 14 15 16 17 18 19 20 
Execution time: 372 ms

Elapsed time: 25217 ms


Execution #73/10000

Seed: 73
Estimated max possible cost 324.010076
for path: 
0 1 2 3 4 5 6 7 8 9 10 11 12 13 14 15 16 17 18 19 20 
Execution time: 336 ms

Elapsed time: 25553 ms


Execution #74/10000

Seed: 74
Estimated max possible cost 324.010076
for path: 
0 1 2 3 4 5 6 7 8 9 10 11 12 13 14 15 16 17 18 19 20 
Execution time: 391 ms

Elapsed time: 25944 ms


Execution #75/10000

Seed: 75
Estimated max possible cost 324.010076
for path: 
0 1 2 3 4 5 6 7 8 9 10 11 12 13 14 15 16 17 18 19 20 
Execution time: 376 ms

Elapsed time: 26320 ms


Execution #76/10000

Seed: 76
Estimated max possible cost 324.010076
for path: 
0 1 2 3 4 5 6 7 8 9 10 11 12 13 14 15 16 17 18 19 20 
Execution time: 334 ms

Elapsed time: 26654 ms


Execution #77/10000

Seed: 77
Estimated max possible cost 324.010076
for path: 
0 1 2 3 4 5 6 7 8 9 10 11 12 13 14 15 16 17 18 19 20 
Execution time: 332 ms

Elapsed time: 26986 ms


Execution #78/10000

Seed: 78
Estimated max possible cost 324.010076
for path: 
0 1 2 3 4 5 6 7 8 9 10 11 12 13 14 15 16 17 18 19 20 
Execution time: 314 ms

Elapsed time: 27300 ms


Execution #79/10000

Seed: 79
Estimated max possible cost 324.010076
for path: 
0 1 2 3 4 5 6 7 8 9 10 11 12 13 14 15 16 17 18 19 20 
Execution time: 391 ms

Elapsed time: 27691 ms


Execution #80/10000

Seed: 80
Estimated max possible cost 324.010076
for path: 
0 1 2 3 4 5 6 7 8 9 10 11 12 13 14 15 16 17 18 19 20 
Execution time: 398 ms

Elapsed time: 28089 ms


Execution #81/10000

Seed: 81
Estimated max possible cost 324.010076
for path: 
0 1 2 3 4 5 6 7 8 9 10 11 12 13 14 15 16 17 18 19 20 
Execution time: 304 ms

Elapsed time: 28393 ms


Execution #82/10000

Seed: 82
Estimated max possible cost 324.010076
for path: 
0 1 2 3 4 5 6 7 8 9 10 11 12 13 14 15 16 17 18 19 20 
Execution time: 386 ms

Elapsed time: 28779 ms


Execution #83/10000

Seed: 83
Estimated max possible cost 324.010076
for path: 
0 1 2 3 4 5 6 7 8 9 10 11 12 13 14 15 16 17 18 19 20 
Execution time: 328 ms

Elapsed time: 29107 ms


Execution #84/10000

Seed: 84
Estimated max possible cost 324.010076
for path: 
0 1 2 3 4 5 6 7 8 9 10 11 12 13 14 15 16 17 18 19 20 
Execution time: 421 ms

Elapsed time: 29528 ms


Execution #85/10000

Seed: 85
Estimated max possible cost 324.010076
for path: 
0 1 2 3 4 5 6 7 8 9 10 11 12 13 14 15 16 17 18 19 20 
Execution time: 356 ms

Elapsed time: 29884 ms


Execution #86/10000

Seed: 86
Estimated max possible cost 324.010076
for path: 
0 1 2 3 4 5 6 7 8 9 10 11 12 13 14 15 16 17 18 19 20 
Execution time: 365 ms

Elapsed time: 30249 ms


Execution #87/10000

Seed: 87
Estimated max possible cost 324.010076
for path: 
0 1 2 3 4 5 6 7 8 9 10 11 12 13 14 15 16 17 18 19 20 
Execution time: 380 ms

Elapsed time: 30629 ms


Execution #88/10000

Seed: 88
Estimated max possible cost 324.010076
for path: 
0 1 2 3 4 5 6 7 8 9 10 11 12 13 14 15 16 17 18 19 20 
Execution time: 453 ms

Elapsed time: 31082 ms


Execution #89/10000

Seed: 89
Estimated max possible cost 324.010076
for path: 
0 1 2 3 4 5 6 7 8 9 10 11 12 13 14 15 16 17 18 19 20 
Execution time: 367 ms

Elapsed time: 31449 ms


Execution #90/10000

Seed: 90
Estimated max possible cost 324.010076
for path: 
0 1 2 3 4 5 6 7 8 9 10 11 12 13 14 15 16 17 18 19 20 
Execution time: 341 ms

Elapsed time: 31790 ms


Execution #91/10000

Seed: 91
Estimated max possible cost 324.010076
for path: 
0 1 2 3 4 5 6 7 8 9 10 11 12 13 14 15 16 17 18 19 20 
Execution time: 408 ms

Elapsed time: 32198 ms


Execution #92/10000

Seed: 92
Estimated max possible cost 324.010076
for path: 
0 1 2 3 4 5 6 7 8 9 10 11 12 13 14 15 16 17 18 19 20 
Execution time: 319 ms

Elapsed time: 32517 ms


Execution #93/10000

Seed: 93
Estimated max possible cost 324.010076
for path: 
0 1 2 3 4 5 6 7 8 9 10 11 12 13 14 15 16 17 18 19 20 
Execution time: 329 ms

Elapsed time: 32846 ms


Execution #94/10000

Seed: 94
Estimated max possible cost 324.010076
for path: 
0 1 2 3 4 5 6 7 8 9 10 11 12 13 14 15 16 17 18 19 20 
Execution time: 378 ms

Elapsed time: 33224 ms


Execution #95/10000

Seed: 95
Estimated max possible cost 324.010076
for path: 
0 1 2 3 4 5 6 7 8 9 10 11 12 13 14 15 16 17 18 19 20 
Execution time: 307 ms

Elapsed time: 33531 ms


Execution #96/10000

Seed: 96
Estimated max possible cost 324.010076
for path: 
0 1 2 3 4 5 6 7 8 9 10 11 12 13 14 15 16 17 18 19 20 
Execution time: 366 ms

Elapsed time: 33897 ms


Execution #97/10000

Seed: 97
Estimated max possible cost 324.010076
for path: 
0 1 2 3 4 5 6 7 8 9 10 11 12 13 14 15 16 17 18 19 20 
Execution time: 332 ms

Elapsed time: 34229 ms


Execution #98/10000

Seed: 98
Estimated max possible cost 324.010076
for path: 
0 1 2 3 4 5 6 7 8 9 10 11 12 13 14 15 16 17 18 19 20 
Execution time: 414 ms

Elapsed time: 34643 ms


Execution #99/10000

Seed: 99
Estimated max possible cost 324.010076
for path: 
0 1 2 3 4 5 6 7 8 9 10 11 12 13 14 15 16 17 18 19 20 
Execution time: 388 ms

Elapsed time: 35031 ms


Execution #100/10000

Seed: 100
Estimated max possible cost 324.010076
for path: 
0 1 2 3 4 5 6 7 8 9 10 11 12 13 14 15 16 17 18 19 20 
Execution time: 363 ms

Elapsed time: 35394 ms


Execution #101/10000

Seed: 101
Estimated max possible cost 324.010076
for path: 
0 1 2 3 4 5 6 7 8 9 10 11 12 13 14 15 16 17 18 19 20 
Execution time: 383 ms

Elapsed time: 35777 ms


Execution #102/10000

Seed: 102
Estimated max possible cost 324.010076
for path: 
0 1 2 3 4 5 6 7 8 9 10 11 12 13 14 15 16 17 18 19 20 
Execution time: 336 ms

Elapsed time: 36113 ms


Execution #103/10000

Seed: 103
Estimated max possible cost 324.010076
for path: 
0 1 2 3 4 5 6 7 8 9 10 11 12 13 14 15 16 17 18 19 20 
Execution time: 330 ms

Elapsed time: 36443 ms


Execution #104/10000

Seed: 104
Estimated max possible cost 324.010076
for path: 
0 1 2 3 4 5 6 7 8 9 10 11 12 13 14 15 16 17 18 19 20 
Execution time: 311 ms

Elapsed time: 36754 ms


Execution #105/10000

Seed: 105
Estimated max possible cost 324.010076
for path: 
0 1 2 3 4 5 6 7 8 9 10 11 12 13 14 15 16 17 18 19 20 
Execution time: 385 ms

Elapsed time: 37139 ms


Execution #106/10000

Seed: 106
Estimated max possible cost 324.010076
for path: 
0 1 2 3 4 5 6 7 8 9 10 11 12 13 14 15 16 17 18 19 20 
Execution time: 356 ms

Elapsed time: 37495 ms


Execution #107/10000

Seed: 107
Estimated max possible cost 324.010076
for path: 
0 1 2 3 4 5 6 7 8 9 10 11 12 13 14 15 16 17 18 19 20 
Execution time: 383 ms

Elapsed time: 37878 ms


Execution #108/10000

Seed: 108
Estimated max possible cost 324.010076
for path: 
0 1 2 3 4 5 6 7 8 9 10 11 12 13 14 15 16 17 18 19 20 
Execution time: 347 ms

Elapsed time: 38225 ms


Execution #109/10000

Seed: 109
Estimated max possible cost 324.010076
for path: 
0 1 2 3 4 5 6 7 8 9 10 11 12 13 14 15 16 17 18 19 20 
Execution time: 348 ms

Elapsed time: 38573 ms


Execution #110/10000

Seed: 110
Estimated max possible cost 324.010076
for path: 
0 1 2 3 4 5 6 7 8 9 10 11 12 13 14 15 16 17 18 19 20 
Execution time: 353 ms

Elapsed time: 38926 ms


Execution #111/10000

Seed: 111
Estimated max possible cost 324.010076
for path: 
0 1 2 3 4 5 6 7 8 9 10 11 12 13 14 15 16 17 18 19 20 
Execution time: 311 ms

Elapsed time: 39237 ms


Execution #112/10000

Seed: 112
Estimated max possible cost 324.010076
for path: 
0 1 2 3 4 5 6 7 8 9 10 11 12 13 14 15 16 17 18 19 20 
Execution time: 296 ms

Elapsed time: 39533 ms


Execution #113/10000

Seed: 113
Estimated max possible cost 324.010076
for path: 
0 1 2 3 4 5 6 7 8 9 10 11 12 13 14 15 16 17 18 19 20 
Execution time: 343 ms

Elapsed time: 39876 ms


Execution #114/10000

Seed: 114
Estimated max possible cost 324.010076
for path: 
0 1 2 3 4 5 6 7 8 9 10 11 12 13 14 15 16 17 18 19 20 
Execution time: 404 ms

Elapsed time: 40280 ms


Execution #115/10000

Seed: 115
Estimated max possible cost 324.010076
for path: 
0 1 2 3 4 5 6 7 8 9 10 11 12 13 14 15 16 17 18 19 20 
Execution time: 353 ms

Elapsed time: 40633 ms


Execution #116/10000

Seed: 116
Estimated max possible cost 324.010076
for path: 
0 1 2 3 4 5 6 7 8 9 10 11 12 13 14 15 16 17 18 19 20 
Execution time: 331 ms

Elapsed time: 40964 ms


Execution #117/10000

Seed: 117
Estimated max possible cost 324.010076
for path: 
0 1 2 3 4 5 6 7 8 9 10 11 12 13 14 15 16 17 18 19 20 
Execution time: 336 ms

Elapsed time: 41300 ms


Execution #118/10000

Seed: 118
Estimated max possible cost 324.010076
for path: 
0 1 2 3 4 5 6 7 8 9 10 11 12 13 14 15 16 17 18 19 20 
Execution time: 316 ms

Elapsed time: 41616 ms


Execution #119/10000

Seed: 119
Estimated max possible cost 324.010076
for path: 
0 1 2 3 4 5 6 7 8 9 10 11 12 13 14 15 16 17 18 19 20 
Execution time: 331 ms

Elapsed time: 41947 ms


Execution #120/10000

Seed: 120
Estimated max possible cost 324.010076
for path: 
0 1 2 3 4 5 6 7 8 9 10 11 12 13 14 15 16 17 18 19 20 
Execution time: 299 ms

Elapsed time: 42246 ms


Execution #121/10000

Seed: 121
Estimated max possible cost 324.010076
for path: 
0 1 2 3 4 5 6 7 8 9 10 11 12 13 14 15 16 17 18 19 20 
Execution time: 313 ms

Elapsed time: 42559 ms


Execution #122/10000

Seed: 122
Estimated max possible cost 324.010076
for path: 
0 1 2 3 4 5 6 7 8 9 10 11 12 13 14 15 16 17 18 19 20 
Execution time: 370 ms

Elapsed time: 42929 ms


Execution #123/10000

Seed: 123
Estimated max possible cost 324.010076
for path: 
0 1 2 3 4 5 6 7 8 9 10 11 12 13 14 15 16 17 18 19 20 
Execution time: 444 ms

Elapsed time: 43373 ms


Execution #124/10000

Seed: 124
Estimated max possible cost 324.010076
for path: 
0 1 2 3 4 5 6 7 8 9 10 11 12 13 14 15 16 17 18 19 20 
Execution time: 392 ms

Elapsed time: 43765 ms


Execution #125/10000

Seed: 125
Estimated max possible cost 324.010076
for path: 
0 1 2 3 4 5 6 7 8 9 10 11 12 13 14 15 16 17 18 19 20 
Execution time: 310 ms

Elapsed time: 44075 ms


Execution #126/10000

Seed: 126
Estimated max possible cost 324.010076
for path: 
0 1 2 3 4 5 6 7 8 9 10 11 12 13 14 15 16 17 18 19 20 
Execution time: 389 ms

Elapsed time: 44464 ms


Execution #127/10000

Seed: 127
Estimated max possible cost 324.010076
for path: 
0 1 2 3 4 5 6 7 8 9 10 11 12 13 14 15 16 17 18 19 20 
Execution time: 362 ms

Elapsed time: 44826 ms


Execution #128/10000

Seed: 128
Estimated max possible cost 324.010076
for path: 
0 1 2 3 4 5 6 7 8 9 10 11 12 13 14 15 16 17 18 19 20 
Execution time: 362 ms

Elapsed time: 45188 ms


Execution #129/10000

Seed: 129
Estimated max possible cost 324.010076
for path: 
0 1 2 3 4 5 6 7 8 9 10 11 12 13 14 15 16 17 18 19 20 
Execution time: 319 ms

Elapsed time: 45507 ms


Execution #130/10000

Seed: 130
Estimated max possible cost 324.010076
for path: 
0 1 2 3 4 5 6 7 8 9 10 11 12 13 14 15 16 17 18 19 20 
Execution time: 365 ms

Elapsed time: 45872 ms


Execution #131/10000

Seed: 131
Estimated max possible cost 324.010076
for path: 
0 1 2 3 4 5 6 7 8 9 10 11 12 13 14 15 16 17 18 19 20 
Execution time: 346 ms

Elapsed time: 46218 ms


Execution #132/10000

Seed: 132
Estimated max possible cost 324.010076
for path: 
0 1 2 3 4 5 6 7 8 9 10 11 12 13 14 15 16 17 18 19 20 
Execution time: 429 ms

Elapsed time: 46647 ms


Execution #133/10000

Seed: 133
Estimated max possible cost 324.010076
for path: 
0 1 2 3 4 5 6 7 8 9 10 11 12 13 14 15 16 17 18 19 20 
Execution time: 360 ms

Elapsed time: 47007 ms


Execution #134/10000

Seed: 134
Estimated max possible cost 324.010076
for path: 
0 1 2 3 4 5 6 7 8 9 10 11 12 13 14 15 16 17 18 19 20 
Execution time: 355 ms

Elapsed time: 47362 ms


Execution #135/10000

Seed: 135
Estimated max possible cost 324.010076
for path: 
0 1 2 3 4 5 6 7 8 9 10 11 12 13 14 15 16 17 18 19 20 
Execution time: 379 ms

Elapsed time: 47741 ms


Execution #136/10000

Seed: 136
Estimated max possible cost 324.010076
for path: 
0 1 2 3 4 5 6 7 8 9 10 11 12 13 14 15 16 17 18 19 20 
Execution time: 415 ms

Elapsed time: 48156 ms


Execution #137/10000

Seed: 137
Estimated max possible cost 324.010076
for path: 
0 1 2 3 4 5 6 7 8 9 10 11 12 13 14 15 16 17 18 19 20 
Execution time: 314 ms

Elapsed time: 48470 ms


Execution #138/10000

Seed: 138
Estimated max possible cost 324.010076
for path: 
0 1 2 3 4 5 6 7 8 9 10 11 12 13 14 15 16 17 18 19 20 
Execution time: 343 ms

Elapsed time: 48813 ms


Execution #139/10000

Seed: 139
Estimated max possible cost 324.010076
for path: 
0 1 2 3 4 5 6 7 8 9 10 11 12 13 14 15 16 17 18 19 20 
Execution time: 340 ms

Elapsed time: 49153 ms


Execution #140/10000

Seed: 140
Estimated max possible cost 324.010076
for path: 
0 1 2 3 4 5 6 7 8 9 10 11 12 13 14 15 16 17 18 19 20 
Execution time: 357 ms

Elapsed time: 49510 ms


Execution #141/10000

Seed: 141
Estimated max possible cost 324.010076
for path: 
0 1 2 3 4 5 6 7 8 9 10 11 12 13 14 15 16 17 18 19 20 
Execution time: 348 ms

Elapsed time: 49858 ms


Execution #142/10000

Seed: 142
Estimated max possible cost 324.010076
for path: 
0 1 2 3 4 5 6 7 8 9 10 11 12 13 14 15 16 17 18 19 20 
Execution time: 344 ms

Elapsed time: 50202 ms


Execution #143/10000

Seed: 143
Estimated max possible cost 324.010076
for path: 
0 1 2 3 4 5 6 7 8 9 10 11 12 13 14 15 16 17 18 19 20 
Execution time: 395 ms

Elapsed time: 50597 ms


Execution #144/10000

Seed: 144
Estimated max possible cost 324.010076
for path: 
0 1 2 3 4 5 6 7 8 9 10 11 12 13 14 15 16 17 18 19 20 
Execution time: 426 ms

Elapsed time: 51023 ms


Execution #145/10000

Seed: 145
Estimated max possible cost 324.010076
for path: 
0 1 2 3 4 5 6 7 8 9 10 11 12 13 14 15 16 17 18 19 20 
Execution time: 315 ms

Elapsed time: 51338 ms


Execution #146/10000

Seed: 146
Estimated max possible cost 324.010076
for path: 
0 1 2 3 4 5 6 7 8 9 10 11 12 13 14 15 16 17 18 19 20 
Execution time: 347 ms

Elapsed time: 51685 ms


Execution #147/10000

Seed: 147
Estimated max possible cost 324.010076
for path: 
0 1 2 3 4 5 6 7 8 9 10 11 12 13 14 15 16 17 18 19 20 
Execution time: 329 ms

Elapsed time: 52014 ms


Execution #148/10000

Seed: 148
Estimated max possible cost 324.010076
for path: 
0 1 2 3 4 5 6 7 8 9 10 11 12 13 14 15 16 17 18 19 20 
Execution time: 364 ms

Elapsed time: 52378 ms


Execution #149/10000

Seed: 149
Estimated max possible cost 324.010076
for path: 
0 1 2 3 4 5 6 7 8 9 10 11 12 13 14 15 16 17 18 19 20 
Execution time: 360 ms

Elapsed time: 52738 ms


Execution #150/10000

Seed: 150
Estimated max possible cost 324.010076
for path: 
0 1 2 3 4 5 6 7 8 9 10 11 12 13 14 15 16 17 18 19 20 
Execution time: 408 ms

Elapsed time: 53146 ms


Execution #151/10000

Seed: 151
Estimated max possible cost 324.010076
for path: 
0 1 2 3 4 5 6 7 8 9 10 11 12 13 14 15 16 17 18 19 20 
Execution time: 385 ms

Elapsed time: 53531 ms


Execution #152/10000

Seed: 152
Estimated max possible cost 324.010076
for path: 
0 1 2 3 4 5 6 7 8 9 10 11 12 13 14 15 16 17 18 19 20 
Execution time: 384 ms

Elapsed time: 53915 ms


Execution #153/10000

Seed: 153
Estimated max possible cost 324.010076
for path: 
0 1 2 3 4 5 6 7 8 9 10 11 12 13 14 15 16 17 18 19 20 
Execution time: 341 ms

Elapsed time: 54256 ms


Execution #154/10000

Seed: 154
Estimated max possible cost 324.010076
for path: 
0 1 2 3 4 5 6 7 8 9 10 11 12 13 14 15 16 17 18 19 20 
Execution time: 362 ms

Elapsed time: 54618 ms


Execution #155/10000

Seed: 155
Estimated max possible cost 324.010076
for path: 
0 1 2 3 4 5 6 7 8 9 10 11 12 13 14 15 16 17 18 19 20 
Execution time: 426 ms

Elapsed time: 55044 ms


Execution #156/10000

Seed: 156
Estimated max possible cost 324.010076
for path: 
0 1 2 3 4 5 6 7 8 9 10 11 12 13 14 15 16 17 18 19 20 
Execution time: 337 ms

Elapsed time: 55381 ms


Execution #157/10000

Seed: 157
Estimated max possible cost 324.010076
for path: 
0 1 2 3 4 5 6 7 8 9 10 11 12 13 14 15 16 17 18 19 20 
Execution time: 344 ms

Elapsed time: 55725 ms


Execution #158/10000

Seed: 158
Estimated max possible cost 324.010076
for path: 
0 1 2 3 4 5 6 7 8 9 10 11 12 13 14 15 16 17 18 19 20 
Execution time: 320 ms

Elapsed time: 56045 ms


Execution #159/10000

Seed: 159
Estimated max possible cost 324.010076
for path: 
0 1 2 3 4 5 6 7 8 9 10 11 12 13 14 15 16 17 18 19 20 
Execution time: 323 ms

Elapsed time: 56368 ms


Execution #160/10000

Seed: 160
Estimated max possible cost 324.010076
for path: 
0 1 2 3 4 5 6 7 8 9 10 11 12 13 14 15 16 17 18 19 20 
Execution time: 375 ms

Elapsed time: 56743 ms


Execution #161/10000

Seed: 161
Estimated max possible cost 324.010076
for path: 
0 1 2 3 4 5 6 7 8 9 10 11 12 13 14 15 16 17 18 19 20 
Execution time: 346 ms

Elapsed time: 57089 ms


Execution #162/10000

Seed: 162
Estimated max possible cost 324.010076
for path: 
0 1 2 3 4 5 6 7 8 9 10 11 12 13 14 15 16 17 18 19 20 
Execution time: 401 ms

Elapsed time: 57490 ms


Execution #163/10000

Seed: 163
Estimated max possible cost 324.010076
for path: 
0 1 2 3 4 5 6 7 8 9 10 11 12 13 14 15 16 17 18 19 20 
Execution time: 386 ms

Elapsed time: 57876 ms


Execution #164/10000

Seed: 164
Estimated max possible cost 324.010076
for path: 
0 1 2 3 4 5 6 7 8 9 10 11 12 13 14 15 16 17 18 19 20 
Execution time: 326 ms

Elapsed time: 58202 ms


Execution #165/10000

Seed: 165
Estimated max possible cost 324.010076
for path: 
0 1 2 3 4 5 6 7 8 9 10 11 12 13 14 15 16 17 18 19 20 
Execution time: 380 ms

Elapsed time: 58582 ms


Execution #166/10000

Seed: 166
Estimated max possible cost 324.010076
for path: 
0 1 2 3 4 5 6 7 8 9 10 11 12 13 14 15 16 17 18 19 20 
Execution time: 384 ms

Elapsed time: 58966 ms


Execution #167/10000

Seed: 167
Estimated max possible cost 324.010076
for path: 
0 1 2 3 4 5 6 7 8 9 10 11 12 13 14 15 16 17 18 19 20 
Execution time: 404 ms

Elapsed time: 59370 ms


Execution #168/10000

Seed: 168
Estimated max possible cost 324.010076
for path: 
0 1 2 3 4 5 6 7 8 9 10 11 12 13 14 15 16 17 18 19 20 
Execution time: 357 ms

Elapsed time: 59727 ms


Execution #169/10000

Seed: 169
Estimated max possible cost 324.010076
for path: 
0 1 2 3 4 5 6 7 8 9 10 11 12 13 14 15 16 17 18 19 20 
Execution time: 297 ms

Elapsed time: 60024 ms


Execution #170/10000

Seed: 170
Estimated max possible cost 324.010076
for path: 
0 1 2 3 4 5 6 7 8 9 10 11 12 13 14 15 16 17 18 19 20 
Execution time: 348 ms

Elapsed time: 60372 ms


Execution #171/10000

Seed: 171
Estimated max possible cost 324.010076
for path: 
0 1 2 3 4 5 6 7 8 9 10 11 12 13 14 15 16 17 18 19 20 
Execution time: 397 ms

Elapsed time: 60769 ms


Execution #172/10000

Seed: 172
Estimated max possible cost 324.010076
for path: 
0 1 2 3 4 5 6 7 8 9 10 11 12 13 14 15 16 17 18 19 20 
Execution time: 383 ms

Elapsed time: 61152 ms


Execution #173/10000

Seed: 173
Estimated max possible cost 324.010076
for path: 
0 1 2 3 4 5 6 7 8 9 10 11 12 13 14 15 16 17 18 19 20 
Execution time: 373 ms

Elapsed time: 61525 ms


Execution #174/10000

Seed: 174
Estimated max possible cost 324.010076
for path: 
0 1 2 3 4 5 6 7 8 9 10 11 12 13 14 15 16 17 18 19 20 
Execution time: 375 ms

Elapsed time: 61900 ms


Execution #175/10000

Seed: 175
Estimated max possible cost 324.010076
for path: 
0 1 2 3 4 5 6 7 8 9 10 11 12 13 14 15 16 17 18 19 20 
Execution time: 373 ms

Elapsed time: 62273 ms


Execution #176/10000

Seed: 176
Estimated max possible cost 324.010076
for path: 
0 1 2 3 4 5 6 7 8 9 10 11 12 13 14 15 16 17 18 19 20 
Execution time: 328 ms

Elapsed time: 62601 ms


Execution #177/10000

Seed: 177
Estimated max possible cost 324.010076
for path: 
0 1 2 3 4 5 6 7 8 9 10 11 12 13 14 15 16 17 18 19 20 
Execution time: 349 ms

Elapsed time: 62950 ms


Execution #178/10000

Seed: 178
Estimated max possible cost 324.010076
for path: 
0 1 2 3 4 5 6 7 8 9 10 11 12 13 14 15 16 17 18 19 20 
Execution time: 440 ms

Elapsed time: 63390 ms


Execution #179/10000

Seed: 179
Estimated max possible cost 324.010076
for path: 
0 1 2 3 4 5 6 7 8 9 10 11 12 13 14 15 16 17 18 19 20 
Execution time: 374 ms

Elapsed time: 63764 ms


Execution #180/10000

Seed: 180
Estimated max possible cost 324.010076
for path: 
0 1 2 3 4 5 6 7 8 9 10 11 12 13 14 15 16 17 18 19 20 
Execution time: 352 ms

Elapsed time: 64116 ms


Execution #181/10000

Seed: 181
Estimated max possible cost 324.010076
for path: 
0 1 2 3 4 5 6 7 8 9 10 11 12 13 14 15 16 17 18 19 20 
