Solving SHP


Execution #1/10000

Seed: 1
Estimated max possible cost 362.698203
for path: 
0 1 2 3 4 5 6 7 8 9 10 11 12 13 14 15 16 17 18 19 20 21 
Memory needed for path: 15308436 locs, for costs: 14226212 locs.
Desired precision: 1e+12
Mem constraint for cost_t: 16 bits
Rounded to pow of 2 bytes mem constraint (capped at 64bits) for cost_t: 16 bits
Bits needed for an int to preserve precision: 49
Warning: cannot preserve precision.
Warning: Using an integer; there is not enough memory for decimals.
Bits used per cost_t: 16
Selected cost_t = (u)int16_t
Solving with cost_t = t
Memory [GB] needed: 0.0407555
Requested precision is too high;managed to differentiate costs by: 0.002212
Distances:
0, 5.08, 242.54, 232.423, 228.124, 218.013, 212.172, 212.044, 211.947, 211.88, 211.843, 211.837, 211.862, 211.917, 212.002, 212.117, 212.263, 212.44, 212.646, 212.882, 213.149, 196.958, 
5.08, 0, 247.599, 237.481, 233.181, 223.068, 217.244, 217.119, 217.024, 216.959, 216.923, 216.917, 216.941, 216.995, 217.078, 217.191, 217.333, 217.505, 217.707, 217.938, 218.198, 202.029, 
242.54, 247.599, 0, 10.16, 14.478, 24.638, 31.3255, 32.219, 33.2827, 34.501, 35.8581, 37.3389, 38.9292, 40.6162, 42.3883, 44.2354, 46.1484, 48.1194, 50.1417, 52.2092, 54.3168, 46.0364, 
232.423, 237.481, 10.16, 0, 4.318, 14.478, 21.9236, 23.1823, 24.6393, 26.2617, 28.0207, 29.8922, 31.8565, 33.8973, 36.0018, 38.1592, 40.3612, 42.6009, 44.8725, 47.1716, 49.4942, 36.1805, 
228.124, 233.181, 14.478, 4.318, 0, 10.16, 18.1765, 19.6764, 21.3738, 23.2254, 25.1973, 27.2633, 29.4037, 31.6034, 33.8507, 36.1368, 38.4548, 40.7992, 43.1658, 45.5511, 47.9522, 32.0493, 
218.013, 223.068, 24.638, 14.478, 10.16, 0, 11.1326, 13.4428, 15.8236, 18.2474, 20.6991, 23.1698, 25.654, 28.1482, 30.6499, 33.1575, 35.6696, 38.1854, 40.7042, 43.2255, 45.7489, 22.606, 
212.172, 217.244, 31.3255, 21.9236, 18.1765, 11.1326, 0, 2.54, 5.08, 7.62, 10.16, 12.7, 15.24, 17.78, 20.32, 22.86, 25.4, 27.94, 30.48, 33.02, 35.56, 15.24, 
212.044, 217.119, 32.219, 23.1823, 19.6764, 13.4428, 2.54, 0, 2.54, 5.08, 7.62, 10.16, 12.7, 15.24, 17.78, 20.32, 22.86, 25.4, 27.94, 30.48, 33.02, 15.4502, 
211.947, 217.024, 33.2827, 24.6393, 21.3738, 15.8236, 5.08, 2.54, 0, 2.54, 5.08, 7.62, 10.16, 12.7, 15.24, 17.78, 20.32, 22.86, 25.4, 27.94, 30.48, 16.0644, 
211.88, 216.959, 34.501, 26.2617, 23.2254, 18.2474, 7.62, 5.08, 2.54, 0, 2.54, 5.08, 7.62, 10.16, 12.7, 15.24, 17.78, 20.32, 22.86, 25.4, 27.94, 17.0388, 
211.843, 216.923, 35.8581, 28.0207, 25.1973, 20.6991, 10.16, 7.62, 5.08, 2.54, 0, 2.54, 5.08, 7.62, 10.16, 12.7, 15.24, 17.78, 20.32, 22.86, 25.4, 18.3162, 
211.837, 216.917, 37.3389, 29.8922, 27.2633, 23.1698, 12.7, 10.16, 7.62, 5.08, 2.54, 0, 2.54, 5.08, 7.62, 10.16, 12.7, 15.24, 17.78, 20.32, 22.86, 19.838, 
211.862, 216.941, 38.9292, 31.8565, 29.4037, 25.654, 15.24, 12.7, 10.16, 7.62, 5.08, 2.54, 0, 2.54, 5.08, 7.62, 10.16, 12.7, 15.24, 17.78, 20.32, 21.5526, 
211.917, 216.995, 40.6162, 33.8973, 31.6034, 28.1482, 17.78, 15.24, 12.7, 10.16, 7.62, 5.08, 2.54, 0, 2.54, 5.08, 7.62, 10.16, 12.7, 15.24, 17.78, 23.4176, 
212.002, 217.078, 42.3883, 36.0018, 33.8507, 30.6499, 20.32, 17.78, 15.24, 12.7, 10.16, 7.62, 5.08, 2.54, 0, 2.54, 5.08, 7.62, 10.16, 12.7, 15.24, 25.4, 
212.117, 217.191, 44.2354, 38.1592, 36.1368, 33.1575, 22.86, 20.32, 17.78, 15.24, 12.7, 10.16, 7.62, 5.08, 2.54, 0, 2.54, 5.08, 7.62, 10.16, 12.7, 27.4743, 
212.263, 217.333, 46.1484, 40.3612, 38.4548, 35.6696, 25.4, 22.86, 20.32, 17.78, 15.24, 12.7, 10.16, 7.62, 5.08, 2.54, 0, 2.54, 5.08, 7.62, 10.16, 29.6212, 
212.44, 217.505, 48.1194, 42.6009, 40.7992, 38.1854, 27.94, 25.4, 22.86, 20.32, 17.78, 15.24, 12.7, 10.16, 7.62, 5.08, 2.54, 0, 2.54, 5.08, 7.62, 31.8261, 
212.646, 217.707, 50.1417, 44.8725, 43.1658, 40.7042, 30.48, 27.94, 25.4, 22.86, 20.32, 17.78, 15.24, 12.7, 10.16, 7.62, 5.08, 2.54, 0, 2.54, 5.08, 34.0777, 
212.882, 217.938, 52.2092, 47.1716, 45.5511, 43.2255, 33.02, 30.48, 27.94, 25.4, 22.86, 20.32, 17.78, 15.24, 12.7, 10.16, 7.62, 5.08, 2.54, 0, 2.54, 36.3673, 
213.149, 218.198, 54.3168, 49.4942, 47.9522, 45.7489, 35.56, 33.02, 30.48, 27.94, 25.4, 22.86, 20.32, 17.78, 15.24, 12.7, 10.16, 7.62, 5.08, 2.54, 0, 38.6881, 
196.958, 202.029, 46.0364, 36.1805, 32.0493, 22.606, 15.24, 15.4502, 16.0644, 17.0388, 18.3162, 19.838, 21.5526, 23.4176, 25.4, 27.4743, 29.6212, 31.8261, 34.0777, 36.3673, 38.6881, 0, 
Scaled Distances:
0, 502, 47466, 45465, 44615, 42615, 41460, 41435, 41416, 41402, 41395, 41394, 41399, 41410, 41426, 41449, 41478, 41513, 41554, 41601, 41653, 38451, 
502, 0, 48467, 46466, 45615, 43615, 42463, 42439, 42420, 42407, 42400, 42399, 42403, 42414, 42430, 42453, 42481, 42515, 42555, 42600, 42652, 39454, 
47466, 48467, 0, 1507, 2361, 4370, 5693, 5870, 6080, 6321, 6590, 6882, 7197, 7531, 7881, 8246, 8625, 9014, 9414, 9823, 10240, 8603, 
45465, 46466, 1507, 0, 352, 2361, 3834, 4083, 4371, 4692, 5039, 5410, 5798, 6202, 6618, 7045, 7480, 7923, 8372, 8827, 9286, 6653, 
44615, 45615, 2361, 352, 0, 1507, 3093, 3389, 3725, 4091, 4481, 4890, 5313, 5748, 6192, 6645, 7103, 7567, 8035, 8507, 8981, 5836, 
42615, 43615, 4370, 2361, 1507, 0, 1699, 2156, 2627, 3107, 3591, 4080, 4571, 5065, 5559, 6055, 6552, 7050, 7548, 8047, 8546, 3969, 
41460, 42463, 5693, 3834, 3093, 1699, 0, 0, 502, 1005, 1507, 2009, 2512, 3014, 3516, 4019, 4521, 5023, 5526, 6028, 6531, 2512, 
41435, 42439, 5870, 4083, 3389, 2156, 0, 0, 0, 502, 1005, 1507, 2009, 2512, 3014, 3516, 4019, 4521, 5023, 5526, 6028, 2553, 
41416, 42420, 6080, 4371, 3725, 2627, 502, 0, 0, 0, 502, 1005, 1507, 2009, 2512, 3014, 3516, 4019, 4521, 5023, 5526, 2675, 
41402, 42407, 6321, 4692, 4091, 3107, 1005, 502, 0, 0, 0, 502, 1005, 1507, 2009, 2512, 3014, 3516, 4019, 4521, 5023, 2868, 
41395, 42400, 6590, 5039, 4481, 3591, 1507, 1005, 502, 0, 0, 0, 502, 1005, 1507, 2009, 2512, 3014, 3516, 4019, 4521, 3120, 
41394, 42399, 6882, 5410, 4890, 4080, 2009, 1507, 1005, 502, 0, 0, 0, 502, 1005, 1507, 2009, 2512, 3014, 3516, 4019, 3421, 
41399, 42403, 7197, 5798, 5313, 4571, 2512, 2009, 1507, 1005, 502, 0, 0, 0, 502, 1005, 1507, 2009, 2512, 3014, 3516, 3760, 
41410, 42414, 7531, 6202, 5748, 5065, 3014, 2512, 2009, 1507, 1005, 502, 0, 0, 0, 502, 1005, 1507, 2009, 2512, 3014, 4129, 
41426, 42430, 7881, 6618, 6192, 5559, 3516, 3014, 2512, 2009, 1507, 1005, 502, 0, 0, 0, 502, 1005, 1507, 2009, 2512, 4521, 
41449, 42453, 8246, 7045, 6645, 6055, 4019, 3516, 3014, 2512, 2009, 1507, 1005, 502, 0, 0, 0, 502, 1005, 1507, 2009, 4931, 
41478, 42481, 8625, 7480, 7103, 6552, 4521, 4019, 3516, 3014, 2512, 2009, 1507, 1005, 502, 0, 0, 0, 502, 1005, 1507, 5356, 
41513, 42515, 9014, 7923, 7567, 7050, 5023, 4521, 4019, 3516, 3014, 2512, 2009, 1507, 1005, 502, 0, 0, 0, 502, 1005, 5792, 
41554, 42555, 9414, 8372, 8035, 7548, 5526, 5023, 4521, 4019, 3516, 3014, 2512, 2009, 1507, 1005, 502, 0, 0, 0, 502, 6237, 
41601, 42600, 9823, 8827, 8507, 8047, 6028, 5526, 5023, 4521, 4019, 3516, 3014, 2512, 2009, 1507, 1005, 502, 0, 0, 0, 6690, 
41653, 42652, 10240, 9286, 8981, 8546, 6531, 6028, 5526, 5023, 4521, 4019, 3516, 3014, 2512, 2009, 1507, 1005, 502, 0, 0, 7149, 
38451, 39454, 8603, 6653, 5836, 3969, 2512, 2553, 2675, 2868, 3120, 3421, 3760, 4129, 4521, 4931, 5356, 5792, 6237, 6690, 7149, 0, 
Optimal total distance (scaled) for 22 points: 51167
Optimal total distance for 22 points: 312.056873
Corresponding path (0-indexed):
Point #2
Point #3
Point #4
Point #5
Point #6
Point #7
Point #8
Point #9
Point #10
Point #11
Point #12
Point #13
Point #14
Point #15
Point #16
Point #17
Point #18
Point #19
Point #20
Point #21
Point #0
Point #1
Execution time: 718 ms

Elapsed time: 718 ms


Execution #2/10000

Seed: 2
Estimated max possible cost 362.698203
for path: 
0 1 2 3 4 5 6 7 8 9 10 11 12 13 14 15 16 17 18 19 20 21 
Execution time: 704 ms

Elapsed time: 1422 ms


Execution #3/10000

Seed: 3
Estimated max possible cost 362.698203
for path: 
0 1 2 3 4 5 6 7 8 9 10 11 12 13 14 15 16 17 18 19 20 21 
Execution time: 731 ms

Elapsed time: 2153 ms


Execution #4/10000

Seed: 4
Estimated max possible cost 362.698203
for path: 
0 1 2 3 4 5 6 7 8 9 10 11 12 13 14 15 16 17 18 19 20 21 
Execution time: 667 ms

Elapsed time: 2820 ms


Execution #5/10000

Seed: 5
Estimated max possible cost 362.698203
for path: 
0 1 2 3 4 5 6 7 8 9 10 11 12 13 14 15 16 17 18 19 20 21 
Execution time: 776 ms

Elapsed time: 3596 ms


Execution #6/10000

Seed: 6
Estimated max possible cost 362.698203
for path: 
0 1 2 3 4 5 6 7 8 9 10 11 12 13 14 15 16 17 18 19 20 21 
Execution time: 678 ms

Elapsed time: 4274 ms


Execution #7/10000

Seed: 7
Estimated max possible cost 362.698203
for path: 
0 1 2 3 4 5 6 7 8 9 10 11 12 13 14 15 16 17 18 19 20 21 
Execution time: 703 ms

Elapsed time: 4977 ms


Execution #8/10000

Seed: 8
Estimated max possible cost 362.698203
for path: 
0 1 2 3 4 5 6 7 8 9 10 11 12 13 14 15 16 17 18 19 20 21 
Execution time: 697 ms

Elapsed time: 5674 ms


Execution #9/10000

Seed: 9
Estimated max possible cost 362.698203
for path: 
0 1 2 3 4 5 6 7 8 9 10 11 12 13 14 15 16 17 18 19 20 21 
Execution time: 787 ms

Elapsed time: 6461 ms


Execution #10/10000

Seed: 10
Estimated max possible cost 362.698203
for path: 
0 1 2 3 4 5 6 7 8 9 10 11 12 13 14 15 16 17 18 19 20 21 
Execution time: 780 ms

Elapsed time: 7241 ms


Execution #11/10000

Seed: 11
Estimated max possible cost 362.698203
for path: 
0 1 2 3 4 5 6 7 8 9 10 11 12 13 14 15 16 17 18 19 20 21 
Execution time: 742 ms

Elapsed time: 7983 ms


Execution #12/10000

Seed: 12
Estimated max possible cost 362.698203
for path: 
0 1 2 3 4 5 6 7 8 9 10 11 12 13 14 15 16 17 18 19 20 21 
Execution time: 763 ms

Elapsed time: 8746 ms


Execution #13/10000

Seed: 13
Estimated max possible cost 362.698203
for path: 
0 1 2 3 4 5 6 7 8 9 10 11 12 13 14 15 16 17 18 19 20 21 
Execution time: 665 ms

Elapsed time: 9411 ms


Execution #14/10000

Seed: 14
Estimated max possible cost 362.698203
for path: 
0 1 2 3 4 5 6 7 8 9 10 11 12 13 14 15 16 17 18 19 20 21 
Execution time: 724 ms

Elapsed time: 10135 ms


Execution #15/10000

Seed: 15
Estimated max possible cost 362.698203
for path: 
0 1 2 3 4 5 6 7 8 9 10 11 12 13 14 15 16 17 18 19 20 21 
Execution time: 721 ms

Elapsed time: 10856 ms


Execution #16/10000

Seed: 16
Estimated max possible cost 362.698203
for path: 
0 1 2 3 4 5 6 7 8 9 10 11 12 13 14 15 16 17 18 19 20 21 
Execution time: 741 ms

Elapsed time: 11597 ms


Execution #17/10000

Seed: 17
Estimated max possible cost 362.698203
for path: 
0 1 2 3 4 5 6 7 8 9 10 11 12 13 14 15 16 17 18 19 20 21 
Execution time: 740 ms

Elapsed time: 12337 ms


Execution #18/10000

Seed: 18
Estimated max possible cost 362.698203
for path: 
0 1 2 3 4 5 6 7 8 9 10 11 12 13 14 15 16 17 18 19 20 21 
Execution time: 741 ms

Elapsed time: 13078 ms


Execution #19/10000

Seed: 19
Estimated max possible cost 362.698203
for path: 
0 1 2 3 4 5 6 7 8 9 10 11 12 13 14 15 16 17 18 19 20 21 
Execution time: 747 ms

Elapsed time: 13825 ms


Execution #20/10000

Seed: 20
Estimated max possible cost 362.698203
for path: 
0 1 2 3 4 5 6 7 8 9 10 11 12 13 14 15 16 17 18 19 20 21 
Execution time: 685 ms

Elapsed time: 14510 ms


Execution #21/10000

Seed: 21
Estimated max possible cost 362.698203
for path: 
0 1 2 3 4 5 6 7 8 9 10 11 12 13 14 15 16 17 18 19 20 21 
Execution time: 689 ms

Elapsed time: 15199 ms


Execution #22/10000

Seed: 22
Estimated max possible cost 362.698203
for path: 
0 1 2 3 4 5 6 7 8 9 10 11 12 13 14 15 16 17 18 19 20 21 
Execution time: 696 ms

Elapsed time: 15895 ms


Execution #23/10000

Seed: 23
Estimated max possible cost 362.698203
for path: 
0 1 2 3 4 5 6 7 8 9 10 11 12 13 14 15 16 17 18 19 20 21 
Execution time: 825 ms

Elapsed time: 16720 ms


Execution #24/10000

Seed: 24
Estimated max possible cost 362.698203
for path: 
0 1 2 3 4 5 6 7 8 9 10 11 12 13 14 15 16 17 18 19 20 21 
Execution time: 696 ms

Elapsed time: 17416 ms


Execution #25/10000

Seed: 25
Estimated max possible cost 362.698203
for path: 
0 1 2 3 4 5 6 7 8 9 10 11 12 13 14 15 16 17 18 19 20 21 
Execution time: 784 ms

Elapsed time: 18200 ms


Execution #26/10000

Seed: 26
Estimated max possible cost 362.698203
for path: 
0 1 2 3 4 5 6 7 8 9 10 11 12 13 14 15 16 17 18 19 20 21 
Execution time: 761 ms

Elapsed time: 18961 ms


Execution #27/10000

Seed: 27
Estimated max possible cost 362.698203
for path: 
0 1 2 3 4 5 6 7 8 9 10 11 12 13 14 15 16 17 18 19 20 21 
Execution time: 732 ms

Elapsed time: 19693 ms


Execution #28/10000

Seed: 28
Estimated max possible cost 362.698203
for path: 
0 1 2 3 4 5 6 7 8 9 10 11 12 13 14 15 16 17 18 19 20 21 
Execution time: 724 ms

Elapsed time: 20417 ms


Execution #29/10000

Seed: 29
Estimated max possible cost 362.698203
for path: 
0 1 2 3 4 5 6 7 8 9 10 11 12 13 14 15 16 17 18 19 20 21 
Execution time: 804 ms

Elapsed time: 21221 ms


Execution #30/10000

Seed: 30
Estimated max possible cost 362.698203
for path: 
0 1 2 3 4 5 6 7 8 9 10 11 12 13 14 15 16 17 18 19 20 21 
Execution time: 730 ms

Elapsed time: 21951 ms


Execution #31/10000

Seed: 31
Estimated max possible cost 362.698203
for path: 
0 1 2 3 4 5 6 7 8 9 10 11 12 13 14 15 16 17 18 19 20 21 
Execution time: 809 ms

Elapsed time: 22760 ms


Execution #32/10000

Seed: 32
Estimated max possible cost 362.698203
for path: 
0 1 2 3 4 5 6 7 8 9 10 11 12 13 14 15 16 17 18 19 20 21 
Execution time: 803 ms

Elapsed time: 23563 ms


Execution #33/10000

Seed: 33
Estimated max possible cost 362.698203
for path: 
0 1 2 3 4 5 6 7 8 9 10 11 12 13 14 15 16 17 18 19 20 21 
Execution time: 719 ms

Elapsed time: 24282 ms


Execution #34/10000

Seed: 34
Estimated max possible cost 362.698203
for path: 
0 1 2 3 4 5 6 7 8 9 10 11 12 13 14 15 16 17 18 19 20 21 
Execution time: 703 ms

Elapsed time: 24985 ms


Execution #35/10000

Seed: 35
Estimated max possible cost 362.698203
for path: 
0 1 2 3 4 5 6 7 8 9 10 11 12 13 14 15 16 17 18 19 20 21 
Execution time: 761 ms

Elapsed time: 25746 ms


Execution #36/10000

Seed: 36
Estimated max possible cost 362.698203
for path: 
0 1 2 3 4 5 6 7 8 9 10 11 12 13 14 15 16 17 18 19 20 21 
Execution time: 766 ms

Elapsed time: 26512 ms


Execution #37/10000

Seed: 37
Estimated max possible cost 362.698203
for path: 
0 1 2 3 4 5 6 7 8 9 10 11 12 13 14 15 16 17 18 19 20 21 
Execution time: 652 ms

Elapsed time: 27164 ms


Execution #38/10000

Seed: 38
Estimated max possible cost 362.698203
for path: 
0 1 2 3 4 5 6 7 8 9 10 11 12 13 14 15 16 17 18 19 20 21 
Execution time: 785 ms

Elapsed time: 27949 ms


Execution #39/10000

Seed: 39
Estimated max possible cost 362.698203
for path: 
0 1 2 3 4 5 6 7 8 9 10 11 12 13 14 15 16 17 18 19 20 21 
Execution time: 758 ms

Elapsed time: 28707 ms


Execution #40/10000

Seed: 40
Estimated max possible cost 362.698203
for path: 
0 1 2 3 4 5 6 7 8 9 10 11 12 13 14 15 16 17 18 19 20 21 
Execution time: 802 ms

Elapsed time: 29509 ms


Execution #41/10000

Seed: 41
Estimated max possible cost 362.698203
for path: 
0 1 2 3 4 5 6 7 8 9 10 11 12 13 14 15 16 17 18 19 20 21 
Execution time: 682 ms

Elapsed time: 30191 ms


Execution #42/10000

Seed: 42
Estimated max possible cost 362.698203
for path: 
0 1 2 3 4 5 6 7 8 9 10 11 12 13 14 15 16 17 18 19 20 21 
Execution time: 902 ms

Elapsed time: 31093 ms


Execution #43/10000

Seed: 43
Estimated max possible cost 362.698203
for path: 
0 1 2 3 4 5 6 7 8 9 10 11 12 13 14 15 16 17 18 19 20 21 
Execution time: 718 ms

Elapsed time: 31811 ms


Execution #44/10000

Seed: 44
Estimated max possible cost 362.698203
for path: 
0 1 2 3 4 5 6 7 8 9 10 11 12 13 14 15 16 17 18 19 20 21 
Execution time: 761 ms

Elapsed time: 32572 ms


Execution #45/10000

Seed: 45
Estimated max possible cost 362.698203
for path: 
0 1 2 3 4 5 6 7 8 9 10 11 12 13 14 15 16 17 18 19 20 21 
Execution time: 748 ms

Elapsed time: 33320 ms


Execution #46/10000

Seed: 46
Estimated max possible cost 362.698203
for path: 
0 1 2 3 4 5 6 7 8 9 10 11 12 13 14 15 16 17 18 19 20 21 
Execution time: 684 ms

Elapsed time: 34004 ms


Execution #47/10000

Seed: 47
Estimated max possible cost 362.698203
for path: 
0 1 2 3 4 5 6 7 8 9 10 11 12 13 14 15 16 17 18 19 20 21 
Execution time: 813 ms

Elapsed time: 34817 ms


Execution #48/10000

Seed: 48
Estimated max possible cost 362.698203
for path: 
0 1 2 3 4 5 6 7 8 9 10 11 12 13 14 15 16 17 18 19 20 21 
Execution time: 772 ms

Elapsed time: 35589 ms


Execution #49/10000

Seed: 49
Estimated max possible cost 362.698203
for path: 
0 1 2 3 4 5 6 7 8 9 10 11 12 13 14 15 16 17 18 19 20 21 
Execution time: 717 ms

Elapsed time: 36306 ms


Execution #50/10000

Seed: 50
Estimated max possible cost 362.698203
for path: 
0 1 2 3 4 5 6 7 8 9 10 11 12 13 14 15 16 17 18 19 20 21 
Execution time: 746 ms

Elapsed time: 37052 ms


Execution #51/10000

Seed: 51
Estimated max possible cost 362.698203
for path: 
0 1 2 3 4 5 6 7 8 9 10 11 12 13 14 15 16 17 18 19 20 21 
Execution time: 747 ms

Elapsed time: 37799 ms


Execution #52/10000

Seed: 52
Estimated max possible cost 362.698203
for path: 
0 1 2 3 4 5 6 7 8 9 10 11 12 13 14 15 16 17 18 19 20 21 
Execution time: 747 ms

Elapsed time: 38546 ms


Execution #53/10000

Seed: 53
Estimated max possible cost 362.698203
for path: 
0 1 2 3 4 5 6 7 8 9 10 11 12 13 14 15 16 17 18 19 20 21 
Execution time: 683 ms

Elapsed time: 39229 ms


Execution #54/10000

Seed: 54
Estimated max possible cost 362.698203
for path: 
0 1 2 3 4 5 6 7 8 9 10 11 12 13 14 15 16 17 18 19 20 21 
Execution time: 662 ms

Elapsed time: 39891 ms


Execution #55/10000

Seed: 55
Estimated max possible cost 362.698203
for path: 
0 1 2 3 4 5 6 7 8 9 10 11 12 13 14 15 16 17 18 19 20 21 
Execution time: 807 ms

Elapsed time: 40698 ms


Execution #56/10000

Seed: 56
Estimated max possible cost 362.698203
for path: 
0 1 2 3 4 5 6 7 8 9 10 11 12 13 14 15 16 17 18 19 20 21 
Execution time: 683 ms

Elapsed time: 41381 ms


Execution #57/10000

Seed: 57
Estimated max possible cost 362.698203
for path: 
0 1 2 3 4 5 6 7 8 9 10 11 12 13 14 15 16 17 18 19 20 21 
Execution time: 677 ms

Elapsed time: 42058 ms


Execution #58/10000

Seed: 58
Estimated max possible cost 362.698203
for path: 
0 1 2 3 4 5 6 7 8 9 10 11 12 13 14 15 16 17 18 19 20 21 
Execution time: 671 ms

Elapsed time: 42729 ms


Execution #59/10000

Seed: 59
Estimated max possible cost 362.698203
for path: 
0 1 2 3 4 5 6 7 8 9 10 11 12 13 14 15 16 17 18 19 20 21 
Execution time: 857 ms

Elapsed time: 43586 ms


Execution #60/10000

Seed: 60
Estimated max possible cost 362.698203
for path: 
0 1 2 3 4 5 6 7 8 9 10 11 12 13 14 15 16 17 18 19 20 21 
Execution time: 747 ms

Elapsed time: 44333 ms


Execution #61/10000

Seed: 61
Estimated max possible cost 362.698203
for path: 
0 1 2 3 4 5 6 7 8 9 10 11 12 13 14 15 16 17 18 19 20 21 
Execution time: 754 ms

Elapsed time: 45087 ms


Execution #62/10000

Seed: 62
Estimated max possible cost 362.698203
for path: 
0 1 2 3 4 5 6 7 8 9 10 11 12 13 14 15 16 17 18 19 20 21 
Execution time: 736 ms

Elapsed time: 45823 ms


Execution #63/10000

Seed: 63
Estimated max possible cost 362.698203
for path: 
0 1 2 3 4 5 6 7 8 9 10 11 12 13 14 15 16 17 18 19 20 21 
Execution time: 811 ms

Elapsed time: 46634 ms


Execution #64/10000

Seed: 64
Estimated max possible cost 362.698203
for path: 
0 1 2 3 4 5 6 7 8 9 10 11 12 13 14 15 16 17 18 19 20 21 
Execution time: 769 ms

Elapsed time: 47403 ms


Execution #65/10000

Seed: 65
Estimated max possible cost 362.698203
for path: 
0 1 2 3 4 5 6 7 8 9 10 11 12 13 14 15 16 17 18 19 20 21 
Execution time: 846 ms

Elapsed time: 48249 ms


Execution #66/10000

Seed: 66
Estimated max possible cost 362.698203
for path: 
0 1 2 3 4 5 6 7 8 9 10 11 12 13 14 15 16 17 18 19 20 21 
Execution time: 684 ms

Elapsed time: 48933 ms


Execution #67/10000

Seed: 67
Estimated max possible cost 362.698203
for path: 
0 1 2 3 4 5 6 7 8 9 10 11 12 13 14 15 16 17 18 19 20 21 
Execution time: 780 ms

Elapsed time: 49713 ms


Execution #68/10000

Seed: 68
Estimated max possible cost 362.698203
for path: 
0 1 2 3 4 5 6 7 8 9 10 11 12 13 14 15 16 17 18 19 20 21 
Execution time: 726 ms

Elapsed time: 50439 ms


Execution #69/10000

Seed: 69
Estimated max possible cost 362.698203
for path: 
0 1 2 3 4 5 6 7 8 9 10 11 12 13 14 15 16 17 18 19 20 21 
Execution time: 753 ms

Elapsed time: 51192 ms


Execution #70/10000

Seed: 70
Estimated max possible cost 362.698203
for path: 
0 1 2 3 4 5 6 7 8 9 10 11 12 13 14 15 16 17 18 19 20 21 
Execution time: 727 ms

Elapsed time: 51919 ms


Execution #71/10000

Seed: 71
Estimated max possible cost 362.698203
for path: 
0 1 2 3 4 5 6 7 8 9 10 11 12 13 14 15 16 17 18 19 20 21 
Execution time: 746 ms

Elapsed time: 52665 ms


Execution #72/10000

Seed: 72
Estimated max possible cost 362.698203
for path: 
0 1 2 3 4 5 6 7 8 9 10 11 12 13 14 15 16 17 18 19 20 21 
Execution time: 860 ms

Elapsed time: 53525 ms


Execution #73/10000

Seed: 73
Estimated max possible cost 362.698203
for path: 
0 1 2 3 4 5 6 7 8 9 10 11 12 13 14 15 16 17 18 19 20 21 
Execution time: 748 ms

Elapsed time: 54273 ms


Execution #74/10000

Seed: 74
Estimated max possible cost 362.698203
for path: 
0 1 2 3 4 5 6 7 8 9 10 11 12 13 14 15 16 17 18 19 20 21 
Execution time: 829 ms

Elapsed time: 55102 ms


Execution #75/10000

Seed: 75
Estimated max possible cost 362.698203
for path: 
0 1 2 3 4 5 6 7 8 9 10 11 12 13 14 15 16 17 18 19 20 21 
Execution time: 730 ms

Elapsed time: 55832 ms


Execution #76/10000

Seed: 76
Estimated max possible cost 362.698203
for path: 
0 1 2 3 4 5 6 7 8 9 10 11 12 13 14 15 16 17 18 19 20 21 
Execution time: 696 ms

Elapsed time: 56528 ms


Execution #77/10000

Seed: 77
Estimated max possible cost 362.698203
for path: 
0 1 2 3 4 5 6 7 8 9 10 11 12 13 14 15 16 17 18 19 20 21 
Execution time: 805 ms

Elapsed time: 57333 ms


Execution #78/10000

Seed: 78
Estimated max possible cost 362.698203
for path: 
0 1 2 3 4 5 6 7 8 9 10 11 12 13 14 15 16 17 18 19 20 21 
Execution time: 726 ms

Elapsed time: 58059 ms


Execution #79/10000

Seed: 79
Estimated max possible cost 362.698203
for path: 
0 1 2 3 4 5 6 7 8 9 10 11 12 13 14 15 16 17 18 19 20 21 
Execution time: 792 ms

Elapsed time: 58851 ms


Execution #80/10000

Seed: 80
Estimated max possible cost 362.698203
for path: 
0 1 2 3 4 5 6 7 8 9 10 11 12 13 14 15 16 17 18 19 20 21 
Execution time: 789 ms

Elapsed time: 59640 ms


Execution #81/10000

Seed: 81
Estimated max possible cost 362.698203
for path: 
0 1 2 3 4 5 6 7 8 9 10 11 12 13 14 15 16 17 18 19 20 21 
Execution time: 661 ms

Elapsed time: 60301 ms


Execution #82/10000

Seed: 82
Estimated max possible cost 362.698203
for path: 
0 1 2 3 4 5 6 7 8 9 10 11 12 13 14 15 16 17 18 19 20 21 
Execution time: 845 ms

Elapsed time: 61146 ms


Execution #83/10000

Seed: 83
Estimated max possible cost 362.698203
for path: 
0 1 2 3 4 5 6 7 8 9 10 11 12 13 14 15 16 17 18 19 20 21 
Execution time: 810 ms

Elapsed time: 61956 ms


Execution #84/10000

Seed: 84
Estimated max possible cost 362.698203
for path: 
0 1 2 3 4 5 6 7 8 9 10 11 12 13 14 15 16 17 18 19 20 21 
Execution time: 718 ms

Elapsed time: 62674 ms


Execution #85/10000

Seed: 85
Estimated max possible cost 362.698203
for path: 
0 1 2 3 4 5 6 7 8 9 10 11 12 13 14 15 16 17 18 19 20 21 
Execution time: 829 ms

Elapsed time: 63503 ms


Execution #86/10000

Seed: 86
Estimated max possible cost 362.698203
for path: 
0 1 2 3 4 5 6 7 8 9 10 11 12 13 14 15 16 17 18 19 20 21 
Execution time: 744 ms

Elapsed time: 64247 ms


Execution #87/10000

Seed: 87
Estimated max possible cost 362.698203
for path: 
0 1 2 3 4 5 6 7 8 9 10 11 12 13 14 15 16 17 18 19 20 21 
Execution time: 722 ms

Elapsed time: 64969 ms


Execution #88/10000

Seed: 88
Estimated max possible cost 362.698203
for path: 
0 1 2 3 4 5 6 7 8 9 10 11 12 13 14 15 16 17 18 19 20 21 
Execution time: 761 ms

Elapsed time: 65730 ms


Execution #89/10000

Seed: 89
Estimated max possible cost 362.698203
for path: 
0 1 2 3 4 5 6 7 8 9 10 11 12 13 14 15 16 17 18 19 20 21 
Execution time: 737 ms

Elapsed time: 66467 ms


Execution #90/10000

Seed: 90
Estimated max possible cost 362.698203
for path: 
0 1 2 3 4 5 6 7 8 9 10 11 12 13 14 15 16 17 18 19 20 21 
Execution time: 788 ms

Elapsed time: 67255 ms


Execution #91/10000

Seed: 91
Estimated max possible cost 362.698203
for path: 
0 1 2 3 4 5 6 7 8 9 10 11 12 13 14 15 16 17 18 19 20 21 
Execution time: 774 ms

Elapsed time: 68029 ms


Execution #92/10000

Seed: 92
Estimated max possible cost 362.698203
for path: 
0 1 2 3 4 5 6 7 8 9 10 11 12 13 14 15 16 17 18 19 20 21 
Execution time: 767 ms

Elapsed time: 68796 ms


Execution #93/10000

Seed: 93
Estimated max possible cost 362.698203
for path: 
0 1 2 3 4 5 6 7 8 9 10 11 12 13 14 15 16 17 18 19 20 21 
Execution time: 721 ms

Elapsed time: 69517 ms


Execution #94/10000

Seed: 94
Estimated max possible cost 362.698203
for path: 
0 1 2 3 4 5 6 7 8 9 10 11 12 13 14 15 16 17 18 19 20 21 
Execution time: 774 ms

Elapsed time: 70291 ms


Execution #95/10000

Seed: 95
Estimated max possible cost 362.698203
for path: 
0 1 2 3 4 5 6 7 8 9 10 11 12 13 14 15 16 17 18 19 20 21 
Execution time: 722 ms

Elapsed time: 71013 ms


Execution #96/10000

Seed: 96
Estimated max possible cost 362.698203
for path: 
0 1 2 3 4 5 6 7 8 9 10 11 12 13 14 15 16 17 18 19 20 21 
Execution time: 787 ms

Elapsed time: 71800 ms


Execution #97/10000

Seed: 97
Estimated max possible cost 362.698203
for path: 
0 1 2 3 4 5 6 7 8 9 10 11 12 13 14 15 16 17 18 19 20 21 
Execution time: 754 ms

Elapsed time: 72554 ms


Execution #98/10000

Seed: 98
Estimated max possible cost 362.698203
for path: 
0 1 2 3 4 5 6 7 8 9 10 11 12 13 14 15 16 17 18 19 20 21 
Execution time: 680 ms

Elapsed time: 73234 ms


Execution #99/10000

Seed: 99
Estimated max possible cost 362.698203
for path: 
0 1 2 3 4 5 6 7 8 9 10 11 12 13 14 15 16 17 18 19 20 21 
Execution time: 796 ms

Elapsed time: 74030 ms


Execution #100/10000

Seed: 100
Estimated max possible cost 362.698203
for path: 
0 1 2 3 4 5 6 7 8 9 10 11 12 13 14 15 16 17 18 19 20 21 
Execution time: 819 ms

Elapsed time: 74849 ms


Execution #101/10000

Seed: 101
Estimated max possible cost 362.698203
for path: 
0 1 2 3 4 5 6 7 8 9 10 11 12 13 14 15 16 17 18 19 20 21 
Execution time: 703 ms

Elapsed time: 75552 ms


Execution #102/10000

Seed: 102
Estimated max possible cost 362.698203
for path: 
0 1 2 3 4 5 6 7 8 9 10 11 12 13 14 15 16 17 18 19 20 21 
Execution time: 791 ms

Elapsed time: 76343 ms


Execution #103/10000

Seed: 103
Estimated max possible cost 362.698203
for path: 
0 1 2 3 4 5 6 7 8 9 10 11 12 13 14 15 16 17 18 19 20 21 
Execution time: 753 ms

Elapsed time: 77096 ms


Execution #104/10000

Seed: 104
Estimated max possible cost 362.698203
for path: 
0 1 2 3 4 5 6 7 8 9 10 11 12 13 14 15 16 17 18 19 20 21 
Execution time: 683 ms

Elapsed time: 77779 ms


Execution #105/10000

Seed: 105
Estimated max possible cost 362.698203
for path: 
0 1 2 3 4 5 6 7 8 9 10 11 12 13 14 15 16 17 18 19 20 21 
Execution time: 692 ms

Elapsed time: 78471 ms


Execution #106/10000

Seed: 106
Estimated max possible cost 362.698203
for path: 
0 1 2 3 4 5 6 7 8 9 10 11 12 13 14 15 16 17 18 19 20 21 
Execution time: 766 ms

Elapsed time: 79237 ms


Execution #107/10000

Seed: 107
Estimated max possible cost 362.698203
for path: 
0 1 2 3 4 5 6 7 8 9 10 11 12 13 14 15 16 17 18 19 20 21 
Execution time: 720 ms

Elapsed time: 79957 ms


Execution #108/10000

Seed: 108
Estimated max possible cost 362.698203
for path: 
0 1 2 3 4 5 6 7 8 9 10 11 12 13 14 15 16 17 18 19 20 21 
Execution time: 735 ms

Elapsed time: 80692 ms


Execution #109/10000

Seed: 109
Estimated max possible cost 362.698203
for path: 
0 1 2 3 4 5 6 7 8 9 10 11 12 13 14 15 16 17 18 19 20 21 
Execution time: 794 ms

Elapsed time: 81486 ms


Execution #110/10000

Seed: 110
Estimated max possible cost 362.698203
for path: 
0 1 2 3 4 5 6 7 8 9 10 11 12 13 14 15 16 17 18 19 20 21 
Execution time: 786 ms

Elapsed time: 82272 ms


Execution #111/10000

Seed: 111
Estimated max possible cost 362.698203
for path: 
0 1 2 3 4 5 6 7 8 9 10 11 12 13 14 15 16 17 18 19 20 21 
Execution time: 857 ms

Elapsed time: 83129 ms


Execution #112/10000

Seed: 112
Estimated max possible cost 362.698203
for path: 
0 1 2 3 4 5 6 7 8 9 10 11 12 13 14 15 16 17 18 19 20 21 
Execution time: 829 ms

Elapsed time: 83958 ms


Execution #113/10000

Seed: 113
Estimated max possible cost 362.698203
for path: 
0 1 2 3 4 5 6 7 8 9 10 11 12 13 14 15 16 17 18 19 20 21 
Execution time: 667 ms

Elapsed time: 84625 ms


Execution #114/10000

Seed: 114
Estimated max possible cost 362.698203
for path: 
0 1 2 3 4 5 6 7 8 9 10 11 12 13 14 15 16 17 18 19 20 21 
Execution time: 737 ms

Elapsed time: 85362 ms


Execution #115/10000

Seed: 115
Estimated max possible cost 362.698203
for path: 
0 1 2 3 4 5 6 7 8 9 10 11 12 13 14 15 16 17 18 19 20 21 
Execution time: 725 ms

Elapsed time: 86087 ms


Execution #116/10000

Seed: 116
Estimated max possible cost 362.698203
for path: 
0 1 2 3 4 5 6 7 8 9 10 11 12 13 14 15 16 17 18 19 20 21 
Execution time: 780 ms

Elapsed time: 86867 ms


Execution #117/10000

Seed: 117
Estimated max possible cost 362.698203
for path: 
0 1 2 3 4 5 6 7 8 9 10 11 12 13 14 15 16 17 18 19 20 21 
Execution time: 795 ms

Elapsed time: 87662 ms


Execution #118/10000

Seed: 118
Estimated max possible cost 362.698203
for path: 
0 1 2 3 4 5 6 7 8 9 10 11 12 13 14 15 16 17 18 19 20 21 
Execution time: 686 ms

Elapsed time: 88348 ms


Execution #119/10000

Seed: 119
Estimated max possible cost 362.698203
for path: 
0 1 2 3 4 5 6 7 8 9 10 11 12 13 14 15 16 17 18 19 20 21 
Execution time: 792 ms

Elapsed time: 89140 ms


Execution #120/10000

Seed: 120
Estimated max possible cost 362.698203
for path: 
0 1 2 3 4 5 6 7 8 9 10 11 12 13 14 15 16 17 18 19 20 21 
Execution time: 739 ms

Elapsed time: 89879 ms


Execution #121/10000

Seed: 121
Estimated max possible cost 362.698203
for path: 
0 1 2 3 4 5 6 7 8 9 10 11 12 13 14 15 16 17 18 19 20 21 
Execution time: 685 ms

Elapsed time: 90564 ms


Execution #122/10000

Seed: 122
Estimated max possible cost 362.698203
for path: 
0 1 2 3 4 5 6 7 8 9 10 11 12 13 14 15 16 17 18 19 20 21 
Execution time: 761 ms

Elapsed time: 91325 ms


Execution #123/10000

Seed: 123
Estimated max possible cost 362.698203
for path: 
0 1 2 3 4 5 6 7 8 9 10 11 12 13 14 15 16 17 18 19 20 21 
Execution time: 743 ms

Elapsed time: 92068 ms


Execution #124/10000

Seed: 124
Estimated max possible cost 362.698203
for path: 
0 1 2 3 4 5 6 7 8 9 10 11 12 13 14 15 16 17 18 19 20 21 
Execution time: 764 ms

Elapsed time: 92832 ms


Execution #125/10000

Seed: 125
Estimated max possible cost 362.698203
for path: 
0 1 2 3 4 5 6 7 8 9 10 11 12 13 14 15 16 17 18 19 20 21 
Execution time: 679 ms

Elapsed time: 93511 ms


Execution #126/10000

Seed: 126
Estimated max possible cost 362.698203
for path: 
0 1 2 3 4 5 6 7 8 9 10 11 12 13 14 15 16 17 18 19 20 21 
Execution time: 713 ms

Elapsed time: 94224 ms


Execution #127/10000

Seed: 127
Estimated max possible cost 362.698203
for path: 
0 1 2 3 4 5 6 7 8 9 10 11 12 13 14 15 16 17 18 19 20 21 
Execution time: 738 ms

Elapsed time: 94962 ms


Execution #128/10000

Seed: 128
Estimated max possible cost 362.698203
for path: 
0 1 2 3 4 5 6 7 8 9 10 11 12 13 14 15 16 17 18 19 20 21 
Execution time: 828 ms

Elapsed time: 95790 ms


Execution #129/10000

Seed: 129
Estimated max possible cost 362.698203
for path: 
0 1 2 3 4 5 6 7 8 9 10 11 12 13 14 15 16 17 18 19 20 21 
Execution time: 701 ms

Elapsed time: 96491 ms


Execution #130/10000

Seed: 130
Estimated max possible cost 362.698203
for path: 
0 1 2 3 4 5 6 7 8 9 10 11 12 13 14 15 16 17 18 19 20 21 
Execution time: 741 ms

Elapsed time: 97232 ms


Execution #131/10000

Seed: 131
Estimated max possible cost 362.698203
for path: 
0 1 2 3 4 5 6 7 8 9 10 11 12 13 14 15 16 17 18 19 20 21 
Execution time: 739 ms

Elapsed time: 97971 ms


Execution #132/10000

Seed: 132
Estimated max possible cost 362.698203
for path: 
0 1 2 3 4 5 6 7 8 9 10 11 12 13 14 15 16 17 18 19 20 21 
Execution time: 720 ms

Elapsed time: 98691 ms


Execution #133/10000

Seed: 133
Estimated max possible cost 362.698203
for path: 
0 1 2 3 4 5 6 7 8 9 10 11 12 13 14 15 16 17 18 19 20 21 
Execution time: 776 ms

Elapsed time: 99467 ms


Execution #134/10000

Seed: 134
Estimated max possible cost 362.698203
for path: 
0 1 2 3 4 5 6 7 8 9 10 11 12 13 14 15 16 17 18 19 20 21 
Execution time: 808 ms

Elapsed time: 100275 ms


Execution #135/10000

Seed: 135
Estimated max possible cost 362.698203
for path: 
0 1 2 3 4 5 6 7 8 9 10 11 12 13 14 15 16 17 18 19 20 21 
Execution time: 744 ms

Elapsed time: 101019 ms


Execution #136/10000

Seed: 136
Estimated max possible cost 362.698203
for path: 
0 1 2 3 4 5 6 7 8 9 10 11 12 13 14 15 16 17 18 19 20 21 
Execution time: 742 ms

Elapsed time: 101761 ms


Execution #137/10000

Seed: 137
Estimated max possible cost 362.698203
for path: 
0 1 2 3 4 5 6 7 8 9 10 11 12 13 14 15 16 17 18 19 20 21 
Execution time: 733 ms

Elapsed time: 102494 ms


Execution #138/10000

Seed: 138
Estimated max possible cost 362.698203
for path: 
0 1 2 3 4 5 6 7 8 9 10 11 12 13 14 15 16 17 18 19 20 21 
Execution time: 784 ms

Elapsed time: 103278 ms


Execution #139/10000

Seed: 139
Estimated max possible cost 362.698203
for path: 
0 1 2 3 4 5 6 7 8 9 10 11 12 13 14 15 16 17 18 19 20 21 
Execution time: 735 ms

Elapsed time: 104013 ms


Execution #140/10000

Seed: 140
Estimated max possible cost 362.698203
for path: 
0 1 2 3 4 5 6 7 8 9 10 11 12 13 14 15 16 17 18 19 20 21 
Execution time: 725 ms

Elapsed time: 104738 ms


Execution #141/10000

Seed: 141
Estimated max possible cost 362.698203
for path: 
0 1 2 3 4 5 6 7 8 9 10 11 12 13 14 15 16 17 18 19 20 21 
Execution time: 682 ms

Elapsed time: 105420 ms


Execution #142/10000

Seed: 142
Estimated max possible cost 362.698203
for path: 
0 1 2 3 4 5 6 7 8 9 10 11 12 13 14 15 16 17 18 19 20 21 
Execution time: 722 ms

Elapsed time: 106142 ms


Execution #143/10000

Seed: 143
Estimated max possible cost 362.698203
for path: 
0 1 2 3 4 5 6 7 8 9 10 11 12 13 14 15 16 17 18 19 20 21 
Execution time: 826 ms

Elapsed time: 106968 ms


Execution #144/10000

Seed: 144
Estimated max possible cost 362.698203
for path: 
0 1 2 3 4 5 6 7 8 9 10 11 12 13 14 15 16 17 18 19 20 21 
Execution time: 782 ms

Elapsed time: 107750 ms


Execution #145/10000

Seed: 145
Estimated max possible cost 362.698203
for path: 
0 1 2 3 4 5 6 7 8 9 10 11 12 13 14 15 16 17 18 19 20 21 
Execution time: 760 ms

Elapsed time: 108510 ms


Execution #146/10000

Seed: 146
Estimated max possible cost 362.698203
for path: 
0 1 2 3 4 5 6 7 8 9 10 11 12 13 14 15 16 17 18 19 20 21 
Execution time: 715 ms

Elapsed time: 109225 ms


Execution #147/10000

Seed: 147
Estimated max possible cost 362.698203
for path: 
0 1 2 3 4 5 6 7 8 9 10 11 12 13 14 15 16 17 18 19 20 21 
Execution time: 731 ms

Elapsed time: 109956 ms


Execution #148/10000

Seed: 148
Estimated max possible cost 362.698203
for path: 
0 1 2 3 4 5 6 7 8 9 10 11 12 13 14 15 16 17 18 19 20 21 
Execution time: 718 ms

Elapsed time: 110674 ms


Execution #149/10000

Seed: 149
Estimated max possible cost 362.698203
for path: 
0 1 2 3 4 5 6 7 8 9 10 11 12 13 14 15 16 17 18 19 20 21 
Execution time: 810 ms

Elapsed time: 111484 ms


Execution #150/10000

Seed: 150
Estimated max possible cost 362.698203
for path: 
0 1 2 3 4 5 6 7 8 9 10 11 12 13 14 15 16 17 18 19 20 21 
Execution time: 746 ms

Elapsed time: 112230 ms


Execution #151/10000

Seed: 151
Estimated max possible cost 362.698203
for path: 
0 1 2 3 4 5 6 7 8 9 10 11 12 13 14 15 16 17 18 19 20 21 
Execution time: 815 ms

Elapsed time: 113045 ms


Execution #152/10000

Seed: 152
Estimated max possible cost 362.698203
for path: 
0 1 2 3 4 5 6 7 8 9 10 11 12 13 14 15 16 17 18 19 20 21 
Execution time: 808 ms

Elapsed time: 113853 ms


Execution #153/10000

Seed: 153
Estimated max possible cost 362.698203
for path: 
0 1 2 3 4 5 6 7 8 9 10 11 12 13 14 15 16 17 18 19 20 21 
Execution time: 749 ms

Elapsed time: 114602 ms


Execution #154/10000

Seed: 154
Estimated max possible cost 362.698203
for path: 
0 1 2 3 4 5 6 7 8 9 10 11 12 13 14 15 16 17 18 19 20 21 
Execution time: 727 ms

Elapsed time: 115329 ms


Execution #155/10000

Seed: 155
Estimated max possible cost 362.698203
for path: 
0 1 2 3 4 5 6 7 8 9 10 11 12 13 14 15 16 17 18 19 20 21 
Execution time: 832 ms

Elapsed time: 116161 ms


Execution #156/10000

Seed: 156
Estimated max possible cost 362.698203
for path: 
0 1 2 3 4 5 6 7 8 9 10 11 12 13 14 15 16 17 18 19 20 21 
Execution time: 771 ms

Elapsed time: 116932 ms


Execution #157/10000

Seed: 157
Estimated max possible cost 362.698203
for path: 
0 1 2 3 4 5 6 7 8 9 10 11 12 13 14 15 16 17 18 19 20 21 
Execution time: 752 ms

Elapsed time: 117684 ms


Execution #158/10000

Seed: 158
Estimated max possible cost 362.698203
for path: 
0 1 2 3 4 5 6 7 8 9 10 11 12 13 14 15 16 17 18 19 20 21 
Execution time: 692 ms

Elapsed time: 118376 ms


Execution #159/10000

Seed: 159
Estimated max possible cost 362.698203
for path: 
0 1 2 3 4 5 6 7 8 9 10 11 12 13 14 15 16 17 18 19 20 21 
Execution time: 743 ms

Elapsed time: 119119 ms


Execution #160/10000

Seed: 160
Estimated max possible cost 362.698203
for path: 
0 1 2 3 4 5 6 7 8 9 10 11 12 13 14 15 16 17 18 19 20 21 
Execution time: 745 ms

Elapsed time: 119864 ms


Execution #161/10000

Seed: 161
Estimated max possible cost 362.698203
for path: 
0 1 2 3 4 5 6 7 8 9 10 11 12 13 14 15 16 17 18 19 20 21 
Execution time: 741 ms

Elapsed time: 120605 ms


Execution #162/10000

Seed: 162
Estimated max possible cost 362.698203
for path: 
0 1 2 3 4 5 6 7 8 9 10 11 12 13 14 15 16 17 18 19 20 21 
Execution time: 788 ms

Elapsed time: 121393 ms


Execution #163/10000

Seed: 163
Estimated max possible cost 362.698203
for path: 
0 1 2 3 4 5 6 7 8 9 10 11 12 13 14 15 16 17 18 19 20 21 
Execution time: 758 ms

Elapsed time: 122151 ms


Execution #164/10000

Seed: 164
Estimated max possible cost 362.698203
for path: 
0 1 2 3 4 5 6 7 8 9 10 11 12 13 14 15 16 17 18 19 20 21 
Execution time: 696 ms

Elapsed time: 122847 ms


Execution #165/10000

Seed: 165
Estimated max possible cost 362.698203
for path: 
0 1 2 3 4 5 6 7 8 9 10 11 12 13 14 15 16 17 18 19 20 21 
Execution time: 719 ms

Elapsed time: 123566 ms


Execution #166/10000

Seed: 166
Estimated max possible cost 362.698203
for path: 
0 1 2 3 4 5 6 7 8 9 10 11 12 13 14 15 16 17 18 19 20 21 
Execution time: 788 ms

Elapsed time: 124354 ms


Execution #167/10000

Seed: 167
Estimated max possible cost 362.698203
for path: 
0 1 2 3 4 5 6 7 8 9 10 11 12 13 14 15 16 17 18 19 20 21 
Execution time: 797 ms

Elapsed time: 125151 ms


Execution #168/10000

Seed: 168
Estimated max possible cost 362.698203
for path: 
0 1 2 3 4 5 6 7 8 9 10 11 12 13 14 15 16 17 18 19 20 21 
Execution time: 681 ms

Elapsed time: 125832 ms


Execution #169/10000

Seed: 169
Estimated max possible cost 362.698203
for path: 
0 1 2 3 4 5 6 7 8 9 10 11 12 13 14 15 16 17 18 19 20 21 
Execution time: 691 ms

Elapsed time: 126523 ms


Execution #170/10000

Seed: 170
Estimated max possible cost 362.698203
for path: 
0 1 2 3 4 5 6 7 8 9 10 11 12 13 14 15 16 17 18 19 20 21 
Execution time: 748 ms

Elapsed time: 127271 ms


Execution #171/10000

Seed: 171
Estimated max possible cost 362.698203
for path: 
0 1 2 3 4 5 6 7 8 9 10 11 12 13 14 15 16 17 18 19 20 21 
Execution time: 721 ms

Elapsed time: 127992 ms


Execution #172/10000

Seed: 172
Estimated max possible cost 362.698203
for path: 
0 1 2 3 4 5 6 7 8 9 10 11 12 13 14 15 16 17 18 19 20 21 
Execution time: 698 ms

Elapsed time: 128690 ms


Execution #173/10000

Seed: 173
Estimated max possible cost 362.698203
for path: 
0 1 2 3 4 5 6 7 8 9 10 11 12 13 14 15 16 17 18 19 20 21 
Execution time: 707 ms

Elapsed time: 129397 ms


Execution #174/10000

Seed: 174
Estimated max possible cost 362.698203
for path: 
0 1 2 3 4 5 6 7 8 9 10 11 12 13 14 15 16 17 18 19 20 21 
Execution time: 748 ms

Elapsed time: 130145 ms


Execution #175/10000

Seed: 175
