Solving SHP


Execution #1/10000

Seed: 1
Estimated max possible cost 365.238203
for path: 
0 1 2 3 4 5 6 7 8 9 10 11 12 13 14 15 16 17 18 19 20 21 22 
Memory needed for path: 25248641 locs, for costs: 26313518 locs.
Desired precision: 1e+12
Mem constraint for cost_t: 16 bits
Rounded to pow of 2 bytes mem constraint (capped at 64bits) for cost_t: 16 bits
Bits needed for an int to preserve precision: 49
Warning: cannot preserve precision.
Warning: Using an integer; there is not enough memory for decimals.
Bits used per cost_t: 16
Selected cost_t = (u)int16_t
Solving with cost_t = t
Memory [GB] needed: 0.0725274
Requested precision is too high;managed to differentiate costs by: 0.001734
Distances:
0, 5.08, 242.54, 232.423, 228.124, 218.013, 212.172, 212.044, 211.947, 211.88, 211.843, 211.837, 211.862, 211.917, 212.002, 212.117, 212.263, 212.44, 212.646, 212.882, 213.149, 196.958, 196.821, 
5.08, 0, 247.599, 237.481, 233.181, 223.068, 217.244, 217.119, 217.024, 216.959, 216.923, 216.917, 216.941, 216.995, 217.078, 217.191, 217.333, 217.505, 217.707, 217.938, 218.198, 202.029, 201.895, 
242.54, 247.599, 0, 10.16, 14.478, 24.638, 31.3255, 32.219, 33.2827, 34.501, 35.8581, 37.3389, 38.9292, 40.6162, 42.3883, 44.2354, 46.1484, 48.1194, 50.1417, 52.2092, 54.3168, 46.0364, 46.649, 
232.423, 237.481, 10.16, 0, 4.318, 14.478, 21.9236, 23.1823, 24.6393, 26.2617, 28.0207, 29.8922, 31.8565, 33.8973, 36.0018, 38.1592, 40.3612, 42.6009, 44.8725, 47.1716, 49.4942, 36.1805, 36.9568, 
228.124, 233.181, 14.478, 4.318, 0, 10.16, 18.1765, 19.6764, 21.3738, 23.2254, 25.1973, 27.2633, 29.4037, 31.6034, 33.8507, 36.1368, 38.4548, 40.7992, 43.1658, 45.5511, 47.9522, 32.0493, 32.9231, 
218.013, 223.068, 24.638, 14.478, 10.16, 0, 11.1326, 13.4428, 15.8236, 18.2474, 20.6991, 23.1698, 25.654, 28.1482, 30.6499, 33.1575, 35.6696, 38.1854, 40.7042, 43.2255, 45.7489, 22.606, 23.8287, 
212.172, 217.244, 31.3255, 21.9236, 18.1765, 11.1326, 0, 2.54, 5.08, 7.62, 10.16, 12.7, 15.24, 17.78, 20.32, 22.86, 25.4, 27.94, 30.48, 33.02, 35.56, 15.24, 15.4502, 
212.044, 217.119, 32.219, 23.1823, 19.6764, 13.4428, 2.54, 0, 2.54, 5.08, 7.62, 10.16, 12.7, 15.24, 17.78, 20.32, 22.86, 25.4, 27.94, 30.48, 33.02, 15.4502, 15.24, 
211.947, 217.024, 33.2827, 24.6393, 21.3738, 15.8236, 5.08, 2.54, 0, 2.54, 5.08, 7.62, 10.16, 12.7, 15.24, 17.78, 20.32, 22.86, 25.4, 27.94, 30.48, 16.0644, 15.4502, 
211.88, 216.959, 34.501, 26.2617, 23.2254, 18.2474, 7.62, 5.08, 2.54, 0, 2.54, 5.08, 7.62, 10.16, 12.7, 15.24, 17.78, 20.32, 22.86, 25.4, 27.94, 17.0388, 16.0644, 
211.843, 216.923, 35.8581, 28.0207, 25.1973, 20.6991, 10.16, 7.62, 5.08, 2.54, 0, 2.54, 5.08, 7.62, 10.16, 12.7, 15.24, 17.78, 20.32, 22.86, 25.4, 18.3162, 17.0388, 
211.837, 216.917, 37.3389, 29.8922, 27.2633, 23.1698, 12.7, 10.16, 7.62, 5.08, 2.54, 0, 2.54, 5.08, 7.62, 10.16, 12.7, 15.24, 17.78, 20.32, 22.86, 19.838, 18.3162, 
211.862, 216.941, 38.9292, 31.8565, 29.4037, 25.654, 15.24, 12.7, 10.16, 7.62, 5.08, 2.54, 0, 2.54, 5.08, 7.62, 10.16, 12.7, 15.24, 17.78, 20.32, 21.5526, 19.838, 
211.917, 216.995, 40.6162, 33.8973, 31.6034, 28.1482, 17.78, 15.24, 12.7, 10.16, 7.62, 5.08, 2.54, 0, 2.54, 5.08, 7.62, 10.16, 12.7, 15.24, 17.78, 23.4176, 21.5526, 
212.002, 217.078, 42.3883, 36.0018, 33.8507, 30.6499, 20.32, 17.78, 15.24, 12.7, 10.16, 7.62, 5.08, 2.54, 0, 2.54, 5.08, 7.62, 10.16, 12.7, 15.24, 25.4, 23.4176, 
212.117, 217.191, 44.2354, 38.1592, 36.1368, 33.1575, 22.86, 20.32, 17.78, 15.24, 12.7, 10.16, 7.62, 5.08, 2.54, 0, 2.54, 5.08, 7.62, 10.16, 12.7, 27.4743, 25.4, 
212.263, 217.333, 46.1484, 40.3612, 38.4548, 35.6696, 25.4, 22.86, 20.32, 17.78, 15.24, 12.7, 10.16, 7.62, 5.08, 2.54, 0, 2.54, 5.08, 7.62, 10.16, 29.6212, 27.4743, 
212.44, 217.505, 48.1194, 42.6009, 40.7992, 38.1854, 27.94, 25.4, 22.86, 20.32, 17.78, 15.24, 12.7, 10.16, 7.62, 5.08, 2.54, 0, 2.54, 5.08, 7.62, 31.8261, 29.6212, 
212.646, 217.707, 50.1417, 44.8725, 43.1658, 40.7042, 30.48, 27.94, 25.4, 22.86, 20.32, 17.78, 15.24, 12.7, 10.16, 7.62, 5.08, 2.54, 0, 2.54, 5.08, 34.0777, 31.8261, 
212.882, 217.938, 52.2092, 47.1716, 45.5511, 43.2255, 33.02, 30.48, 27.94, 25.4, 22.86, 20.32, 17.78, 15.24, 12.7, 10.16, 7.62, 5.08, 2.54, 0, 2.54, 36.3673, 34.0777, 
213.149, 218.198, 54.3168, 49.4942, 47.9522, 45.7489, 35.56, 33.02, 30.48, 27.94, 25.4, 22.86, 20.32, 17.78, 15.24, 12.7, 10.16, 7.62, 5.08, 2.54, 0, 38.6881, 36.3673, 
196.958, 202.029, 46.0364, 36.1805, 32.0493, 22.606, 15.24, 15.4502, 16.0644, 17.0388, 18.3162, 19.838, 21.5526, 23.4176, 25.4, 27.4743, 29.6212, 31.8261, 34.0777, 36.3673, 38.6881, 0, 2.54, 
196.821, 201.895, 46.649, 36.9568, 32.9231, 23.8287, 15.4502, 15.24, 15.4502, 16.0644, 17.0388, 18.3162, 19.838, 21.5526, 23.4176, 25.4, 27.4743, 29.6212, 31.8261, 34.0777, 36.3673, 2.54, 0, 
Scaled Distances:
0, 501, 47323, 45328, 44481, 42487, 41335, 41310, 41291, 41278, 41271, 41269, 41274, 41285, 41302, 41325, 41353, 41388, 41429, 41475, 41528, 38336, 38308, 
501, 0, 48321, 46326, 45478, 43484, 42336, 42311, 42292, 42279, 42272, 42271, 42276, 42286, 42303, 42325, 42353, 42387, 42427, 42472, 42524, 39335, 39309, 
47323, 48321, 0, 1503, 2354, 4357, 5676, 5852, 6062, 6302, 6570, 6862, 7175, 7508, 7857, 8222, 8599, 8987, 9386, 9794, 10209, 8577, 8697, 
45328, 46326, 1503, 0, 351, 2354, 3822, 4070, 4358, 4677, 5024, 5393, 5781, 6183, 6598, 7023, 7458, 7899, 8347, 8800, 9258, 6633, 6786, 
44481, 45478, 2354, 351, 0, 1503, 3083, 3379, 3714, 4079, 4468, 4875, 5297, 5731, 6174, 6625, 7082, 7544, 8011, 8481, 8954, 5819, 5991, 
42487, 43484, 4357, 2354, 1503, 0, 1694, 2150, 2619, 3097, 3581, 4068, 4558, 5049, 5543, 6037, 6533, 7029, 7525, 8022, 8520, 3957, 4198, 
41335, 42336, 5676, 3822, 3083, 1694, 0, 0, 501, 1002, 1503, 2003, 2504, 3005, 3506, 4007, 4508, 5008, 5509, 6010, 6511, 2504, 2546, 
41310, 42311, 5852, 4070, 3379, 2150, 0, 0, 0, 501, 1002, 1503, 2003, 2504, 3005, 3506, 4007, 4508, 5008, 5509, 6010, 2546, 2504, 
41291, 42292, 6062, 4358, 3714, 2619, 501, 0, 0, 0, 501, 1002, 1503, 2003, 2504, 3005, 3506, 4007, 4508, 5008, 5509, 2667, 2546, 
41278, 42279, 6302, 4677, 4079, 3097, 1002, 501, 0, 0, 0, 501, 1002, 1503, 2003, 2504, 3005, 3506, 4007, 4508, 5008, 2859, 2667, 
41271, 42272, 6570, 5024, 4468, 3581, 1503, 1002, 501, 0, 0, 0, 501, 1002, 1503, 2003, 2504, 3005, 3506, 4007, 4508, 3111, 2859, 
41269, 42271, 6862, 5393, 4875, 4068, 2003, 1503, 1002, 501, 0, 0, 0, 501, 1002, 1503, 2003, 2504, 3005, 3506, 4007, 3411, 3111, 
41274, 42276, 7175, 5781, 5297, 4558, 2504, 2003, 1503, 1002, 501, 0, 0, 0, 501, 1002, 1503, 2003, 2504, 3005, 3506, 3749, 3411, 
41285, 42286, 7508, 6183, 5731, 5049, 3005, 2504, 2003, 1503, 1002, 501, 0, 0, 0, 501, 1002, 1503, 2003, 2504, 3005, 4117, 3749, 
41302, 42303, 7857, 6598, 6174, 5543, 3506, 3005, 2504, 2003, 1503, 1002, 501, 0, 0, 0, 501, 1002, 1503, 2003, 2504, 4508, 4117, 
41325, 42325, 8222, 7023, 6625, 6037, 4007, 3506, 3005, 2504, 2003, 1503, 1002, 501, 0, 0, 0, 501, 1002, 1503, 2003, 4917, 4508, 
41353, 42353, 8599, 7458, 7082, 6533, 4508, 4007, 3506, 3005, 2504, 2003, 1503, 1002, 501, 0, 0, 0, 501, 1002, 1503, 5340, 4917, 
41388, 42387, 8987, 7899, 7544, 7029, 5008, 4508, 4007, 3506, 3005, 2504, 2003, 1503, 1002, 501, 0, 0, 0, 501, 1002, 5775, 5340, 
41429, 42427, 9386, 8347, 8011, 7525, 5509, 5008, 4508, 4007, 3506, 3005, 2504, 2003, 1503, 1002, 501, 0, 0, 0, 501, 6219, 5775, 
41475, 42472, 9794, 8800, 8481, 8022, 6010, 5509, 5008, 4508, 4007, 3506, 3005, 2504, 2003, 1503, 1002, 501, 0, 0, 0, 6670, 6219, 
41528, 42524, 10209, 9258, 8954, 8520, 6511, 6010, 5509, 5008, 4508, 4007, 3506, 3005, 2504, 2003, 1503, 1002, 501, 0, 0, 7128, 6670, 
38336, 39335, 8577, 6633, 5819, 3957, 2504, 2546, 2667, 2859, 3111, 3411, 3749, 4117, 4508, 4917, 5340, 5775, 6219, 6670, 7128, 0, 0, 
38308, 39309, 8697, 6786, 5991, 4198, 2546, 2504, 2546, 2667, 2859, 3111, 3411, 3749, 4117, 4508, 4917, 5340, 5775, 6219, 6670, 0, 0, 
Optimal total distance (scaled) for 23 points: 50558
Optimal total distance for 23 points: 312.276011
Corresponding path (0-indexed):
Point #2
Point #3
Point #4
Point #5
Point #6
Point #7
Point #8
Point #9
Point #10
Point #11
Point #12
Point #13
Point #14
Point #15
Point #16
Point #17
Point #18
Point #19
Point #20
Point #22
Point #21
Point #0
Point #1
Execution time: 1762 ms

Elapsed time: 1762 ms


Execution #2/10000

Seed: 2
Estimated max possible cost 365.238203
for path: 
0 1 2 3 4 5 6 7 8 9 10 11 12 13 14 15 16 17 18 19 20 21 22 
Execution time: 1792 ms

Elapsed time: 3554 ms


Execution #3/10000

Seed: 3
Estimated max possible cost 365.238203
for path: 
0 1 2 3 4 5 6 7 8 9 10 11 12 13 14 15 16 17 18 19 20 21 22 
Execution time: 1749 ms

Elapsed time: 5303 ms


Execution #4/10000

Seed: 4
Estimated max possible cost 365.238203
for path: 
0 1 2 3 4 5 6 7 8 9 10 11 12 13 14 15 16 17 18 19 20 21 22 
Execution time: 1661 ms

Elapsed time: 6964 ms


Execution #5/10000

Seed: 5
Estimated max possible cost 365.238203
for path: 
0 1 2 3 4 5 6 7 8 9 10 11 12 13 14 15 16 17 18 19 20 21 22 
Execution time: 1762 ms

Elapsed time: 8726 ms


Execution #6/10000

Seed: 6
Estimated max possible cost 365.238203
for path: 
0 1 2 3 4 5 6 7 8 9 10 11 12 13 14 15 16 17 18 19 20 21 22 
Execution time: 1669 ms

Elapsed time: 10395 ms


Execution #7/10000

Seed: 7
Estimated max possible cost 365.238203
for path: 
0 1 2 3 4 5 6 7 8 9 10 11 12 13 14 15 16 17 18 19 20 21 22 
Execution time: 1717 ms

Elapsed time: 12112 ms


Execution #8/10000

Seed: 8
Estimated max possible cost 365.238203
for path: 
0 1 2 3 4 5 6 7 8 9 10 11 12 13 14 15 16 17 18 19 20 21 22 
Execution time: 1835 ms

Elapsed time: 13947 ms


Execution #9/10000

Seed: 9
Estimated max possible cost 365.238203
for path: 
0 1 2 3 4 5 6 7 8 9 10 11 12 13 14 15 16 17 18 19 20 21 22 
Execution time: 1744 ms

Elapsed time: 15691 ms


Execution #10/10000

Seed: 10
Estimated max possible cost 365.238203
for path: 
0 1 2 3 4 5 6 7 8 9 10 11 12 13 14 15 16 17 18 19 20 21 22 
Execution time: 1784 ms

Elapsed time: 17475 ms


Execution #11/10000

Seed: 11
Estimated max possible cost 365.238203
for path: 
0 1 2 3 4 5 6 7 8 9 10 11 12 13 14 15 16 17 18 19 20 21 22 
Execution time: 1668 ms

Elapsed time: 19143 ms


Execution #12/10000

Seed: 12
Estimated max possible cost 365.238203
for path: 
0 1 2 3 4 5 6 7 8 9 10 11 12 13 14 15 16 17 18 19 20 21 22 
Execution time: 1706 ms

Elapsed time: 20849 ms


Execution #13/10000

Seed: 13
Estimated max possible cost 365.238203
for path: 
0 1 2 3 4 5 6 7 8 9 10 11 12 13 14 15 16 17 18 19 20 21 22 
Execution time: 1573 ms

Elapsed time: 22422 ms


Execution #14/10000

Seed: 14
Estimated max possible cost 365.238203
for path: 
0 1 2 3 4 5 6 7 8 9 10 11 12 13 14 15 16 17 18 19 20 21 22 
Execution time: 1809 ms

Elapsed time: 24231 ms


Execution #15/10000

Seed: 15
Estimated max possible cost 365.238203
for path: 
0 1 2 3 4 5 6 7 8 9 10 11 12 13 14 15 16 17 18 19 20 21 22 
Execution time: 1864 ms

Elapsed time: 26095 ms


Execution #16/10000

Seed: 16
Estimated max possible cost 365.238203
for path: 
0 1 2 3 4 5 6 7 8 9 10 11 12 13 14 15 16 17 18 19 20 21 22 
Execution time: 1672 ms

Elapsed time: 27767 ms


Execution #17/10000

Seed: 17
Estimated max possible cost 365.238203
for path: 
0 1 2 3 4 5 6 7 8 9 10 11 12 13 14 15 16 17 18 19 20 21 22 
Execution time: 1713 ms

Elapsed time: 29480 ms


Execution #18/10000

Seed: 18
Estimated max possible cost 365.238203
for path: 
0 1 2 3 4 5 6 7 8 9 10 11 12 13 14 15 16 17 18 19 20 21 22 
Execution time: 1653 ms

Elapsed time: 31133 ms


Execution #19/10000

Seed: 19
Estimated max possible cost 365.238203
for path: 
0 1 2 3 4 5 6 7 8 9 10 11 12 13 14 15 16 17 18 19 20 21 22 
Execution time: 1690 ms

Elapsed time: 32823 ms


Execution #20/10000

Seed: 20
Estimated max possible cost 365.238203
for path: 
0 1 2 3 4 5 6 7 8 9 10 11 12 13 14 15 16 17 18 19 20 21 22 
Execution time: 1713 ms

Elapsed time: 34536 ms


Execution #21/10000

Seed: 21
Estimated max possible cost 365.238203
for path: 
0 1 2 3 4 5 6 7 8 9 10 11 12 13 14 15 16 17 18 19 20 21 22 
Execution time: 1586 ms

Elapsed time: 36122 ms


Execution #22/10000

Seed: 22
Estimated max possible cost 365.238203
for path: 
0 1 2 3 4 5 6 7 8 9 10 11 12 13 14 15 16 17 18 19 20 21 22 
Execution time: 1632 ms

Elapsed time: 37754 ms


Execution #23/10000

Seed: 23
Estimated max possible cost 365.238203
for path: 
0 1 2 3 4 5 6 7 8 9 10 11 12 13 14 15 16 17 18 19 20 21 22 
Execution time: 1718 ms

Elapsed time: 39472 ms


Execution #24/10000

Seed: 24
Estimated max possible cost 365.238203
for path: 
0 1 2 3 4 5 6 7 8 9 10 11 12 13 14 15 16 17 18 19 20 21 22 
Execution time: 1821 ms

Elapsed time: 41293 ms


Execution #25/10000

Seed: 25
Estimated max possible cost 365.238203
for path: 
0 1 2 3 4 5 6 7 8 9 10 11 12 13 14 15 16 17 18 19 20 21 22 
Execution time: 1706 ms

Elapsed time: 42999 ms


Execution #26/10000

Seed: 26
Estimated max possible cost 365.238203
for path: 
0 1 2 3 4 5 6 7 8 9 10 11 12 13 14 15 16 17 18 19 20 21 22 
Execution time: 1711 ms

Elapsed time: 44710 ms


Execution #27/10000

Seed: 27
Estimated max possible cost 365.238203
for path: 
0 1 2 3 4 5 6 7 8 9 10 11 12 13 14 15 16 17 18 19 20 21 22 
Execution time: 1780 ms

Elapsed time: 46490 ms


Execution #28/10000

Seed: 28
Estimated max possible cost 365.238203
for path: 
0 1 2 3 4 5 6 7 8 9 10 11 12 13 14 15 16 17 18 19 20 21 22 
Execution time: 1699 ms

Elapsed time: 48189 ms


Execution #29/10000

Seed: 29
Estimated max possible cost 365.238203
for path: 
0 1 2 3 4 5 6 7 8 9 10 11 12 13 14 15 16 17 18 19 20 21 22 
Execution time: 1755 ms

Elapsed time: 49944 ms


Execution #30/10000

Seed: 30
Estimated max possible cost 365.238203
for path: 
0 1 2 3 4 5 6 7 8 9 10 11 12 13 14 15 16 17 18 19 20 21 22 
Execution time: 1694 ms

Elapsed time: 51638 ms


Execution #31/10000

Seed: 31
Estimated max possible cost 365.238203
for path: 
0 1 2 3 4 5 6 7 8 9 10 11 12 13 14 15 16 17 18 19 20 21 22 
Execution time: 1675 ms

Elapsed time: 53313 ms


Execution #32/10000

Seed: 32
Estimated max possible cost 365.238203
for path: 
0 1 2 3 4 5 6 7 8 9 10 11 12 13 14 15 16 17 18 19 20 21 22 
Execution time: 1794 ms

Elapsed time: 55107 ms


Execution #33/10000

Seed: 33
Estimated max possible cost 365.238203
for path: 
0 1 2 3 4 5 6 7 8 9 10 11 12 13 14 15 16 17 18 19 20 21 22 
Execution time: 1770 ms

Elapsed time: 56877 ms


Execution #34/10000

Seed: 34
Estimated max possible cost 365.238203
for path: 
0 1 2 3 4 5 6 7 8 9 10 11 12 13 14 15 16 17 18 19 20 21 22 
Execution time: 1665 ms

Elapsed time: 58542 ms


Execution #35/10000

Seed: 35
Estimated max possible cost 365.238203
for path: 
0 1 2 3 4 5 6 7 8 9 10 11 12 13 14 15 16 17 18 19 20 21 22 
Execution time: 1665 ms

Elapsed time: 60207 ms


Execution #36/10000

Seed: 36
Estimated max possible cost 365.238203
for path: 
0 1 2 3 4 5 6 7 8 9 10 11 12 13 14 15 16 17 18 19 20 21 22 
Execution time: 1717 ms

Elapsed time: 61924 ms


Execution #37/10000

Seed: 37
Estimated max possible cost 365.238203
for path: 
0 1 2 3 4 5 6 7 8 9 10 11 12 13 14 15 16 17 18 19 20 21 22 
Execution time: 1827 ms

Elapsed time: 63751 ms


Execution #38/10000

Seed: 38
Estimated max possible cost 365.238203
for path: 
0 1 2 3 4 5 6 7 8 9 10 11 12 13 14 15 16 17 18 19 20 21 22 
Execution time: 1797 ms

Elapsed time: 65548 ms


Execution #39/10000

Seed: 39
Estimated max possible cost 365.238203
for path: 
0 1 2 3 4 5 6 7 8 9 10 11 12 13 14 15 16 17 18 19 20 21 22 
Execution time: 1642 ms

Elapsed time: 67190 ms


Execution #40/10000

Seed: 40
Estimated max possible cost 365.238203
for path: 
0 1 2 3 4 5 6 7 8 9 10 11 12 13 14 15 16 17 18 19 20 21 22 
Execution time: 1796 ms

Elapsed time: 68986 ms


Execution #41/10000

Seed: 41
Estimated max possible cost 365.238203
for path: 
0 1 2 3 4 5 6 7 8 9 10 11 12 13 14 15 16 17 18 19 20 21 22 
Execution time: 1710 ms

Elapsed time: 70696 ms


Execution #42/10000

Seed: 42
Estimated max possible cost 365.238203
for path: 
0 1 2 3 4 5 6 7 8 9 10 11 12 13 14 15 16 17 18 19 20 21 22 
Execution time: 1691 ms

Elapsed time: 72387 ms


Execution #43/10000

Seed: 43
Estimated max possible cost 365.238203
for path: 
0 1 2 3 4 5 6 7 8 9 10 11 12 13 14 15 16 17 18 19 20 21 22 
Execution time: 1753 ms

Elapsed time: 74140 ms


Execution #44/10000

Seed: 44
Estimated max possible cost 365.238203
for path: 
0 1 2 3 4 5 6 7 8 9 10 11 12 13 14 15 16 17 18 19 20 21 22 
Execution time: 1599 ms

Elapsed time: 75739 ms


Execution #45/10000

Seed: 45
Estimated max possible cost 365.238203
for path: 
0 1 2 3 4 5 6 7 8 9 10 11 12 13 14 15 16 17 18 19 20 21 22 
Execution time: 1853 ms

Elapsed time: 77592 ms


Execution #46/10000

Seed: 46
Estimated max possible cost 365.238203
for path: 
0 1 2 3 4 5 6 7 8 9 10 11 12 13 14 15 16 17 18 19 20 21 22 
Execution time: 1742 ms

Elapsed time: 79334 ms


Execution #47/10000

Seed: 47
Estimated max possible cost 365.238203
for path: 
0 1 2 3 4 5 6 7 8 9 10 11 12 13 14 15 16 17 18 19 20 21 22 
Execution time: 1724 ms

Elapsed time: 81058 ms


Execution #48/10000

Seed: 48
Estimated max possible cost 365.238203
for path: 
0 1 2 3 4 5 6 7 8 9 10 11 12 13 14 15 16 17 18 19 20 21 22 
Execution time: 1759 ms

Elapsed time: 82817 ms


Execution #49/10000

Seed: 49
Estimated max possible cost 365.238203
for path: 
0 1 2 3 4 5 6 7 8 9 10 11 12 13 14 15 16 17 18 19 20 21 22 
Execution time: 1690 ms

Elapsed time: 84507 ms


Execution #50/10000

Seed: 50
Estimated max possible cost 365.238203
for path: 
0 1 2 3 4 5 6 7 8 9 10 11 12 13 14 15 16 17 18 19 20 21 22 
Execution time: 1700 ms

Elapsed time: 86207 ms


Execution #51/10000

Seed: 51
Estimated max possible cost 365.238203
for path: 
0 1 2 3 4 5 6 7 8 9 10 11 12 13 14 15 16 17 18 19 20 21 22 
Execution time: 1834 ms

Elapsed time: 88041 ms


Execution #52/10000

Seed: 52
Estimated max possible cost 365.238203
for path: 
0 1 2 3 4 5 6 7 8 9 10 11 12 13 14 15 16 17 18 19 20 21 22 
Execution time: 1803 ms

Elapsed time: 89844 ms


Execution #53/10000

Seed: 53
Estimated max possible cost 365.238203
for path: 
0 1 2 3 4 5 6 7 8 9 10 11 12 13 14 15 16 17 18 19 20 21 22 
Execution time: 1734 ms

Elapsed time: 91578 ms


Execution #54/10000

Seed: 54
Estimated max possible cost 365.238203
for path: 
0 1 2 3 4 5 6 7 8 9 10 11 12 13 14 15 16 17 18 19 20 21 22 
Execution time: 1805 ms

Elapsed time: 93383 ms


Execution #55/10000

Seed: 55
Estimated max possible cost 365.238203
for path: 
0 1 2 3 4 5 6 7 8 9 10 11 12 13 14 15 16 17 18 19 20 21 22 
Execution time: 1712 ms

Elapsed time: 95095 ms


Execution #56/10000

Seed: 56
Estimated max possible cost 365.238203
for path: 
0 1 2 3 4 5 6 7 8 9 10 11 12 13 14 15 16 17 18 19 20 21 22 
Execution time: 1606 ms

Elapsed time: 96701 ms


Execution #57/10000

Seed: 57
Estimated max possible cost 365.238203
for path: 
0 1 2 3 4 5 6 7 8 9 10 11 12 13 14 15 16 17 18 19 20 21 22 
Execution time: 1794 ms

Elapsed time: 98495 ms


Execution #58/10000

Seed: 58
Estimated max possible cost 365.238203
for path: 
0 1 2 3 4 5 6 7 8 9 10 11 12 13 14 15 16 17 18 19 20 21 22 
Execution time: 1829 ms

Elapsed time: 100324 ms


Execution #59/10000

Seed: 59
Estimated max possible cost 365.238203
for path: 
0 1 2 3 4 5 6 7 8 9 10 11 12 13 14 15 16 17 18 19 20 21 22 
Execution time: 1816 ms

Elapsed time: 102140 ms


Execution #60/10000

Seed: 60
Estimated max possible cost 365.238203
for path: 
0 1 2 3 4 5 6 7 8 9 10 11 12 13 14 15 16 17 18 19 20 21 22 
Execution time: 1783 ms

Elapsed time: 103923 ms


Execution #61/10000

Seed: 61
Estimated max possible cost 365.238203
for path: 
0 1 2 3 4 5 6 7 8 9 10 11 12 13 14 15 16 17 18 19 20 21 22 
Execution time: 1736 ms

Elapsed time: 105659 ms


Execution #62/10000

Seed: 62
Estimated max possible cost 365.238203
for path: 
0 1 2 3 4 5 6 7 8 9 10 11 12 13 14 15 16 17 18 19 20 21 22 
Execution time: 1750 ms

Elapsed time: 107409 ms


Execution #63/10000

Seed: 63
Estimated max possible cost 365.238203
for path: 
0 1 2 3 4 5 6 7 8 9 10 11 12 13 14 15 16 17 18 19 20 21 22 
Execution time: 1820 ms

Elapsed time: 109229 ms


Execution #64/10000

Seed: 64
Estimated max possible cost 365.238203
for path: 
0 1 2 3 4 5 6 7 8 9 10 11 12 13 14 15 16 17 18 19 20 21 22 
Execution time: 1686 ms

Elapsed time: 110915 ms


Execution #65/10000

Seed: 65
Estimated max possible cost 365.238203
for path: 
0 1 2 3 4 5 6 7 8 9 10 11 12 13 14 15 16 17 18 19 20 21 22 
Execution time: 1706 ms

Elapsed time: 112621 ms


Execution #66/10000

Seed: 66
Estimated max possible cost 365.238203
for path: 
0 1 2 3 4 5 6 7 8 9 10 11 12 13 14 15 16 17 18 19 20 21 22 
Execution time: 1629 ms

Elapsed time: 114250 ms


Execution #67/10000

Seed: 67
Estimated max possible cost 365.238203
for path: 
0 1 2 3 4 5 6 7 8 9 10 11 12 13 14 15 16 17 18 19 20 21 22 
Execution time: 1680 ms

Elapsed time: 115930 ms


Execution #68/10000

Seed: 68
Estimated max possible cost 365.238203
for path: 
0 1 2 3 4 5 6 7 8 9 10 11 12 13 14 15 16 17 18 19 20 21 22 
Execution time: 1684 ms

Elapsed time: 117614 ms


Execution #69/10000

Seed: 69
Estimated max possible cost 365.238203
for path: 
0 1 2 3 4 5 6 7 8 9 10 11 12 13 14 15 16 17 18 19 20 21 22 
Execution time: 1829 ms

Elapsed time: 119443 ms


Execution #70/10000

Seed: 70
Estimated max possible cost 365.238203
for path: 
0 1 2 3 4 5 6 7 8 9 10 11 12 13 14 15 16 17 18 19 20 21 22 
Execution time: 1896 ms

Elapsed time: 121339 ms


Execution #71/10000

Seed: 71
Estimated max possible cost 365.238203
for path: 
0 1 2 3 4 5 6 7 8 9 10 11 12 13 14 15 16 17 18 19 20 21 22 
Execution time: 1625 ms

Elapsed time: 122964 ms


Execution #72/10000

Seed: 72
Estimated max possible cost 365.238203
for path: 
0 1 2 3 4 5 6 7 8 9 10 11 12 13 14 15 16 17 18 19 20 21 22 
Execution time: 1837 ms

Elapsed time: 124801 ms


Execution #73/10000

Seed: 73
Estimated max possible cost 365.238203
for path: 
0 1 2 3 4 5 6 7 8 9 10 11 12 13 14 15 16 17 18 19 20 21 22 
Execution time: 1675 ms

Elapsed time: 126476 ms


Execution #74/10000

Seed: 74
Estimated max possible cost 365.238203
for path: 
0 1 2 3 4 5 6 7 8 9 10 11 12 13 14 15 16 17 18 19 20 21 22 
Execution time: 1630 ms

Elapsed time: 128106 ms


Execution #75/10000

Seed: 75
Estimated max possible cost 365.238203
for path: 
0 1 2 3 4 5 6 7 8 9 10 11 12 13 14 15 16 17 18 19 20 21 22 
Execution time: 1670 ms

Elapsed time: 129776 ms


Execution #76/10000

Seed: 76
Estimated max possible cost 365.238203
for path: 
0 1 2 3 4 5 6 7 8 9 10 11 12 13 14 15 16 17 18 19 20 21 22 
Execution time: 1794 ms

Elapsed time: 131570 ms


Execution #77/10000

Seed: 77
Estimated max possible cost 365.238203
for path: 
0 1 2 3 4 5 6 7 8 9 10 11 12 13 14 15 16 17 18 19 20 21 22 
Execution time: 1795 ms

Elapsed time: 133365 ms


Execution #78/10000

Seed: 78
Estimated max possible cost 365.238203
for path: 
0 1 2 3 4 5 6 7 8 9 10 11 12 13 14 15 16 17 18 19 20 21 22 
Execution time: 1672 ms

Elapsed time: 135037 ms


Execution #79/10000

Seed: 79
Estimated max possible cost 365.238203
for path: 
0 1 2 3 4 5 6 7 8 9 10 11 12 13 14 15 16 17 18 19 20 21 22 
Execution time: 1588 ms

Elapsed time: 136625 ms


Execution #80/10000

Seed: 80
Estimated max possible cost 365.238203
for path: 
0 1 2 3 4 5 6 7 8 9 10 11 12 13 14 15 16 17 18 19 20 21 22 
Execution time: 1576 ms

Elapsed time: 138201 ms


Execution #81/10000

Seed: 81
Estimated max possible cost 365.238203
for path: 
0 1 2 3 4 5 6 7 8 9 10 11 12 13 14 15 16 17 18 19 20 21 22 
Execution time: 1479 ms

Elapsed time: 139680 ms


Execution #82/10000

Seed: 82
Estimated max possible cost 365.238203
for path: 
0 1 2 3 4 5 6 7 8 9 10 11 12 13 14 15 16 17 18 19 20 21 22 
Execution time: 1623 ms

Elapsed time: 141303 ms


Execution #83/10000

Seed: 83
Estimated max possible cost 365.238203
for path: 
0 1 2 3 4 5 6 7 8 9 10 11 12 13 14 15 16 17 18 19 20 21 22 
Execution time: 1702 ms

Elapsed time: 143005 ms


Execution #84/10000

Seed: 84
Estimated max possible cost 365.238203
for path: 
0 1 2 3 4 5 6 7 8 9 10 11 12 13 14 15 16 17 18 19 20 21 22 
Execution time: 1874 ms

Elapsed time: 144879 ms


Execution #85/10000

Seed: 85
Estimated max possible cost 365.238203
for path: 
0 1 2 3 4 5 6 7 8 9 10 11 12 13 14 15 16 17 18 19 20 21 22 
Execution time: 1694 ms

Elapsed time: 146573 ms


Execution #86/10000

Seed: 86
Estimated max possible cost 365.238203
for path: 
0 1 2 3 4 5 6 7 8 9 10 11 12 13 14 15 16 17 18 19 20 21 22 
Execution time: 1762 ms

Elapsed time: 148335 ms


Execution #87/10000

Seed: 87
Estimated max possible cost 365.238203
for path: 
0 1 2 3 4 5 6 7 8 9 10 11 12 13 14 15 16 17 18 19 20 21 22 
Execution time: 1672 ms

Elapsed time: 150007 ms


Execution #88/10000

Seed: 88
Estimated max possible cost 365.238203
for path: 
0 1 2 3 4 5 6 7 8 9 10 11 12 13 14 15 16 17 18 19 20 21 22 
Execution time: 1768 ms

Elapsed time: 151775 ms


Execution #89/10000

Seed: 89
Estimated max possible cost 365.238203
for path: 
0 1 2 3 4 5 6 7 8 9 10 11 12 13 14 15 16 17 18 19 20 21 22 
Execution time: 1557 ms

Elapsed time: 153332 ms


Execution #90/10000

Seed: 90
Estimated max possible cost 365.238203
for path: 
0 1 2 3 4 5 6 7 8 9 10 11 12 13 14 15 16 17 18 19 20 21 22 
Execution time: 1635 ms

Elapsed time: 154967 ms


Execution #91/10000

Seed: 91
Estimated max possible cost 365.238203
for path: 
0 1 2 3 4 5 6 7 8 9 10 11 12 13 14 15 16 17 18 19 20 21 22 
Execution time: 1686 ms

Elapsed time: 156653 ms


Execution #92/10000

Seed: 92
Estimated max possible cost 365.238203
for path: 
0 1 2 3 4 5 6 7 8 9 10 11 12 13 14 15 16 17 18 19 20 21 22 
Execution time: 1775 ms

Elapsed time: 158428 ms


Execution #93/10000

Seed: 93
Estimated max possible cost 365.238203
for path: 
0 1 2 3 4 5 6 7 8 9 10 11 12 13 14 15 16 17 18 19 20 21 22 
Execution time: 1774 ms

Elapsed time: 160202 ms


Execution #94/10000

Seed: 94
Estimated max possible cost 365.238203
for path: 
0 1 2 3 4 5 6 7 8 9 10 11 12 13 14 15 16 17 18 19 20 21 22 
Execution time: 1731 ms

Elapsed time: 161933 ms


Execution #95/10000

Seed: 95
Estimated max possible cost 365.238203
for path: 
0 1 2 3 4 5 6 7 8 9 10 11 12 13 14 15 16 17 18 19 20 21 22 
Execution time: 1524 ms

Elapsed time: 163457 ms


Execution #96/10000

Seed: 96
Estimated max possible cost 365.238203
for path: 
0 1 2 3 4 5 6 7 8 9 10 11 12 13 14 15 16 17 18 19 20 21 22 
Execution time: 1757 ms

Elapsed time: 165214 ms


Execution #97/10000

Seed: 97
Estimated max possible cost 365.238203
for path: 
0 1 2 3 4 5 6 7 8 9 10 11 12 13 14 15 16 17 18 19 20 21 22 
Execution time: 1666 ms

Elapsed time: 166880 ms


Execution #98/10000

Seed: 98
Estimated max possible cost 365.238203
for path: 
0 1 2 3 4 5 6 7 8 9 10 11 12 13 14 15 16 17 18 19 20 21 22 
Execution time: 1699 ms

Elapsed time: 168579 ms


Execution #99/10000

Seed: 99
Estimated max possible cost 365.238203
for path: 
0 1 2 3 4 5 6 7 8 9 10 11 12 13 14 15 16 17 18 19 20 21 22 
Execution time: 1647 ms

Elapsed time: 170226 ms


Execution #100/10000

Seed: 100
Estimated max possible cost 365.238203
for path: 
0 1 2 3 4 5 6 7 8 9 10 11 12 13 14 15 16 17 18 19 20 21 22 
Execution time: 1717 ms

Elapsed time: 171943 ms


Execution #101/10000

Seed: 101
Estimated max possible cost 365.238203
for path: 
0 1 2 3 4 5 6 7 8 9 10 11 12 13 14 15 16 17 18 19 20 21 22 
Execution time: 1606 ms

Elapsed time: 173549 ms


Execution #102/10000

Seed: 102
Estimated max possible cost 365.238203
for path: 
0 1 2 3 4 5 6 7 8 9 10 11 12 13 14 15 16 17 18 19 20 21 22 
Execution time: 1736 ms

Elapsed time: 175285 ms


Execution #103/10000

Seed: 103
Estimated max possible cost 365.238203
for path: 
0 1 2 3 4 5 6 7 8 9 10 11 12 13 14 15 16 17 18 19 20 21 22 
Execution time: 1718 ms

Elapsed time: 177003 ms


Execution #104/10000

Seed: 104
Estimated max possible cost 365.238203
for path: 
0 1 2 3 4 5 6 7 8 9 10 11 12 13 14 15 16 17 18 19 20 21 22 
Execution time: 1738 ms

Elapsed time: 178741 ms


Execution #105/10000

Seed: 105
Estimated max possible cost 365.238203
for path: 
0 1 2 3 4 5 6 7 8 9 10 11 12 13 14 15 16 17 18 19 20 21 22 
Execution time: 1557 ms

Elapsed time: 180298 ms


Execution #106/10000

Seed: 106
Estimated max possible cost 365.238203
for path: 
0 1 2 3 4 5 6 7 8 9 10 11 12 13 14 15 16 17 18 19 20 21 22 
Execution time: 1734 ms

Elapsed time: 182032 ms


Execution #107/10000

Seed: 107
Estimated max possible cost 365.238203
for path: 
0 1 2 3 4 5 6 7 8 9 10 11 12 13 14 15 16 17 18 19 20 21 22 
Execution time: 1647 ms

Elapsed time: 183679 ms


Execution #108/10000

Seed: 108
Estimated max possible cost 365.238203
for path: 
0 1 2 3 4 5 6 7 8 9 10 11 12 13 14 15 16 17 18 19 20 21 22 
Execution time: 1630 ms

Elapsed time: 185309 ms


Execution #109/10000

Seed: 109
Estimated max possible cost 365.238203
for path: 
0 1 2 3 4 5 6 7 8 9 10 11 12 13 14 15 16 17 18 19 20 21 22 
Execution time: 1630 ms

Elapsed time: 186939 ms


Execution #110/10000

Seed: 110
Estimated max possible cost 365.238203
for path: 
0 1 2 3 4 5 6 7 8 9 10 11 12 13 14 15 16 17 18 19 20 21 22 
Execution time: 1652 ms

Elapsed time: 188591 ms


Execution #111/10000

Seed: 111
Estimated max possible cost 365.238203
for path: 
0 1 2 3 4 5 6 7 8 9 10 11 12 13 14 15 16 17 18 19 20 21 22 
Execution time: 1756 ms

Elapsed time: 190347 ms


Execution #112/10000

Seed: 112
Estimated max possible cost 365.238203
for path: 
0 1 2 3 4 5 6 7 8 9 10 11 12 13 14 15 16 17 18 19 20 21 22 
Execution time: 1852 ms

Elapsed time: 192199 ms


Execution #113/10000

Seed: 113
Estimated max possible cost 365.238203
for path: 
0 1 2 3 4 5 6 7 8 9 10 11 12 13 14 15 16 17 18 19 20 21 22 
Execution time: 1736 ms

Elapsed time: 193935 ms


Execution #114/10000

Seed: 114
Estimated max possible cost 365.238203
for path: 
0 1 2 3 4 5 6 7 8 9 10 11 12 13 14 15 16 17 18 19 20 21 22 
Execution time: 1854 ms

Elapsed time: 195789 ms


Execution #115/10000

Seed: 115
Estimated max possible cost 365.238203
for path: 
0 1 2 3 4 5 6 7 8 9 10 11 12 13 14 15 16 17 18 19 20 21 22 
Execution time: 1617 ms

Elapsed time: 197406 ms


Execution #116/10000

Seed: 116
Estimated max possible cost 365.238203
for path: 
0 1 2 3 4 5 6 7 8 9 10 11 12 13 14 15 16 17 18 19 20 21 22 
Execution time: 1648 ms

Elapsed time: 199054 ms


Execution #117/10000

Seed: 117
Estimated max possible cost 365.238203
for path: 
0 1 2 3 4 5 6 7 8 9 10 11 12 13 14 15 16 17 18 19 20 21 22 
Execution time: 1802 ms

Elapsed time: 200856 ms


Execution #118/10000

Seed: 118
Estimated max possible cost 365.238203
for path: 
0 1 2 3 4 5 6 7 8 9 10 11 12 13 14 15 16 17 18 19 20 21 22 
Execution time: 1779 ms

Elapsed time: 202635 ms


Execution #119/10000

Seed: 119
Estimated max possible cost 365.238203
for path: 
0 1 2 3 4 5 6 7 8 9 10 11 12 13 14 15 16 17 18 19 20 21 22 
Execution time: 1680 ms

Elapsed time: 204315 ms


Execution #120/10000

Seed: 120
Estimated max possible cost 365.238203
for path: 
0 1 2 3 4 5 6 7 8 9 10 11 12 13 14 15 16 17 18 19 20 21 22 
Execution time: 1678 ms

Elapsed time: 205993 ms


Execution #121/10000

Seed: 121
Estimated max possible cost 365.238203
for path: 
0 1 2 3 4 5 6 7 8 9 10 11 12 13 14 15 16 17 18 19 20 21 22 
Execution time: 1799 ms

Elapsed time: 207792 ms


Execution #122/10000

Seed: 122
Estimated max possible cost 365.238203
for path: 
0 1 2 3 4 5 6 7 8 9 10 11 12 13 14 15 16 17 18 19 20 21 22 
Execution time: 1738 ms

Elapsed time: 209530 ms


Execution #123/10000

Seed: 123
Estimated max possible cost 365.238203
for path: 
0 1 2 3 4 5 6 7 8 9 10 11 12 13 14 15 16 17 18 19 20 21 22 
Execution time: 1822 ms

Elapsed time: 211352 ms


Execution #124/10000

Seed: 124
Estimated max possible cost 365.238203
for path: 
0 1 2 3 4 5 6 7 8 9 10 11 12 13 14 15 16 17 18 19 20 21 22 
Execution time: 1691 ms

Elapsed time: 213043 ms


Execution #125/10000

Seed: 125
Estimated max possible cost 365.238203
for path: 
0 1 2 3 4 5 6 7 8 9 10 11 12 13 14 15 16 17 18 19 20 21 22 
Execution time: 1799 ms

Elapsed time: 214842 ms


Execution #126/10000

Seed: 126
Estimated max possible cost 365.238203
for path: 
0 1 2 3 4 5 6 7 8 9 10 11 12 13 14 15 16 17 18 19 20 21 22 
Execution time: 1728 ms

Elapsed time: 216570 ms


Execution #127/10000

Seed: 127
Estimated max possible cost 365.238203
for path: 
0 1 2 3 4 5 6 7 8 9 10 11 12 13 14 15 16 17 18 19 20 21 22 
Execution time: 1656 ms

Elapsed time: 218226 ms


Execution #128/10000

Seed: 128
Estimated max possible cost 365.238203
for path: 
0 1 2 3 4 5 6 7 8 9 10 11 12 13 14 15 16 17 18 19 20 21 22 
Execution time: 1691 ms

Elapsed time: 219917 ms


Execution #129/10000

Seed: 129
Estimated max possible cost 365.238203
for path: 
0 1 2 3 4 5 6 7 8 9 10 11 12 13 14 15 16 17 18 19 20 21 22 
Execution time: 1746 ms

Elapsed time: 221663 ms


Execution #130/10000

Seed: 130
Estimated max possible cost 365.238203
for path: 
0 1 2 3 4 5 6 7 8 9 10 11 12 13 14 15 16 17 18 19 20 21 22 
Execution time: 1721 ms

Elapsed time: 223384 ms


Execution #131/10000

Seed: 131
Estimated max possible cost 365.238203
for path: 
0 1 2 3 4 5 6 7 8 9 10 11 12 13 14 15 16 17 18 19 20 21 22 
Execution time: 1585 ms

Elapsed time: 224969 ms


Execution #132/10000

Seed: 132
Estimated max possible cost 365.238203
for path: 
0 1 2 3 4 5 6 7 8 9 10 11 12 13 14 15 16 17 18 19 20 21 22 
Execution time: 1704 ms

Elapsed time: 226673 ms


Execution #133/10000

Seed: 133
Estimated max possible cost 365.238203
for path: 
0 1 2 3 4 5 6 7 8 9 10 11 12 13 14 15 16 17 18 19 20 21 22 
Execution time: 1797 ms

Elapsed time: 228470 ms


Execution #134/10000

Seed: 134
Estimated max possible cost 365.238203
for path: 
0 1 2 3 4 5 6 7 8 9 10 11 12 13 14 15 16 17 18 19 20 21 22 
Execution time: 1701 ms

Elapsed time: 230171 ms


Execution #135/10000

Seed: 135
Estimated max possible cost 365.238203
for path: 
0 1 2 3 4 5 6 7 8 9 10 11 12 13 14 15 16 17 18 19 20 21 22 
Execution time: 1717 ms

Elapsed time: 231888 ms


Execution #136/10000

Seed: 136
Estimated max possible cost 365.238203
for path: 
0 1 2 3 4 5 6 7 8 9 10 11 12 13 14 15 16 17 18 19 20 21 22 
Execution time: 1695 ms

Elapsed time: 233583 ms


Execution #137/10000

Seed: 137
Estimated max possible cost 365.238203
for path: 
0 1 2 3 4 5 6 7 8 9 10 11 12 13 14 15 16 17 18 19 20 21 22 
Execution time: 1700 ms

Elapsed time: 235283 ms


Execution #138/10000

Seed: 138
Estimated max possible cost 365.238203
for path: 
0 1 2 3 4 5 6 7 8 9 10 11 12 13 14 15 16 17 18 19 20 21 22 
Execution time: 1699 ms

Elapsed time: 236982 ms


Execution #139/10000

Seed: 139
Estimated max possible cost 365.238203
for path: 
0 1 2 3 4 5 6 7 8 9 10 11 12 13 14 15 16 17 18 19 20 21 22 
Execution time: 1690 ms

Elapsed time: 238672 ms


Execution #140/10000

Seed: 140
Estimated max possible cost 365.238203
for path: 
0 1 2 3 4 5 6 7 8 9 10 11 12 13 14 15 16 17 18 19 20 21 22 
Execution time: 1807 ms

Elapsed time: 240479 ms


Execution #141/10000

Seed: 141
Estimated max possible cost 365.238203
for path: 
0 1 2 3 4 5 6 7 8 9 10 11 12 13 14 15 16 17 18 19 20 21 22 
Execution time: 1723 ms

Elapsed time: 242202 ms


Execution #142/10000

Seed: 142
Estimated max possible cost 365.238203
for path: 
0 1 2 3 4 5 6 7 8 9 10 11 12 13 14 15 16 17 18 19 20 21 22 
Execution time: 1753 ms

Elapsed time: 243955 ms


Execution #143/10000

Seed: 143
Estimated max possible cost 365.238203
for path: 
0 1 2 3 4 5 6 7 8 9 10 11 12 13 14 15 16 17 18 19 20 21 22 
Execution time: 1716 ms

Elapsed time: 245671 ms


Execution #144/10000

Seed: 144
Estimated max possible cost 365.238203
for path: 
0 1 2 3 4 5 6 7 8 9 10 11 12 13 14 15 16 17 18 19 20 21 22 
Execution time: 1807 ms

Elapsed time: 247478 ms


Execution #145/10000

Seed: 145
Estimated max possible cost 365.238203
for path: 
0 1 2 3 4 5 6 7 8 9 10 11 12 13 14 15 16 17 18 19 20 21 22 
Execution time: 1732 ms

Elapsed time: 249210 ms


Execution #146/10000

Seed: 146
Estimated max possible cost 365.238203
for path: 
0 1 2 3 4 5 6 7 8 9 10 11 12 13 14 15 16 17 18 19 20 21 22 
Execution time: 1762 ms

Elapsed time: 250972 ms


Execution #147/10000

Seed: 147
Estimated max possible cost 365.238203
for path: 
0 1 2 3 4 5 6 7 8 9 10 11 12 13 14 15 16 17 18 19 20 21 22 
Execution time: 1709 ms

Elapsed time: 252681 ms


Execution #148/10000

Seed: 148
Estimated max possible cost 365.238203
for path: 
0 1 2 3 4 5 6 7 8 9 10 11 12 13 14 15 16 17 18 19 20 21 22 
Execution time: 1783 ms

Elapsed time: 254464 ms


Execution #149/10000

Seed: 149
Estimated max possible cost 365.238203
for path: 
0 1 2 3 4 5 6 7 8 9 10 11 12 13 14 15 16 17 18 19 20 21 22 
Execution time: 1680 ms

Elapsed time: 256144 ms


Execution #150/10000

Seed: 150
Estimated max possible cost 365.238203
for path: 
0 1 2 3 4 5 6 7 8 9 10 11 12 13 14 15 16 17 18 19 20 21 22 
Execution time: 1661 ms

Elapsed time: 257805 ms


Execution #151/10000

Seed: 151
Estimated max possible cost 365.238203
for path: 
0 1 2 3 4 5 6 7 8 9 10 11 12 13 14 15 16 17 18 19 20 21 22 
Execution time: 1705 ms

Elapsed time: 259510 ms


Execution #152/10000

Seed: 152
Estimated max possible cost 365.238203
for path: 
0 1 2 3 4 5 6 7 8 9 10 11 12 13 14 15 16 17 18 19 20 21 22 
Execution time: 1713 ms

Elapsed time: 261223 ms


Execution #153/10000

Seed: 153
Estimated max possible cost 365.238203
for path: 
0 1 2 3 4 5 6 7 8 9 10 11 12 13 14 15 16 17 18 19 20 21 22 
Execution time: 1716 ms

Elapsed time: 262939 ms


Execution #154/10000

Seed: 154
Estimated max possible cost 365.238203
for path: 
0 1 2 3 4 5 6 7 8 9 10 11 12 13 14 15 16 17 18 19 20 21 22 
Execution time: 1824 ms

Elapsed time: 264763 ms


Execution #155/10000

Seed: 155
Estimated max possible cost 365.238203
for path: 
0 1 2 3 4 5 6 7 8 9 10 11 12 13 14 15 16 17 18 19 20 21 22 
Execution time: 1592 ms

Elapsed time: 266355 ms


Execution #156/10000

Seed: 156
Estimated max possible cost 365.238203
for path: 
0 1 2 3 4 5 6 7 8 9 10 11 12 13 14 15 16 17 18 19 20 21 22 
Execution time: 1651 ms

Elapsed time: 268006 ms


Execution #157/10000

Seed: 157
Estimated max possible cost 365.238203
for path: 
0 1 2 3 4 5 6 7 8 9 10 11 12 13 14 15 16 17 18 19 20 21 22 
Execution time: 1646 ms

Elapsed time: 269652 ms


Execution #158/10000

Seed: 158
Estimated max possible cost 365.238203
for path: 
0 1 2 3 4 5 6 7 8 9 10 11 12 13 14 15 16 17 18 19 20 21 22 
Execution time: 1856 ms

Elapsed time: 271508 ms


Execution #159/10000

Seed: 159
Estimated max possible cost 365.238203
for path: 
0 1 2 3 4 5 6 7 8 9 10 11 12 13 14 15 16 17 18 19 20 21 22 
Execution time: 1720 ms

Elapsed time: 273228 ms


Execution #160/10000

Seed: 160
Estimated max possible cost 365.238203
for path: 
0 1 2 3 4 5 6 7 8 9 10 11 12 13 14 15 16 17 18 19 20 21 22 
Execution time: 1687 ms

Elapsed time: 274915 ms


Execution #161/10000

Seed: 161
Estimated max possible cost 365.238203
for path: 
0 1 2 3 4 5 6 7 8 9 10 11 12 13 14 15 16 17 18 19 20 21 22 
Execution time: 1746 ms

Elapsed time: 276661 ms


Execution #162/10000

Seed: 162
Estimated max possible cost 365.238203
for path: 
0 1 2 3 4 5 6 7 8 9 10 11 12 13 14 15 16 17 18 19 20 21 22 
Execution time: 1719 ms

Elapsed time: 278380 ms


Execution #163/10000

Seed: 163
Estimated max possible cost 365.238203
for path: 
0 1 2 3 4 5 6 7 8 9 10 11 12 13 14 15 16 17 18 19 20 21 22 
Execution time: 1464 ms

Elapsed time: 279844 ms


Execution #164/10000

Seed: 164
Estimated max possible cost 365.238203
for path: 
0 1 2 3 4 5 6 7 8 9 10 11 12 13 14 15 16 17 18 19 20 21 22 
Execution time: 1679 ms

Elapsed time: 281523 ms


Execution #165/10000

Seed: 165
Estimated max possible cost 365.238203
for path: 
0 1 2 3 4 5 6 7 8 9 10 11 12 13 14 15 16 17 18 19 20 21 22 
Execution time: 1697 ms

Elapsed time: 283220 ms


Execution #166/10000

Seed: 166
Estimated max possible cost 365.238203
for path: 
0 1 2 3 4 5 6 7 8 9 10 11 12 13 14 15 16 17 18 19 20 21 22 
Execution time: 1742 ms

Elapsed time: 284962 ms


Execution #167/10000

Seed: 167
Estimated max possible cost 365.238203
for path: 
0 1 2 3 4 5 6 7 8 9 10 11 12 13 14 15 16 17 18 19 20 21 22 
