Solving SHP


Execution #1/10000

Seed: 1
Estimated max possible cost 367.778203
for path: 
0 1 2 3 4 5 6 7 8 9 10 11 12 13 14 15 16 17 18 19 20 21 22 23 
Memory needed for path: 68212848 locs, for costs: 59907456 locs.
Desired precision: 1e+12
Mem constraint for cost_t: 16 bits
Rounded to pow of 2 bytes mem constraint (capped at 64bits) for cost_t: 16 bits
Bits needed for an int to preserve precision: 49
Warning: cannot preserve precision.
Warning: Using an integer; there is not enough memory for decimals.
Bits used per cost_t: 16
Selected cost_t = (u)int16_t
Solving with cost_t = t
Memory [GB] needed: 0.175114
Requested precision is too high;managed to differentiate costs by: 0.001820
Distances:
0, 5.08, 242.54, 232.423, 228.124, 218.013, 212.172, 212.044, 211.947, 211.88, 211.843, 211.837, 211.862, 211.917, 212.002, 212.117, 212.263, 212.44, 212.646, 212.882, 213.149, 196.958, 196.821, 196.716, 
5.08, 0, 247.599, 237.481, 233.181, 223.068, 217.244, 217.119, 217.024, 216.959, 216.923, 216.917, 216.941, 216.995, 217.078, 217.191, 217.333, 217.505, 217.707, 217.938, 218.198, 202.029, 201.895, 201.793, 
242.54, 247.599, 0, 10.16, 14.478, 24.638, 31.3255, 32.219, 33.2827, 34.501, 35.8581, 37.3389, 38.9292, 40.6162, 42.3883, 44.2354, 46.1484, 48.1194, 50.1417, 52.2092, 54.3168, 46.0364, 46.649, 47.3899, 
232.423, 237.481, 10.16, 0, 4.318, 14.478, 21.9236, 23.1823, 24.6393, 26.2617, 28.0207, 29.8922, 31.8565, 33.8973, 36.0018, 38.1592, 40.3612, 42.6009, 44.8725, 47.1716, 49.4942, 36.1805, 36.9568, 37.8877, 
228.124, 233.181, 14.478, 4.318, 0, 10.16, 18.1765, 19.6764, 21.3738, 23.2254, 25.1973, 27.2633, 29.4037, 31.6034, 33.8507, 36.1368, 38.4548, 40.7992, 43.1658, 45.5511, 47.9522, 32.0493, 32.9231, 33.9648, 
218.013, 223.068, 24.638, 14.478, 10.16, 0, 11.1326, 13.4428, 15.8236, 18.2474, 20.6991, 23.1698, 25.654, 28.1482, 30.6499, 33.1575, 35.6696, 38.1854, 40.7042, 43.2255, 45.7489, 22.606, 23.8287, 25.2484, 
212.172, 217.244, 31.3255, 21.9236, 18.1765, 11.1326, 0, 2.54, 5.08, 7.62, 10.16, 12.7, 15.24, 17.78, 20.32, 22.86, 25.4, 27.94, 30.48, 33.02, 35.56, 15.24, 15.4502, 16.0644, 
212.044, 217.119, 32.219, 23.1823, 19.6764, 13.4428, 2.54, 0, 2.54, 5.08, 7.62, 10.16, 12.7, 15.24, 17.78, 20.32, 22.86, 25.4, 27.94, 30.48, 33.02, 15.4502, 15.24, 15.4502, 
211.947, 217.024, 33.2827, 24.6393, 21.3738, 15.8236, 5.08, 2.54, 0, 2.54, 5.08, 7.62, 10.16, 12.7, 15.24, 17.78, 20.32, 22.86, 25.4, 27.94, 30.48, 16.0644, 15.4502, 15.24, 
211.88, 216.959, 34.501, 26.2617, 23.2254, 18.2474, 7.62, 5.08, 2.54, 0, 2.54, 5.08, 7.62, 10.16, 12.7, 15.24, 17.78, 20.32, 22.86, 25.4, 27.94, 17.0388, 16.0644, 15.4502, 
211.843, 216.923, 35.8581, 28.0207, 25.1973, 20.6991, 10.16, 7.62, 5.08, 2.54, 0, 2.54, 5.08, 7.62, 10.16, 12.7, 15.24, 17.78, 20.32, 22.86, 25.4, 18.3162, 17.0388, 16.0644, 
211.837, 216.917, 37.3389, 29.8922, 27.2633, 23.1698, 12.7, 10.16, 7.62, 5.08, 2.54, 0, 2.54, 5.08, 7.62, 10.16, 12.7, 15.24, 17.78, 20.32, 22.86, 19.838, 18.3162, 17.0388, 
211.862, 216.941, 38.9292, 31.8565, 29.4037, 25.654, 15.24, 12.7, 10.16, 7.62, 5.08, 2.54, 0, 2.54, 5.08, 7.62, 10.16, 12.7, 15.24, 17.78, 20.32, 21.5526, 19.838, 18.3162, 
211.917, 216.995, 40.6162, 33.8973, 31.6034, 28.1482, 17.78, 15.24, 12.7, 10.16, 7.62, 5.08, 2.54, 0, 2.54, 5.08, 7.62, 10.16, 12.7, 15.24, 17.78, 23.4176, 21.5526, 19.838, 
212.002, 217.078, 42.3883, 36.0018, 33.8507, 30.6499, 20.32, 17.78, 15.24, 12.7, 10.16, 7.62, 5.08, 2.54, 0, 2.54, 5.08, 7.62, 10.16, 12.7, 15.24, 25.4, 23.4176, 21.5526, 
212.117, 217.191, 44.2354, 38.1592, 36.1368, 33.1575, 22.86, 20.32, 17.78, 15.24, 12.7, 10.16, 7.62, 5.08, 2.54, 0, 2.54, 5.08, 7.62, 10.16, 12.7, 27.4743, 25.4, 23.4176, 
212.263, 217.333, 46.1484, 40.3612, 38.4548, 35.6696, 25.4, 22.86, 20.32, 17.78, 15.24, 12.7, 10.16, 7.62, 5.08, 2.54, 0, 2.54, 5.08, 7.62, 10.16, 29.6212, 27.4743, 25.4, 
212.44, 217.505, 48.1194, 42.6009, 40.7992, 38.1854, 27.94, 25.4, 22.86, 20.32, 17.78, 15.24, 12.7, 10.16, 7.62, 5.08, 2.54, 0, 2.54, 5.08, 7.62, 31.8261, 29.6212, 27.4743, 
212.646, 217.707, 50.1417, 44.8725, 43.1658, 40.7042, 30.48, 27.94, 25.4, 22.86, 20.32, 17.78, 15.24, 12.7, 10.16, 7.62, 5.08, 2.54, 0, 2.54, 5.08, 34.0777, 31.8261, 29.6212, 
212.882, 217.938, 52.2092, 47.1716, 45.5511, 43.2255, 33.02, 30.48, 27.94, 25.4, 22.86, 20.32, 17.78, 15.24, 12.7, 10.16, 7.62, 5.08, 2.54, 0, 2.54, 36.3673, 34.0777, 31.8261, 
213.149, 218.198, 54.3168, 49.4942, 47.9522, 45.7489, 35.56, 33.02, 30.48, 27.94, 25.4, 22.86, 20.32, 17.78, 15.24, 12.7, 10.16, 7.62, 5.08, 2.54, 0, 38.6881, 36.3673, 34.0777, 
196.958, 202.029, 46.0364, 36.1805, 32.0493, 22.606, 15.24, 15.4502, 16.0644, 17.0388, 18.3162, 19.838, 21.5526, 23.4176, 25.4, 27.4743, 29.6212, 31.8261, 34.0777, 36.3673, 38.6881, 0, 2.54, 5.08, 
196.821, 201.895, 46.649, 36.9568, 32.9231, 23.8287, 15.4502, 15.24, 15.4502, 16.0644, 17.0388, 18.3162, 19.838, 21.5526, 23.4176, 25.4, 27.4743, 29.6212, 31.8261, 34.0777, 36.3673, 2.54, 0, 2.54, 
196.716, 201.793, 47.3899, 37.8877, 33.9648, 25.2484, 16.0644, 15.4502, 15.24, 15.4502, 16.0644, 17.0388, 18.3162, 19.838, 21.5526, 23.4176, 25.4, 27.4743, 29.6212, 31.8261, 34.0777, 5.08, 2.54, 0, 
Scaled Distances:
0, 499, 47181, 45192, 44347, 42360, 41211, 41186, 41167, 41154, 41147, 41146, 41150, 41161, 41178, 41201, 41229, 41264, 41305, 41351, 41403, 38221, 38193, 38173, 
499, 0, 48176, 46187, 45342, 43353, 42209, 42184, 42165, 42152, 42145, 42144, 42149, 42159, 42176, 42198, 42226, 42260, 42300, 42345, 42396, 39217, 39191, 39171, 
47181, 48176, 0, 1498, 2347, 4344, 5659, 5835, 6044, 6283, 6550, 6841, 7154, 7485, 7834, 8197, 8573, 8960, 9358, 9764, 10179, 8551, 8671, 8817, 
45192, 46187, 1498, 0, 350, 2347, 3811, 4058, 4344, 4663, 5009, 5377, 5763, 6165, 6578, 7002, 7435, 7876, 8322, 8774, 9231, 6613, 6766, 6949, 
44347, 45342, 2347, 350, 0, 1498, 3074, 3369, 3703, 4067, 4454, 4860, 5281, 5714, 6155, 6605, 7060, 7521, 7987, 8456, 8928, 5801, 5973, 6178, 
42360, 43353, 4344, 2347, 1498, 0, 1689, 2143, 2611, 3088, 3570, 4056, 4544, 5034, 5526, 6019, 6513, 7008, 7503, 7998, 8494, 3945, 4185, 4464, 
41211, 42209, 5659, 3811, 3074, 1689, 0, 0, 499, 999, 1498, 1997, 2497, 2996, 3495, 3995, 4494, 4993, 5493, 5992, 6491, 2497, 2538, 2659, 
41186, 42184, 5835, 4058, 3369, 2143, 0, 0, 0, 499, 999, 1498, 1997, 2497, 2996, 3495, 3995, 4494, 4993, 5493, 5992, 2538, 2497, 2538, 
41167, 42165, 6044, 4344, 3703, 2611, 499, 0, 0, 0, 499, 999, 1498, 1997, 2497, 2996, 3495, 3995, 4494, 4993, 5493, 2659, 2538, 2497, 
41154, 42152, 6283, 4663, 4067, 3088, 999, 499, 0, 0, 0, 499, 999, 1498, 1997, 2497, 2996, 3495, 3995, 4494, 4993, 2850, 2659, 2538, 
41147, 42145, 6550, 5009, 4454, 3570, 1498, 999, 499, 0, 0, 0, 499, 999, 1498, 1997, 2497, 2996, 3495, 3995, 4494, 3101, 2850, 2659, 
41146, 42144, 6841, 5377, 4860, 4056, 1997, 1498, 999, 499, 0, 0, 0, 499, 999, 1498, 1997, 2497, 2996, 3495, 3995, 3401, 3101, 2850, 
41150, 42149, 7154, 5763, 5281, 4544, 2497, 1997, 1498, 999, 499, 0, 0, 0, 499, 999, 1498, 1997, 2497, 2996, 3495, 3738, 3401, 3101, 
41161, 42159, 7485, 6165, 5714, 5034, 2996, 2497, 1997, 1498, 999, 499, 0, 0, 0, 499, 999, 1498, 1997, 2497, 2996, 4104, 3738, 3401, 
41178, 42176, 7834, 6578, 6155, 5526, 3495, 2996, 2497, 1997, 1498, 999, 499, 0, 0, 0, 499, 999, 1498, 1997, 2497, 4494, 4104, 3738, 
41201, 42198, 8197, 7002, 6605, 6019, 3995, 3495, 2996, 2497, 1997, 1498, 999, 499, 0, 0, 0, 499, 999, 1498, 1997, 4902, 4494, 4104, 
41229, 42226, 8573, 7435, 7060, 6513, 4494, 3995, 3495, 2996, 2497, 1997, 1498, 999, 499, 0, 0, 0, 499, 999, 1498, 5324, 4902, 4494, 
41264, 42260, 8960, 7876, 7521, 7008, 4993, 4494, 3995, 3495, 2996, 2497, 1997, 1498, 999, 499, 0, 0, 0, 499, 999, 5757, 5324, 4902, 
41305, 42300, 9358, 8322, 7987, 7503, 5493, 4993, 4494, 3995, 3495, 2996, 2497, 1997, 1498, 999, 499, 0, 0, 0, 499, 6200, 5757, 5324, 
41351, 42345, 9764, 8774, 8456, 7998, 5992, 5493, 4993, 4494, 3995, 3495, 2996, 2497, 1997, 1498, 999, 499, 0, 0, 0, 6650, 6200, 5757, 
41403, 42396, 10179, 9231, 8928, 8494, 6491, 5992, 5493, 4993, 4494, 3995, 3495, 2996, 2497, 1997, 1498, 999, 499, 0, 0, 7106, 6650, 6200, 
38221, 39217, 8551, 6613, 5801, 3945, 2497, 2538, 2659, 2850, 3101, 3401, 3738, 4104, 4494, 4902, 5324, 5757, 6200, 6650, 7106, 0, 0, 499, 
38193, 39191, 8671, 6766, 5973, 4185, 2538, 2497, 2538, 2659, 2850, 3101, 3401, 3738, 4104, 4494, 4902, 5324, 5757, 6200, 6650, 0, 0, 0, 
38173, 39171, 8817, 6949, 6178, 4464, 2659, 2538, 2497, 2538, 2659, 2850, 3101, 3401, 3738, 4104, 4494, 4902, 5324, 5757, 6200, 499, 0, 0, 
Optimal total distance (scaled) for 24 points: 49955
Optimal total distance for 24 points: 312.526421
Corresponding path (0-indexed):
Point #2
Point #3
Point #4
Point #5
Point #6
Point #7
Point #8
Point #9
Point #10
Point #11
Point #12
Point #13
Point #14
Point #15
Point #16
Point #17
Point #18
Point #19
Point #20
Point #23
Point #22
Point #21
Point #0
Point #1
Execution time: 3664 ms

Elapsed time: 3664 ms


Execution #2/10000

Seed: 2
Estimated max possible cost 367.778203
for path: 
0 1 2 3 4 5 6 7 8 9 10 11 12 13 14 15 16 17 18 19 20 21 22 23 
Execution time: 3554 ms

Elapsed time: 7218 ms


Execution #3/10000

Seed: 3
Estimated max possible cost 367.778203
for path: 
0 1 2 3 4 5 6 7 8 9 10 11 12 13 14 15 16 17 18 19 20 21 22 23 
Execution time: 3573 ms

Elapsed time: 10791 ms


Execution #4/10000

Seed: 4
Estimated max possible cost 367.778203
for path: 
0 1 2 3 4 5 6 7 8 9 10 11 12 13 14 15 16 17 18 19 20 21 22 23 
Execution time: 3673 ms

Elapsed time: 14464 ms


Execution #5/10000

Seed: 5
Estimated max possible cost 367.778203
for path: 
0 1 2 3 4 5 6 7 8 9 10 11 12 13 14 15 16 17 18 19 20 21 22 23 
Execution time: 3554 ms

Elapsed time: 18018 ms


Execution #6/10000

Seed: 6
Estimated max possible cost 367.778203
for path: 
0 1 2 3 4 5 6 7 8 9 10 11 12 13 14 15 16 17 18 19 20 21 22 23 
Execution time: 3506 ms

Elapsed time: 21524 ms


Execution #7/10000

Seed: 7
Estimated max possible cost 367.778203
for path: 
0 1 2 3 4 5 6 7 8 9 10 11 12 13 14 15 16 17 18 19 20 21 22 23 
Execution time: 3499 ms

Elapsed time: 25023 ms


Execution #8/10000

Seed: 8
Estimated max possible cost 367.778203
for path: 
0 1 2 3 4 5 6 7 8 9 10 11 12 13 14 15 16 17 18 19 20 21 22 23 
Execution time: 3637 ms

Elapsed time: 28660 ms


Execution #9/10000

Seed: 9
Estimated max possible cost 367.778203
for path: 
0 1 2 3 4 5 6 7 8 9 10 11 12 13 14 15 16 17 18 19 20 21 22 23 
Execution time: 3431 ms

Elapsed time: 32091 ms


Execution #10/10000

Seed: 10
Estimated max possible cost 367.778203
for path: 
0 1 2 3 4 5 6 7 8 9 10 11 12 13 14 15 16 17 18 19 20 21 22 23 
Execution time: 3489 ms

Elapsed time: 35580 ms


Execution #11/10000

Seed: 11
Estimated max possible cost 367.778203
for path: 
0 1 2 3 4 5 6 7 8 9 10 11 12 13 14 15 16 17 18 19 20 21 22 23 
Execution time: 3406 ms

Elapsed time: 38986 ms


Execution #12/10000

Seed: 12
Estimated max possible cost 367.778203
for path: 
0 1 2 3 4 5 6 7 8 9 10 11 12 13 14 15 16 17 18 19 20 21 22 23 
Execution time: 3622 ms

Elapsed time: 42608 ms


Execution #13/10000

Seed: 13
Estimated max possible cost 367.778203
for path: 
0 1 2 3 4 5 6 7 8 9 10 11 12 13 14 15 16 17 18 19 20 21 22 23 
Execution time: 3668 ms

Elapsed time: 46276 ms


Execution #14/10000

Seed: 14
Estimated max possible cost 367.778203
for path: 
0 1 2 3 4 5 6 7 8 9 10 11 12 13 14 15 16 17 18 19 20 21 22 23 
Execution time: 3571 ms

Elapsed time: 49847 ms


Execution #15/10000

Seed: 15
Estimated max possible cost 367.778203
for path: 
0 1 2 3 4 5 6 7 8 9 10 11 12 13 14 15 16 17 18 19 20 21 22 23 
Execution time: 3426 ms

Elapsed time: 53273 ms


Execution #16/10000

Seed: 16
Estimated max possible cost 367.778203
for path: 
0 1 2 3 4 5 6 7 8 9 10 11 12 13 14 15 16 17 18 19 20 21 22 23 
Execution time: 3710 ms

Elapsed time: 56983 ms


Execution #17/10000

Seed: 17
Estimated max possible cost 367.778203
for path: 
0 1 2 3 4 5 6 7 8 9 10 11 12 13 14 15 16 17 18 19 20 21 22 23 
Execution time: 3425 ms

Elapsed time: 60408 ms


Execution #18/10000

Seed: 18
Estimated max possible cost 367.778203
for path: 
0 1 2 3 4 5 6 7 8 9 10 11 12 13 14 15 16 17 18 19 20 21 22 23 
Execution time: 3624 ms

Elapsed time: 64032 ms


Execution #19/10000

Seed: 19
Estimated max possible cost 367.778203
for path: 
0 1 2 3 4 5 6 7 8 9 10 11 12 13 14 15 16 17 18 19 20 21 22 23 
Execution time: 3581 ms

Elapsed time: 67613 ms


Execution #20/10000

Seed: 20
Estimated max possible cost 367.778203
for path: 
0 1 2 3 4 5 6 7 8 9 10 11 12 13 14 15 16 17 18 19 20 21 22 23 
Execution time: 3502 ms

Elapsed time: 71115 ms


Execution #21/10000

Seed: 21
Estimated max possible cost 367.778203
for path: 
0 1 2 3 4 5 6 7 8 9 10 11 12 13 14 15 16 17 18 19 20 21 22 23 
Execution time: 3487 ms

Elapsed time: 74602 ms


Execution #22/10000

Seed: 22
Estimated max possible cost 367.778203
for path: 
0 1 2 3 4 5 6 7 8 9 10 11 12 13 14 15 16 17 18 19 20 21 22 23 
Execution time: 3621 ms

Elapsed time: 78223 ms


Execution #23/10000

Seed: 23
Estimated max possible cost 367.778203
for path: 
0 1 2 3 4 5 6 7 8 9 10 11 12 13 14 15 16 17 18 19 20 21 22 23 
Execution time: 3523 ms

Elapsed time: 81746 ms


Execution #24/10000

Seed: 24
Estimated max possible cost 367.778203
for path: 
0 1 2 3 4 5 6 7 8 9 10 11 12 13 14 15 16 17 18 19 20 21 22 23 
Execution time: 3545 ms

Elapsed time: 85291 ms


Execution #25/10000

Seed: 25
Estimated max possible cost 367.778203
for path: 
0 1 2 3 4 5 6 7 8 9 10 11 12 13 14 15 16 17 18 19 20 21 22 23 
Execution time: 3736 ms

Elapsed time: 89027 ms


Execution #26/10000

Seed: 26
Estimated max possible cost 367.778203
for path: 
0 1 2 3 4 5 6 7 8 9 10 11 12 13 14 15 16 17 18 19 20 21 22 23 
Execution time: 3674 ms

Elapsed time: 92701 ms


Execution #27/10000

Seed: 27
Estimated max possible cost 367.778203
for path: 
0 1 2 3 4 5 6 7 8 9 10 11 12 13 14 15 16 17 18 19 20 21 22 23 
Execution time: 3495 ms

Elapsed time: 96196 ms


Execution #28/10000

Seed: 28
Estimated max possible cost 367.778203
for path: 
0 1 2 3 4 5 6 7 8 9 10 11 12 13 14 15 16 17 18 19 20 21 22 23 
Execution time: 3607 ms

Elapsed time: 99803 ms


Execution #29/10000

Seed: 29
Estimated max possible cost 367.778203
for path: 
0 1 2 3 4 5 6 7 8 9 10 11 12 13 14 15 16 17 18 19 20 21 22 23 
Execution time: 3776 ms

Elapsed time: 103579 ms


Execution #30/10000

Seed: 30
Estimated max possible cost 367.778203
for path: 
0 1 2 3 4 5 6 7 8 9 10 11 12 13 14 15 16 17 18 19 20 21 22 23 
Execution time: 3589 ms

Elapsed time: 107168 ms


Execution #31/10000

Seed: 31
Estimated max possible cost 367.778203
for path: 
0 1 2 3 4 5 6 7 8 9 10 11 12 13 14 15 16 17 18 19 20 21 22 23 
Execution time: 3542 ms

Elapsed time: 110710 ms


Execution #32/10000

Seed: 32
Estimated max possible cost 367.778203
for path: 
0 1 2 3 4 5 6 7 8 9 10 11 12 13 14 15 16 17 18 19 20 21 22 23 
Execution time: 3448 ms

Elapsed time: 114158 ms


Execution #33/10000

Seed: 33
Estimated max possible cost 367.778203
for path: 
0 1 2 3 4 5 6 7 8 9 10 11 12 13 14 15 16 17 18 19 20 21 22 23 
Execution time: 3412 ms

Elapsed time: 117570 ms


Execution #34/10000

Seed: 34
Estimated max possible cost 367.778203
for path: 
0 1 2 3 4 5 6 7 8 9 10 11 12 13 14 15 16 17 18 19 20 21 22 23 
Execution time: 3775 ms

Elapsed time: 121345 ms


Execution #35/10000

Seed: 35
Estimated max possible cost 367.778203
for path: 
0 1 2 3 4 5 6 7 8 9 10 11 12 13 14 15 16 17 18 19 20 21 22 23 
Execution time: 3525 ms

Elapsed time: 124870 ms


Execution #36/10000

Seed: 36
Estimated max possible cost 367.778203
for path: 
0 1 2 3 4 5 6 7 8 9 10 11 12 13 14 15 16 17 18 19 20 21 22 23 
Execution time: 3401 ms

Elapsed time: 128271 ms


Execution #37/10000

Seed: 37
Estimated max possible cost 367.778203
for path: 
0 1 2 3 4 5 6 7 8 9 10 11 12 13 14 15 16 17 18 19 20 21 22 23 
Execution time: 3519 ms

Elapsed time: 131790 ms


Execution #38/10000

Seed: 38
Estimated max possible cost 367.778203
for path: 
0 1 2 3 4 5 6 7 8 9 10 11 12 13 14 15 16 17 18 19 20 21 22 23 
Execution time: 3523 ms

Elapsed time: 135313 ms


Execution #39/10000

Seed: 39
Estimated max possible cost 367.778203
for path: 
0 1 2 3 4 5 6 7 8 9 10 11 12 13 14 15 16 17 18 19 20 21 22 23 
Execution time: 3213 ms

Elapsed time: 138526 ms


Execution #40/10000

Seed: 40
Estimated max possible cost 367.778203
for path: 
0 1 2 3 4 5 6 7 8 9 10 11 12 13 14 15 16 17 18 19 20 21 22 23 
Execution time: 3175 ms

Elapsed time: 141701 ms


Execution #41/10000

Seed: 41
Estimated max possible cost 367.778203
for path: 
0 1 2 3 4 5 6 7 8 9 10 11 12 13 14 15 16 17 18 19 20 21 22 23 
Execution time: 3688 ms

Elapsed time: 145389 ms


Execution #42/10000

Seed: 42
Estimated max possible cost 367.778203
for path: 
0 1 2 3 4 5 6 7 8 9 10 11 12 13 14 15 16 17 18 19 20 21 22 23 
Execution time: 3564 ms

Elapsed time: 148953 ms


Execution #43/10000

Seed: 43
Estimated max possible cost 367.778203
for path: 
0 1 2 3 4 5 6 7 8 9 10 11 12 13 14 15 16 17 18 19 20 21 22 23 
Execution time: 3512 ms

Elapsed time: 152465 ms


Execution #44/10000

Seed: 44
Estimated max possible cost 367.778203
for path: 
0 1 2 3 4 5 6 7 8 9 10 11 12 13 14 15 16 17 18 19 20 21 22 23 
Execution time: 3169 ms

Elapsed time: 155634 ms


Execution #45/10000

Seed: 45
Estimated max possible cost 367.778203
for path: 
0 1 2 3 4 5 6 7 8 9 10 11 12 13 14 15 16 17 18 19 20 21 22 23 
Execution time: 3692 ms

Elapsed time: 159326 ms


Execution #46/10000

Seed: 46
Estimated max possible cost 367.778203
for path: 
0 1 2 3 4 5 6 7 8 9 10 11 12 13 14 15 16 17 18 19 20 21 22 23 
Execution time: 3444 ms

Elapsed time: 162770 ms


Execution #47/10000

Seed: 47
Estimated max possible cost 367.778203
for path: 
0 1 2 3 4 5 6 7 8 9 10 11 12 13 14 15 16 17 18 19 20 21 22 23 
Execution time: 3444 ms

Elapsed time: 166214 ms


Execution #48/10000

Seed: 48
Estimated max possible cost 367.778203
for path: 
0 1 2 3 4 5 6 7 8 9 10 11 12 13 14 15 16 17 18 19 20 21 22 23 
Execution time: 3437 ms

Elapsed time: 169651 ms


Execution #49/10000

Seed: 49
Estimated max possible cost 367.778203
for path: 
0 1 2 3 4 5 6 7 8 9 10 11 12 13 14 15 16 17 18 19 20 21 22 23 
Execution time: 3351 ms

Elapsed time: 173002 ms


Execution #50/10000

Seed: 50
Estimated max possible cost 367.778203
for path: 
0 1 2 3 4 5 6 7 8 9 10 11 12 13 14 15 16 17 18 19 20 21 22 23 
Execution time: 3537 ms

Elapsed time: 176539 ms


Execution #51/10000

Seed: 51
Estimated max possible cost 367.778203
for path: 
0 1 2 3 4 5 6 7 8 9 10 11 12 13 14 15 16 17 18 19 20 21 22 23 
Execution time: 3470 ms

Elapsed time: 180009 ms


Execution #52/10000

Seed: 52
Estimated max possible cost 367.778203
for path: 
0 1 2 3 4 5 6 7 8 9 10 11 12 13 14 15 16 17 18 19 20 21 22 23 
Execution time: 3406 ms

Elapsed time: 183415 ms


Execution #53/10000

Seed: 53
Estimated max possible cost 367.778203
for path: 
0 1 2 3 4 5 6 7 8 9 10 11 12 13 14 15 16 17 18 19 20 21 22 23 
Execution time: 3394 ms

Elapsed time: 186809 ms


Execution #54/10000

Seed: 54
Estimated max possible cost 367.778203
for path: 
0 1 2 3 4 5 6 7 8 9 10 11 12 13 14 15 16 17 18 19 20 21 22 23 
Execution time: 3456 ms

Elapsed time: 190265 ms


Execution #55/10000

Seed: 55
Estimated max possible cost 367.778203
for path: 
0 1 2 3 4 5 6 7 8 9 10 11 12 13 14 15 16 17 18 19 20 21 22 23 
Execution time: 3609 ms

Elapsed time: 193874 ms


Execution #56/10000

Seed: 56
Estimated max possible cost 367.778203
for path: 
0 1 2 3 4 5 6 7 8 9 10 11 12 13 14 15 16 17 18 19 20 21 22 23 
Execution time: 3563 ms

Elapsed time: 197437 ms


Execution #57/10000

Seed: 57
Estimated max possible cost 367.778203
for path: 
0 1 2 3 4 5 6 7 8 9 10 11 12 13 14 15 16 17 18 19 20 21 22 23 
Execution time: 3540 ms

Elapsed time: 200977 ms


Execution #58/10000

Seed: 58
Estimated max possible cost 367.778203
for path: 
0 1 2 3 4 5 6 7 8 9 10 11 12 13 14 15 16 17 18 19 20 21 22 23 
Execution time: 3473 ms

Elapsed time: 204450 ms


Execution #59/10000

Seed: 59
Estimated max possible cost 367.778203
for path: 
0 1 2 3 4 5 6 7 8 9 10 11 12 13 14 15 16 17 18 19 20 21 22 23 
Execution time: 3618 ms

Elapsed time: 208068 ms


Execution #60/10000

Seed: 60
Estimated max possible cost 367.778203
for path: 
0 1 2 3 4 5 6 7 8 9 10 11 12 13 14 15 16 17 18 19 20 21 22 23 
Execution time: 3601 ms

Elapsed time: 211669 ms


Execution #61/10000

Seed: 61
Estimated max possible cost 367.778203
for path: 
0 1 2 3 4 5 6 7 8 9 10 11 12 13 14 15 16 17 18 19 20 21 22 23 
Execution time: 3678 ms

Elapsed time: 215347 ms


Execution #62/10000

Seed: 62
Estimated max possible cost 367.778203
for path: 
0 1 2 3 4 5 6 7 8 9 10 11 12 13 14 15 16 17 18 19 20 21 22 23 
Execution time: 3460 ms

Elapsed time: 218807 ms


Execution #63/10000

Seed: 63
Estimated max possible cost 367.778203
for path: 
0 1 2 3 4 5 6 7 8 9 10 11 12 13 14 15 16 17 18 19 20 21 22 23 
Execution time: 3424 ms

Elapsed time: 222231 ms


Execution #64/10000

Seed: 64
Estimated max possible cost 367.778203
for path: 
0 1 2 3 4 5 6 7 8 9 10 11 12 13 14 15 16 17 18 19 20 21 22 23 
Execution time: 3414 ms

Elapsed time: 225645 ms


Execution #65/10000

Seed: 65
Estimated max possible cost 367.778203
for path: 
0 1 2 3 4 5 6 7 8 9 10 11 12 13 14 15 16 17 18 19 20 21 22 23 
Execution time: 3566 ms

Elapsed time: 229211 ms


Execution #66/10000

Seed: 66
Estimated max possible cost 367.778203
for path: 
0 1 2 3 4 5 6 7 8 9 10 11 12 13 14 15 16 17 18 19 20 21 22 23 
Execution time: 3484 ms

Elapsed time: 232695 ms


Execution #67/10000

Seed: 67
Estimated max possible cost 367.778203
for path: 
0 1 2 3 4 5 6 7 8 9 10 11 12 13 14 15 16 17 18 19 20 21 22 23 
Execution time: 3548 ms

Elapsed time: 236243 ms


Execution #68/10000

Seed: 68
Estimated max possible cost 367.778203
for path: 
0 1 2 3 4 5 6 7 8 9 10 11 12 13 14 15 16 17 18 19 20 21 22 23 
Execution time: 3549 ms

Elapsed time: 239792 ms


Execution #69/10000

Seed: 69
Estimated max possible cost 367.778203
for path: 
0 1 2 3 4 5 6 7 8 9 10 11 12 13 14 15 16 17 18 19 20 21 22 23 
Execution time: 3572 ms

Elapsed time: 243364 ms


Execution #70/10000

Seed: 70
Estimated max possible cost 367.778203
for path: 
0 1 2 3 4 5 6 7 8 9 10 11 12 13 14 15 16 17 18 19 20 21 22 23 
Execution time: 3570 ms

Elapsed time: 246934 ms


Execution #71/10000

Seed: 71
Estimated max possible cost 367.778203
for path: 
0 1 2 3 4 5 6 7 8 9 10 11 12 13 14 15 16 17 18 19 20 21 22 23 
Execution time: 3665 ms

Elapsed time: 250599 ms


Execution #72/10000

Seed: 72
Estimated max possible cost 367.778203
for path: 
0 1 2 3 4 5 6 7 8 9 10 11 12 13 14 15 16 17 18 19 20 21 22 23 
Execution time: 3537 ms

Elapsed time: 254136 ms


Execution #73/10000

Seed: 73
Estimated max possible cost 367.778203
for path: 
0 1 2 3 4 5 6 7 8 9 10 11 12 13 14 15 16 17 18 19 20 21 22 23 
Execution time: 3406 ms

Elapsed time: 257542 ms


Execution #74/10000

Seed: 74
Estimated max possible cost 367.778203
for path: 
0 1 2 3 4 5 6 7 8 9 10 11 12 13 14 15 16 17 18 19 20 21 22 23 
Execution time: 3555 ms

Elapsed time: 261097 ms


Execution #75/10000

Seed: 75
Estimated max possible cost 367.778203
for path: 
0 1 2 3 4 5 6 7 8 9 10 11 12 13 14 15 16 17 18 19 20 21 22 23 
Execution time: 3536 ms

Elapsed time: 264633 ms


Execution #76/10000

Seed: 76
Estimated max possible cost 367.778203
for path: 
0 1 2 3 4 5 6 7 8 9 10 11 12 13 14 15 16 17 18 19 20 21 22 23 
Execution time: 3373 ms

Elapsed time: 268006 ms


Execution #77/10000

Seed: 77
Estimated max possible cost 367.778203
for path: 
0 1 2 3 4 5 6 7 8 9 10 11 12 13 14 15 16 17 18 19 20 21 22 23 
Execution time: 3542 ms

Elapsed time: 271548 ms


Execution #78/10000

Seed: 78
Estimated max possible cost 367.778203
for path: 
0 1 2 3 4 5 6 7 8 9 10 11 12 13 14 15 16 17 18 19 20 21 22 23 
Execution time: 3482 ms

Elapsed time: 275030 ms


Execution #79/10000

Seed: 79
Estimated max possible cost 367.778203
for path: 
0 1 2 3 4 5 6 7 8 9 10 11 12 13 14 15 16 17 18 19 20 21 22 23 
Execution time: 3549 ms

Elapsed time: 278579 ms


Execution #80/10000

Seed: 80
Estimated max possible cost 367.778203
for path: 
0 1 2 3 4 5 6 7 8 9 10 11 12 13 14 15 16 17 18 19 20 21 22 23 
Execution time: 3236 ms

Elapsed time: 281815 ms


Execution #81/10000

Seed: 81
Estimated max possible cost 367.778203
for path: 
0 1 2 3 4 5 6 7 8 9 10 11 12 13 14 15 16 17 18 19 20 21 22 23 
Execution time: 3548 ms

Elapsed time: 285363 ms


Execution #82/10000

Seed: 82
Estimated max possible cost 367.778203
for path: 
0 1 2 3 4 5 6 7 8 9 10 11 12 13 14 15 16 17 18 19 20 21 22 23 
Execution time: 3332 ms

Elapsed time: 288695 ms


Execution #83/10000

Seed: 83
Estimated max possible cost 367.778203
for path: 
0 1 2 3 4 5 6 7 8 9 10 11 12 13 14 15 16 17 18 19 20 21 22 23 
Execution time: 3470 ms

Elapsed time: 292165 ms


Execution #84/10000

Seed: 84
Estimated max possible cost 367.778203
for path: 
0 1 2 3 4 5 6 7 8 9 10 11 12 13 14 15 16 17 18 19 20 21 22 23 
Execution time: 3368 ms

Elapsed time: 295533 ms


Execution #85/10000

Seed: 85
Estimated max possible cost 367.778203
for path: 
0 1 2 3 4 5 6 7 8 9 10 11 12 13 14 15 16 17 18 19 20 21 22 23 
Execution time: 3751 ms

Elapsed time: 299284 ms


Execution #86/10000

Seed: 86
Estimated max possible cost 367.778203
for path: 
0 1 2 3 4 5 6 7 8 9 10 11 12 13 14 15 16 17 18 19 20 21 22 23 
Execution time: 2898 ms

Elapsed time: 302182 ms


Terminating due to timeout: 302182 ms >= 300000 ms

Executed runs: 85/10000
Total execution time: 302.182 s
Avg execution time: 3555.08 ms
