Solving SHP


Execution #1/10000

Seed: 1
Estimated max possible cost 370.318203
for path: 
0 1 2 3 4 5 6 7 8 9 10 11 12 13 14 15 16 17 18 19 20 21 22 23 24 
Memory needed for path: 113509025 locs, for costs: 111435000 locs.
Desired precision: 1e+06
Mem constraint for cost_t: 16 bits
Rounded to pow of 2 bytes mem constraint (capped at 64bits) for cost_t: 16 bits
Bits needed for an int to preserve precision: 29
Warning: cannot preserve precision.
Warning: Using an integer; there is not enough memory for decimals.
Bits used per cost_t: 16
Selected cost_t = (u)int16_t
Solving with cost_t = t
Memory [GB] needed: 0.313277
Requested precision is too high;managed to differentiate costs by: 0.002433
Distances:
0, 5.08, 242.54, 232.423, 228.124, 218.013, 212.172, 212.044, 211.947, 211.88, 211.843, 211.837, 211.862, 211.917, 212.002, 212.117, 212.263, 212.44, 212.646, 212.882, 213.149, 196.958, 196.821, 196.716, 196.643, 
5.08, 0, 247.599, 237.481, 233.181, 223.068, 217.244, 217.119, 217.024, 216.959, 216.923, 216.917, 216.941, 216.995, 217.078, 217.191, 217.333, 217.505, 217.707, 217.938, 218.198, 202.029, 201.895, 201.793, 201.722, 
242.54, 247.599, 0, 10.16, 14.478, 24.638, 31.3255, 32.219, 33.2827, 34.501, 35.8581, 37.3389, 38.9292, 40.6162, 42.3883, 44.2354, 46.1484, 48.1194, 50.1417, 52.2092, 54.3168, 46.0364, 46.649, 47.3899, 48.2533, 
232.423, 237.481, 10.16, 0, 4.318, 14.478, 21.9236, 23.1823, 24.6393, 26.2617, 28.0207, 29.8922, 31.8565, 33.8973, 36.0018, 38.1592, 40.3612, 42.6009, 44.8725, 47.1716, 49.4942, 36.1805, 36.9568, 37.8877, 38.9623, 
228.124, 233.181, 14.478, 4.318, 0, 10.16, 18.1765, 19.6764, 21.3738, 23.2254, 25.1973, 27.2633, 29.4037, 31.6034, 33.8507, 36.1368, 38.4548, 40.7992, 43.1658, 45.5511, 47.9522, 32.0493, 32.9231, 33.9648, 35.1595, 
218.013, 223.068, 24.638, 14.478, 10.16, 0, 11.1326, 13.4428, 15.8236, 18.2474, 20.6991, 23.1698, 25.654, 28.1482, 30.6499, 33.1575, 35.6696, 38.1854, 40.7042, 43.2255, 45.7489, 22.606, 23.8287, 25.2484, 26.834, 
212.172, 217.244, 31.3255, 21.9236, 18.1765, 11.1326, 0, 2.54, 5.08, 7.62, 10.16, 12.7, 15.24, 17.78, 20.32, 22.86, 25.4, 27.94, 30.48, 33.02, 35.56, 15.24, 15.4502, 16.0644, 17.0388, 
212.044, 217.119, 32.219, 23.1823, 19.6764, 13.4428, 2.54, 0, 2.54, 5.08, 7.62, 10.16, 12.7, 15.24, 17.78, 20.32, 22.86, 25.4, 27.94, 30.48, 33.02, 15.4502, 15.24, 15.4502, 16.0644, 
211.947, 217.024, 33.2827, 24.6393, 21.3738, 15.8236, 5.08, 2.54, 0, 2.54, 5.08, 7.62, 10.16, 12.7, 15.24, 17.78, 20.32, 22.86, 25.4, 27.94, 30.48, 16.0644, 15.4502, 15.24, 15.4502, 
211.88, 216.959, 34.501, 26.2617, 23.2254, 18.2474, 7.62, 5.08, 2.54, 0, 2.54, 5.08, 7.62, 10.16, 12.7, 15.24, 17.78, 20.32, 22.86, 25.4, 27.94, 17.0388, 16.0644, 15.4502, 15.24, 
211.843, 216.923, 35.8581, 28.0207, 25.1973, 20.6991, 10.16, 7.62, 5.08, 2.54, 0, 2.54, 5.08, 7.62, 10.16, 12.7, 15.24, 17.78, 20.32, 22.86, 25.4, 18.3162, 17.0388, 16.0644, 15.4502, 
211.837, 216.917, 37.3389, 29.8922, 27.2633, 23.1698, 12.7, 10.16, 7.62, 5.08, 2.54, 0, 2.54, 5.08, 7.62, 10.16, 12.7, 15.24, 17.78, 20.32, 22.86, 19.838, 18.3162, 17.0388, 16.0644, 
211.862, 216.941, 38.9292, 31.8565, 29.4037, 25.654, 15.24, 12.7, 10.16, 7.62, 5.08, 2.54, 0, 2.54, 5.08, 7.62, 10.16, 12.7, 15.24, 17.78, 20.32, 21.5526, 19.838, 18.3162, 17.0388, 
211.917, 216.995, 40.6162, 33.8973, 31.6034, 28.1482, 17.78, 15.24, 12.7, 10.16, 7.62, 5.08, 2.54, 0, 2.54, 5.08, 7.62, 10.16, 12.7, 15.24, 17.78, 23.4176, 21.5526, 19.838, 18.3162, 
212.002, 217.078, 42.3883, 36.0018, 33.8507, 30.6499, 20.32, 17.78, 15.24, 12.7, 10.16, 7.62, 5.08, 2.54, 0, 2.54, 5.08, 7.62, 10.16, 12.7, 15.24, 25.4, 23.4176, 21.5526, 19.838, 
212.117, 217.191, 44.2354, 38.1592, 36.1368, 33.1575, 22.86, 20.32, 17.78, 15.24, 12.7, 10.16, 7.62, 5.08, 2.54, 0, 2.54, 5.08, 7.62, 10.16, 12.7, 27.4743, 25.4, 23.4176, 21.5526, 
212.263, 217.333, 46.1484, 40.3612, 38.4548, 35.6696, 25.4, 22.86, 20.32, 17.78, 15.24, 12.7, 10.16, 7.62, 5.08, 2.54, 0, 2.54, 5.08, 7.62, 10.16, 29.6212, 27.4743, 25.4, 23.4176, 
212.44, 217.505, 48.1194, 42.6009, 40.7992, 38.1854, 27.94, 25.4, 22.86, 20.32, 17.78, 15.24, 12.7, 10.16, 7.62, 5.08, 2.54, 0, 2.54, 5.08, 7.62, 31.8261, 29.6212, 27.4743, 25.4, 
212.646, 217.707, 50.1417, 44.8725, 43.1658, 40.7042, 30.48, 27.94, 25.4, 22.86, 20.32, 17.78, 15.24, 12.7, 10.16, 7.62, 5.08, 2.54, 0, 2.54, 5.08, 34.0777, 31.8261, 29.6212, 27.4743, 
212.882, 217.938, 52.2092, 47.1716, 45.5511, 43.2255, 33.02, 30.48, 27.94, 25.4, 22.86, 20.32, 17.78, 15.24, 12.7, 10.16, 7.62, 5.08, 2.54, 0, 2.54, 36.3673, 34.0777, 31.8261, 29.6212, 
213.149, 218.198, 54.3168, 49.4942, 47.9522, 45.7489, 35.56, 33.02, 30.48, 27.94, 25.4, 22.86, 20.32, 17.78, 15.24, 12.7, 10.16, 7.62, 5.08, 2.54, 0, 38.6881, 36.3673, 34.0777, 31.8261, 
196.958, 202.029, 46.0364, 36.1805, 32.0493, 22.606, 15.24, 15.4502, 16.0644, 17.0388, 18.3162, 19.838, 21.5526, 23.4176, 25.4, 27.4743, 29.6212, 31.8261, 34.0777, 36.3673, 38.6881, 0, 2.54, 5.08, 7.62, 
196.821, 201.895, 46.649, 36.9568, 32.9231, 23.8287, 15.4502, 15.24, 15.4502, 16.0644, 17.0388, 18.3162, 19.838, 21.5526, 23.4176, 25.4, 27.4743, 29.6212, 31.8261, 34.0777, 36.3673, 2.54, 0, 2.54, 5.08, 
196.716, 201.793, 47.3899, 37.8877, 33.9648, 25.2484, 16.0644, 15.4502, 15.24, 15.4502, 16.0644, 17.0388, 18.3162, 19.838, 21.5526, 23.4176, 25.4, 27.4743, 29.6212, 31.8261, 34.0777, 5.08, 2.54, 0, 2.54, 
196.643, 201.722, 48.2533, 38.9623, 35.1595, 26.834, 17.0388, 16.0644, 15.4502, 15.24, 15.4502, 16.0644, 17.0388, 18.3162, 19.838, 21.5526, 23.4176, 25.4, 27.4743, 29.6212, 31.8261, 7.62, 5.08, 2.54, 0, 
Scaled Distances:
0, 498, 47040, 45057, 44215, 42233, 41088, 41063, 41044, 41031, 41024, 41022, 41027, 41038, 41055, 41077, 41106, 41141, 41181, 41227, 41280, 38106, 38079, 38059, 38044, 
498, 0, 48032, 46049, 45206, 43224, 42082, 42058, 42039, 42026, 42019, 42018, 42023, 42033, 42050, 42072, 42100, 42133, 42173, 42218, 42269, 39100, 39074, 39054, 39040, 
47040, 48032, 0, 1494, 2340, 4331, 5642, 5817, 6026, 6264, 6530, 6821, 7132, 7463, 7810, 8172, 8547, 8934, 9330, 9735, 10148, 8525, 8645, 8791, 8960, 
45057, 46049, 1494, 0, 348, 2340, 3799, 4046, 4331, 4649, 4994, 5361, 5746, 6146, 6559, 6981, 7413, 7852, 8297, 8748, 9203, 6594, 6746, 6928, 7139, 
44215, 45206, 2340, 348, 0, 1494, 3065, 3359, 3691, 4054, 4441, 4846, 5265, 5696, 6137, 6585, 7039, 7499, 7963, 8430, 8901, 5784, 5955, 6159, 6393, 
42233, 43224, 4331, 2340, 1494, 0, 1684, 2137, 2604, 3079, 3559, 4043, 4530, 5019, 5510, 6001, 6493, 6987, 7480, 7974, 8469, 3933, 4173, 4451, 4762, 
41088, 42082, 5642, 3799, 3065, 1684, 0, 0, 498, 996, 1494, 1991, 2489, 2987, 3485, 3983, 4481, 4978, 5476, 5974, 6472, 2489, 2530, 2651, 2842, 
41063, 42058, 5817, 4046, 3359, 2137, 0, 0, 0, 498, 996, 1494, 1991, 2489, 2987, 3485, 3983, 4481, 4978, 5476, 5974, 2530, 2489, 2530, 2651, 
41044, 42039, 6026, 4331, 3691, 2604, 498, 0, 0, 0, 498, 996, 1494, 1991, 2489, 2987, 3485, 3983, 4481, 4978, 5476, 2651, 2530, 2489, 2530, 
41031, 42026, 6264, 4649, 4054, 3079, 996, 498, 0, 0, 0, 498, 996, 1494, 1991, 2489, 2987, 3485, 3983, 4481, 4978, 2842, 2651, 2530, 2489, 
41024, 42019, 6530, 4994, 4441, 3559, 1494, 996, 498, 0, 0, 0, 498, 996, 1494, 1991, 2489, 2987, 3485, 3983, 4481, 3092, 2842, 2651, 2530, 
41022, 42018, 6821, 5361, 4846, 4043, 1991, 1494, 996, 498, 0, 0, 0, 498, 996, 1494, 1991, 2489, 2987, 3485, 3983, 3390, 3092, 2842, 2651, 
41027, 42023, 7132, 5746, 5265, 4530, 2489, 1991, 1494, 996, 498, 0, 0, 0, 498, 996, 1494, 1991, 2489, 2987, 3485, 3726, 3390, 3092, 2842, 
41038, 42033, 7463, 6146, 5696, 5019, 2987, 2489, 1991, 1494, 996, 498, 0, 0, 0, 498, 996, 1494, 1991, 2489, 2987, 4092, 3726, 3390, 3092, 
41055, 42050, 7810, 6559, 6137, 5510, 3485, 2987, 2489, 1991, 1494, 996, 498, 0, 0, 0, 498, 996, 1494, 1991, 2489, 4481, 4092, 3726, 3390, 
41077, 42072, 8172, 6981, 6585, 6001, 3983, 3485, 2987, 2489, 1991, 1494, 996, 498, 0, 0, 0, 498, 996, 1494, 1991, 4887, 4481, 4092, 3726, 
41106, 42100, 8547, 7413, 7039, 6493, 4481, 3983, 3485, 2987, 2489, 1991, 1494, 996, 498, 0, 0, 0, 498, 996, 1494, 5308, 4887, 4481, 4092, 
41141, 42133, 8934, 7852, 7499, 6987, 4978, 4481, 3983, 3485, 2987, 2489, 1991, 1494, 996, 498, 0, 0, 0, 498, 996, 5740, 5308, 4887, 4481, 
41181, 42173, 9330, 8297, 7963, 7480, 5476, 4978, 4481, 3983, 3485, 2987, 2489, 1991, 1494, 996, 498, 0, 0, 0, 498, 6181, 5740, 5308, 4887, 
41227, 42218, 9735, 8748, 8430, 7974, 5974, 5476, 4978, 4481, 3983, 3485, 2987, 2489, 1991, 1494, 996, 498, 0, 0, 0, 6630, 6181, 5740, 5308, 
41280, 42269, 10148, 9203, 8901, 8469, 6472, 5974, 5476, 4978, 4481, 3983, 3485, 2987, 2489, 1991, 1494, 996, 498, 0, 0, 7085, 6630, 6181, 5740, 
38106, 39100, 8525, 6594, 5784, 3933, 2489, 2530, 2651, 2842, 3092, 3390, 3726, 4092, 4481, 4887, 5308, 5740, 6181, 6630, 7085, 0, 0, 498, 996, 
38079, 39074, 8645, 6746, 5955, 4173, 2530, 2489, 2530, 2651, 2842, 3092, 3390, 3726, 4092, 4481, 4887, 5308, 5740, 6181, 6630, 0, 0, 0, 498, 
38059, 39054, 8791, 6928, 6159, 4451, 2651, 2530, 2489, 2530, 2651, 2842, 3092, 3390, 3726, 4092, 4481, 4887, 5308, 5740, 6181, 498, 0, 0, 0, 
38044, 39040, 8960, 7139, 6393, 4762, 2842, 2651, 2530, 2489, 2530, 2651, 2842, 3092, 3390, 3726, 4092, 4481, 4887, 5308, 5740, 996, 498, 0, 0, 
Optimal total distance (scaled) for 25 points: 49364
Optimal total distance for 25 points: 312.814854
Corresponding path (0-indexed):
Point #2
Point #3
Point #4
Point #5
Point #6
Point #7
Point #8
Point #9
Point #10
Point #11
Point #12
Point #13
Point #14
Point #15
Point #16
Point #17
Point #18
Point #19
Point #20
Point #24
Point #23
Point #22
Point #21
Point #0
Point #1
Execution time: 8164 ms

Elapsed time: 8164 ms


Execution #2/10000

Seed: 2
Estimated max possible cost 370.318203
for path: 
0 1 2 3 4 5 6 7 8 9 10 11 12 13 14 15 16 17 18 19 20 21 22 23 24 
Execution time: 7829 ms

Elapsed time: 15993 ms


Execution #3/10000

Seed: 3
Estimated max possible cost 370.318203
for path: 
0 1 2 3 4 5 6 7 8 9 10 11 12 13 14 15 16 17 18 19 20 21 22 23 24 
Execution time: 7852 ms

Elapsed time: 23845 ms


Execution #4/10000

Seed: 4
Estimated max possible cost 370.318203
for path: 
0 1 2 3 4 5 6 7 8 9 10 11 12 13 14 15 16 17 18 19 20 21 22 23 24 
Execution time: 8182 ms

Elapsed time: 32027 ms


Execution #5/10000

Seed: 5
Estimated max possible cost 370.318203
for path: 
0 1 2 3 4 5 6 7 8 9 10 11 12 13 14 15 16 17 18 19 20 21 22 23 24 
Execution time: 7932 ms

Elapsed time: 39959 ms


Execution #6/10000

Seed: 6
Estimated max possible cost 370.318203
for path: 
0 1 2 3 4 5 6 7 8 9 10 11 12 13 14 15 16 17 18 19 20 21 22 23 24 
Execution time: 7915 ms

Elapsed time: 47874 ms


Execution #7/10000

Seed: 7
Estimated max possible cost 370.318203
for path: 
0 1 2 3 4 5 6 7 8 9 10 11 12 13 14 15 16 17 18 19 20 21 22 23 24 
Execution time: 7898 ms

Elapsed time: 55772 ms


Execution #8/10000

Seed: 8
Estimated max possible cost 370.318203
for path: 
0 1 2 3 4 5 6 7 8 9 10 11 12 13 14 15 16 17 18 19 20 21 22 23 24 
Execution time: 7952 ms

Elapsed time: 63724 ms


Execution #9/10000

Seed: 9
Estimated max possible cost 370.318203
for path: 
0 1 2 3 4 5 6 7 8 9 10 11 12 13 14 15 16 17 18 19 20 21 22 23 24 
Execution time: 8048 ms

Elapsed time: 71772 ms


Execution #10/10000

Seed: 10
Estimated max possible cost 370.318203
for path: 
0 1 2 3 4 5 6 7 8 9 10 11 12 13 14 15 16 17 18 19 20 21 22 23 24 
Execution time: 8181 ms

Elapsed time: 79953 ms


Execution #11/10000

Seed: 11
Estimated max possible cost 370.318203
for path: 
0 1 2 3 4 5 6 7 8 9 10 11 12 13 14 15 16 17 18 19 20 21 22 23 24 
Execution time: 8128 ms

Elapsed time: 88081 ms


Execution #12/10000

Seed: 12
Estimated max possible cost 370.318203
for path: 
0 1 2 3 4 5 6 7 8 9 10 11 12 13 14 15 16 17 18 19 20 21 22 23 24 
Execution time: 7901 ms

Elapsed time: 95982 ms


Execution #13/10000

Seed: 13
Estimated max possible cost 370.318203
for path: 
0 1 2 3 4 5 6 7 8 9 10 11 12 13 14 15 16 17 18 19 20 21 22 23 24 
Execution time: 7919 ms

Elapsed time: 103901 ms


Execution #14/10000

Seed: 14
Estimated max possible cost 370.318203
for path: 
0 1 2 3 4 5 6 7 8 9 10 11 12 13 14 15 16 17 18 19 20 21 22 23 24 
Execution time: 7896 ms

Elapsed time: 111797 ms


Execution #15/10000

Seed: 15
Estimated max possible cost 370.318203
for path: 
0 1 2 3 4 5 6 7 8 9 10 11 12 13 14 15 16 17 18 19 20 21 22 23 24 
Execution time: 7864 ms

Elapsed time: 119661 ms


Execution #16/10000

Seed: 16
Estimated max possible cost 370.318203
for path: 
0 1 2 3 4 5 6 7 8 9 10 11 12 13 14 15 16 17 18 19 20 21 22 23 24 
Execution time: 8144 ms

Elapsed time: 127805 ms


Execution #17/10000

Seed: 17
Estimated max possible cost 370.318203
for path: 
0 1 2 3 4 5 6 7 8 9 10 11 12 13 14 15 16 17 18 19 20 21 22 23 24 
Execution time: 8042 ms

Elapsed time: 135847 ms


Execution #18/10000

Seed: 18
Estimated max possible cost 370.318203
for path: 
0 1 2 3 4 5 6 7 8 9 10 11 12 13 14 15 16 17 18 19 20 21 22 23 24 
Execution time: 8459 ms

Elapsed time: 144306 ms


Execution #19/10000

Seed: 19
Estimated max possible cost 370.318203
for path: 
0 1 2 3 4 5 6 7 8 9 10 11 12 13 14 15 16 17 18 19 20 21 22 23 24 
Execution time: 7904 ms

Elapsed time: 152210 ms


Execution #20/10000

Seed: 20
Estimated max possible cost 370.318203
for path: 
0 1 2 3 4 5 6 7 8 9 10 11 12 13 14 15 16 17 18 19 20 21 22 23 24 
Execution time: 7876 ms

Elapsed time: 160086 ms


Execution #21/10000

Seed: 21
Estimated max possible cost 370.318203
for path: 
0 1 2 3 4 5 6 7 8 9 10 11 12 13 14 15 16 17 18 19 20 21 22 23 24 
Execution time: 7880 ms

Elapsed time: 167966 ms


Execution #22/10000

Seed: 22
Estimated max possible cost 370.318203
for path: 
0 1 2 3 4 5 6 7 8 9 10 11 12 13 14 15 16 17 18 19 20 21 22 23 24 
Execution time: 8120 ms

Elapsed time: 176086 ms


Execution #23/10000

Seed: 23
Estimated max possible cost 370.318203
for path: 
0 1 2 3 4 5 6 7 8 9 10 11 12 13 14 15 16 17 18 19 20 21 22 23 24 
Execution time: 7887 ms

Elapsed time: 183973 ms


Execution #24/10000

Seed: 24
Estimated max possible cost 370.318203
for path: 
0 1 2 3 4 5 6 7 8 9 10 11 12 13 14 15 16 17 18 19 20 21 22 23 24 
Execution time: 8041 ms

Elapsed time: 192014 ms


Execution #25/10000

Seed: 25
Estimated max possible cost 370.318203
for path: 
0 1 2 3 4 5 6 7 8 9 10 11 12 13 14 15 16 17 18 19 20 21 22 23 24 
Execution time: 7996 ms

Elapsed time: 200010 ms


Execution #26/10000

Seed: 26
Estimated max possible cost 370.318203
for path: 
0 1 2 3 4 5 6 7 8 9 10 11 12 13 14 15 16 17 18 19 20 21 22 23 24 
Execution time: 8184 ms

Elapsed time: 208194 ms


Execution #27/10000

Seed: 27
Estimated max possible cost 370.318203
for path: 
0 1 2 3 4 5 6 7 8 9 10 11 12 13 14 15 16 17 18 19 20 21 22 23 24 
Execution time: 7893 ms

Elapsed time: 216087 ms


Execution #28/10000

Seed: 28
Estimated max possible cost 370.318203
for path: 
0 1 2 3 4 5 6 7 8 9 10 11 12 13 14 15 16 17 18 19 20 21 22 23 24 
Execution time: 7849 ms

Elapsed time: 223936 ms


Execution #29/10000

Seed: 29
Estimated max possible cost 370.318203
for path: 
0 1 2 3 4 5 6 7 8 9 10 11 12 13 14 15 16 17 18 19 20 21 22 23 24 
Execution time: 8219 ms

Elapsed time: 232155 ms


Execution #30/10000

Seed: 30
Estimated max possible cost 370.318203
for path: 
0 1 2 3 4 5 6 7 8 9 10 11 12 13 14 15 16 17 18 19 20 21 22 23 24 
Execution time: 8015 ms

Elapsed time: 240170 ms


Execution #31/10000

Seed: 31
Estimated max possible cost 370.318203
for path: 
0 1 2 3 4 5 6 7 8 9 10 11 12 13 14 15 16 17 18 19 20 21 22 23 24 
Execution time: 7986 ms

Elapsed time: 248156 ms


Execution #32/10000

Seed: 32
Estimated max possible cost 370.318203
for path: 
0 1 2 3 4 5 6 7 8 9 10 11 12 13 14 15 16 17 18 19 20 21 22 23 24 
Execution time: 7831 ms

Elapsed time: 255987 ms


Execution #33/10000

Seed: 33
Estimated max possible cost 370.318203
for path: 
0 1 2 3 4 5 6 7 8 9 10 11 12 13 14 15 16 17 18 19 20 21 22 23 24 
Execution time: 8092 ms

Elapsed time: 264079 ms


Execution #34/10000

Seed: 34
Estimated max possible cost 370.318203
for path: 
0 1 2 3 4 5 6 7 8 9 10 11 12 13 14 15 16 17 18 19 20 21 22 23 24 
Execution time: 7890 ms

Elapsed time: 271969 ms


Execution #35/10000

Seed: 35
Estimated max possible cost 370.318203
for path: 
0 1 2 3 4 5 6 7 8 9 10 11 12 13 14 15 16 17 18 19 20 21 22 23 24 
Execution time: 8002 ms

Elapsed time: 279971 ms


Execution #36/10000

Seed: 36
Estimated max possible cost 370.318203
for path: 
0 1 2 3 4 5 6 7 8 9 10 11 12 13 14 15 16 17 18 19 20 21 22 23 24 
Execution time: 7900 ms

Elapsed time: 287871 ms


Execution #37/10000

Seed: 37
Estimated max possible cost 370.318203
for path: 
0 1 2 3 4 5 6 7 8 9 10 11 12 13 14 15 16 17 18 19 20 21 22 23 24 
Execution time: 7979 ms

Elapsed time: 295850 ms


Execution #38/10000

Seed: 38
Estimated max possible cost 370.318203
for path: 
0 1 2 3 4 5 6 7 8 9 10 11 12 13 14 15 16 17 18 19 20 21 22 23 24 
Execution time: 7658 ms

Elapsed time: 303508 ms


Terminating due to timeout: 303508 ms >= 300000 ms

Executed runs: 37/10000
Total execution time: 303.508 s
Avg execution time: 8202.92 ms
