Solving SHP


Execution #1/10000

Seed: 1
Estimated max possible cost 372.858203
for path: 
0 1 2 3 4 5 6 7 8 9 10 11 12 13 14 15 16 17 18 19 20 21 22 23 24 25 
Memory needed for path: 300999140 locs, for costs: 251100200 locs.
Desired precision: 1e+06
Mem constraint for cost_t: 16 bits
Rounded to pow of 2 bytes mem constraint (capped at 64bits) for cost_t: 16 bits
Bits needed for an int to preserve precision: 29
Warning: cannot preserve precision.
Warning: Using an integer; there is not enough memory for decimals.
Bits used per cost_t: 16
Selected cost_t = (u)int16_t
Solving with cost_t = t
Memory [GB] needed: 0.748038
Requested precision is too high;managed to differentiate costs by: 0.003519
Distances:
0, 5.08, 242.54, 232.423, 228.124, 218.013, 212.172, 212.044, 211.947, 211.88, 211.843, 211.837, 211.862, 211.917, 212.002, 212.117, 212.263, 212.44, 212.646, 212.882, 213.149, 196.958, 196.821, 196.716, 196.643, 196.604, 
5.08, 0, 247.599, 237.481, 233.181, 223.068, 217.244, 217.119, 217.024, 216.959, 216.923, 216.917, 216.941, 216.995, 217.078, 217.191, 217.333, 217.505, 217.707, 217.938, 218.198, 202.029, 201.895, 201.793, 201.722, 201.684, 
242.54, 247.599, 0, 10.16, 14.478, 24.638, 31.3255, 32.219, 33.2827, 34.501, 35.8581, 37.3389, 38.9292, 40.6162, 42.3883, 44.2354, 46.1484, 48.1194, 50.1417, 52.2092, 54.3168, 46.0364, 46.649, 47.3899, 48.2533, 49.2328, 
232.423, 237.481, 10.16, 0, 4.318, 14.478, 21.9236, 23.1823, 24.6393, 26.2617, 28.0207, 29.8922, 31.8565, 33.8973, 36.0018, 38.1592, 40.3612, 42.6009, 44.8725, 47.1716, 49.4942, 36.1805, 36.9568, 37.8877, 38.9623, 40.169, 
228.124, 233.181, 14.478, 4.318, 0, 10.16, 18.1765, 19.6764, 21.3738, 23.2254, 25.1973, 27.2633, 29.4037, 31.6034, 33.8507, 36.1368, 38.4548, 40.7992, 43.1658, 45.5511, 47.9522, 32.0493, 32.9231, 33.9648, 35.1595, 36.4921, 
218.013, 223.068, 24.638, 14.478, 10.16, 0, 11.1326, 13.4428, 15.8236, 18.2474, 20.6991, 23.1698, 25.654, 28.1482, 30.6499, 33.1575, 35.6696, 38.1854, 40.7042, 43.2255, 45.7489, 22.606, 23.8287, 25.2484, 26.834, 28.5578, 
212.172, 217.244, 31.3255, 21.9236, 18.1765, 11.1326, 0, 2.54, 5.08, 7.62, 10.16, 12.7, 15.24, 17.78, 20.32, 22.86, 25.4, 27.94, 30.48, 33.02, 35.56, 15.24, 15.4502, 16.0644, 17.0388, 18.3162, 
212.044, 217.119, 32.219, 23.1823, 19.6764, 13.4428, 2.54, 0, 2.54, 5.08, 7.62, 10.16, 12.7, 15.24, 17.78, 20.32, 22.86, 25.4, 27.94, 30.48, 33.02, 15.4502, 15.24, 15.4502, 16.0644, 17.0388, 
211.947, 217.024, 33.2827, 24.6393, 21.3738, 15.8236, 5.08, 2.54, 0, 2.54, 5.08, 7.62, 10.16, 12.7, 15.24, 17.78, 20.32, 22.86, 25.4, 27.94, 30.48, 16.0644, 15.4502, 15.24, 15.4502, 16.0644, 
211.88, 216.959, 34.501, 26.2617, 23.2254, 18.2474, 7.62, 5.08, 2.54, 0, 2.54, 5.08, 7.62, 10.16, 12.7, 15.24, 17.78, 20.32, 22.86, 25.4, 27.94, 17.0388, 16.0644, 15.4502, 15.24, 15.4502, 
211.843, 216.923, 35.8581, 28.0207, 25.1973, 20.6991, 10.16, 7.62, 5.08, 2.54, 0, 2.54, 5.08, 7.62, 10.16, 12.7, 15.24, 17.78, 20.32, 22.86, 25.4, 18.3162, 17.0388, 16.0644, 15.4502, 15.24, 
211.837, 216.917, 37.3389, 29.8922, 27.2633, 23.1698, 12.7, 10.16, 7.62, 5.08, 2.54, 0, 2.54, 5.08, 7.62, 10.16, 12.7, 15.24, 17.78, 20.32, 22.86, 19.838, 18.3162, 17.0388, 16.0644, 15.4502, 
211.862, 216.941, 38.9292, 31.8565, 29.4037, 25.654, 15.24, 12.7, 10.16, 7.62, 5.08, 2.54, 0, 2.54, 5.08, 7.62, 10.16, 12.7, 15.24, 17.78, 20.32, 21.5526, 19.838, 18.3162, 17.0388, 16.0644, 
211.917, 216.995, 40.6162, 33.8973, 31.6034, 28.1482, 17.78, 15.24, 12.7, 10.16, 7.62, 5.08, 2.54, 0, 2.54, 5.08, 7.62, 10.16, 12.7, 15.24, 17.78, 23.4176, 21.5526, 19.838, 18.3162, 17.0388, 
212.002, 217.078, 42.3883, 36.0018, 33.8507, 30.6499, 20.32, 17.78, 15.24, 12.7, 10.16, 7.62, 5.08, 2.54, 0, 2.54, 5.08, 7.62, 10.16, 12.7, 15.24, 25.4, 23.4176, 21.5526, 19.838, 18.3162, 
212.117, 217.191, 44.2354, 38.1592, 36.1368, 33.1575, 22.86, 20.32, 17.78, 15.24, 12.7, 10.16, 7.62, 5.08, 2.54, 0, 2.54, 5.08, 7.62, 10.16, 12.7, 27.4743, 25.4, 23.4176, 21.5526, 19.838, 
212.263, 217.333, 46.1484, 40.3612, 38.4548, 35.6696, 25.4, 22.86, 20.32, 17.78, 15.24, 12.7, 10.16, 7.62, 5.08, 2.54, 0, 2.54, 5.08, 7.62, 10.16, 29.6212, 27.4743, 25.4, 23.4176, 21.5526, 
212.44, 217.505, 48.1194, 42.6009, 40.7992, 38.1854, 27.94, 25.4, 22.86, 20.32, 17.78, 15.24, 12.7, 10.16, 7.62, 5.08, 2.54, 0, 2.54, 5.08, 7.62, 31.8261, 29.6212, 27.4743, 25.4, 23.4176, 
212.646, 217.707, 50.1417, 44.8725, 43.1658, 40.7042, 30.48, 27.94, 25.4, 22.86, 20.32, 17.78, 15.24, 12.7, 10.16, 7.62, 5.08, 2.54, 0, 2.54, 5.08, 34.0777, 31.8261, 29.6212, 27.4743, 25.4, 
212.882, 217.938, 52.2092, 47.1716, 45.5511, 43.2255, 33.02, 30.48, 27.94, 25.4, 22.86, 20.32, 17.78, 15.24, 12.7, 10.16, 7.62, 5.08, 2.54, 0, 2.54, 36.3673, 34.0777, 31.8261, 29.6212, 27.4743, 
213.149, 218.198, 54.3168, 49.4942, 47.9522, 45.7489, 35.56, 33.02, 30.48, 27.94, 25.4, 22.86, 20.32, 17.78, 15.24, 12.7, 10.16, 7.62, 5.08, 2.54, 0, 38.6881, 36.3673, 34.0777, 31.8261, 29.6212, 
196.958, 202.029, 46.0364, 36.1805, 32.0493, 22.606, 15.24, 15.4502, 16.0644, 17.0388, 18.3162, 19.838, 21.5526, 23.4176, 25.4, 27.4743, 29.6212, 31.8261, 34.0777, 36.3673, 38.6881, 0, 2.54, 5.08, 7.62, 10.16, 
196.821, 201.895, 46.649, 36.9568, 32.9231, 23.8287, 15.4502, 15.24, 15.4502, 16.0644, 17.0388, 18.3162, 19.838, 21.5526, 23.4176, 25.4, 27.4743, 29.6212, 31.8261, 34.0777, 36.3673, 2.54, 0, 2.54, 5.08, 7.62, 
196.716, 201.793, 47.3899, 37.8877, 33.9648, 25.2484, 16.0644, 15.4502, 15.24, 15.4502, 16.0644, 17.0388, 18.3162, 19.838, 21.5526, 23.4176, 25.4, 27.4743, 29.6212, 31.8261, 34.0777, 5.08, 2.54, 0, 2.54, 5.08, 
196.643, 201.722, 48.2533, 38.9623, 35.1595, 26.834, 17.0388, 16.0644, 15.4502, 15.24, 15.4502, 16.0644, 17.0388, 18.3162, 19.838, 21.5526, 23.4176, 25.4, 27.4743, 29.6212, 31.8261, 7.62, 5.08, 2.54, 0, 2.54, 
196.604, 201.684, 49.2328, 40.169, 36.4921, 28.5578, 18.3162, 17.0388, 16.0644, 15.4502, 15.24, 15.4502, 16.0644, 17.0388, 18.3162, 19.838, 21.5526, 23.4176, 25.4, 27.4743, 29.6212, 10.16, 7.62, 5.08, 2.54, 0, 
Scaled Distances:
0, 496, 46900, 44923, 44083, 42107, 40965, 40940, 40921, 40908, 40901, 40900, 40905, 40915, 40932, 40955, 40983, 41018, 41058, 41104, 41156, 37992, 37965, 37945, 37931, 37923, 
496, 0, 47889, 45911, 45071, 43095, 41957, 41932, 41914, 41901, 41894, 41893, 41897, 41908, 41924, 41946, 41974, 42008, 42047, 42092, 42143, 38983, 38957, 38937, 38923, 38916, 
46900, 47889, 0, 1489, 2333, 4318, 5625, 5800, 6008, 6246, 6511, 6800, 7111, 7441, 7787, 8148, 8522, 8907, 9302, 9706, 10118, 8500, 8620, 8764, 8933, 9125, 
44923, 45911, 1489, 0, 347, 2333, 3788, 4034, 4319, 4636, 4979, 5345, 5729, 6128, 6539, 6961, 7391, 7829, 8272, 8722, 9176, 6574, 6726, 6908, 7117, 7353, 
44083, 45071, 2333, 347, 0, 1489, 3056, 3349, 3680, 4042, 4428, 4831, 5250, 5679, 6119, 6565, 7018, 7476, 7939, 8405, 8874, 5767, 5937, 6141, 6374, 6635, 
42107, 43095, 4318, 2333, 1489, 0, 1679, 2131, 2596, 3069, 3549, 4031, 4517, 5004, 5493, 5983, 6474, 6966, 7458, 7951, 8444, 3921, 4160, 4438, 4747, 5084, 
40965, 41957, 5625, 3788, 3056, 1679, 0, 0, 496, 993, 1489, 1985, 2482, 2978, 3474, 3971, 4467, 4964, 5460, 5956, 6453, 2482, 2523, 2643, 2833, 3083, 
40940, 41932, 5800, 4034, 3349, 2131, 0, 0, 0, 496, 993, 1489, 1985, 2482, 2978, 3474, 3971, 4467, 4964, 5460, 5956, 2523, 2482, 2523, 2643, 2833, 
40921, 41914, 6008, 4319, 3680, 2596, 496, 0, 0, 0, 496, 993, 1489, 1985, 2482, 2978, 3474, 3971, 4467, 4964, 5460, 2643, 2523, 2482, 2523, 2643, 
40908, 41901, 6246, 4636, 4042, 3069, 993, 496, 0, 0, 0, 496, 993, 1489, 1985, 2482, 2978, 3474, 3971, 4467, 4964, 2833, 2643, 2523, 2482, 2523, 
40901, 41894, 6511, 4979, 4428, 3549, 1489, 993, 496, 0, 0, 0, 496, 993, 1489, 1985, 2482, 2978, 3474, 3971, 4467, 3083, 2833, 2643, 2523, 2482, 
40900, 41893, 6800, 5345, 4831, 4031, 1985, 1489, 993, 496, 0, 0, 0, 496, 993, 1489, 1985, 2482, 2978, 3474, 3971, 3380, 3083, 2833, 2643, 2523, 
40905, 41897, 7111, 5729, 5250, 4517, 2482, 1985, 1489, 993, 496, 0, 0, 0, 496, 993, 1489, 1985, 2482, 2978, 3474, 3715, 3380, 3083, 2833, 2643, 
40915, 41908, 7441, 6128, 5679, 5004, 2978, 2482, 1985, 1489, 993, 496, 0, 0, 0, 496, 993, 1489, 1985, 2482, 2978, 4080, 3715, 3380, 3083, 2833, 
40932, 41924, 7787, 6539, 6119, 5493, 3474, 2978, 2482, 1985, 1489, 993, 496, 0, 0, 0, 496, 993, 1489, 1985, 2482, 4467, 4080, 3715, 3380, 3083, 
40955, 41946, 8148, 6961, 6565, 5983, 3971, 3474, 2978, 2482, 1985, 1489, 993, 496, 0, 0, 0, 496, 993, 1489, 1985, 4873, 4467, 4080, 3715, 3380, 
40983, 41974, 8522, 7391, 7018, 6474, 4467, 3971, 3474, 2978, 2482, 1985, 1489, 993, 496, 0, 0, 0, 496, 993, 1489, 5292, 4873, 4467, 4080, 3715, 
41018, 42008, 8907, 7829, 7476, 6966, 4964, 4467, 3971, 3474, 2978, 2482, 1985, 1489, 993, 496, 0, 0, 0, 496, 993, 5723, 5292, 4873, 4467, 4080, 
41058, 42047, 9302, 8272, 7939, 7458, 5460, 4964, 4467, 3971, 3474, 2978, 2482, 1985, 1489, 993, 496, 0, 0, 0, 496, 6163, 5723, 5292, 4873, 4467, 
41104, 42092, 9706, 8722, 8405, 7951, 5956, 5460, 4964, 4467, 3971, 3474, 2978, 2482, 1985, 1489, 993, 496, 0, 0, 0, 6610, 6163, 5723, 5292, 4873, 
41156, 42143, 10118, 9176, 8874, 8444, 6453, 5956, 5460, 4964, 4467, 3971, 3474, 2978, 2482, 1985, 1489, 993, 496, 0, 0, 7064, 6610, 6163, 5723, 5292, 
37992, 38983, 8500, 6574, 5767, 3921, 2482, 2523, 2643, 2833, 3083, 3380, 3715, 4080, 4467, 4873, 5292, 5723, 6163, 6610, 7064, 0, 0, 496, 993, 1489, 
37965, 38957, 8620, 6726, 5937, 4160, 2523, 2482, 2523, 2643, 2833, 3083, 3380, 3715, 4080, 4467, 4873, 5292, 5723, 6163, 6610, 0, 0, 0, 496, 993, 
37945, 38937, 8764, 6908, 6141, 4438, 2643, 2523, 2482, 2523, 2643, 2833, 3083, 3380, 3715, 4080, 4467, 4873, 5292, 5723, 6163, 496, 0, 0, 0, 496, 
37931, 38923, 8933, 7117, 6374, 4747, 2833, 2643, 2523, 2482, 2523, 2643, 2833, 3083, 3380, 3715, 4080, 4467, 4873, 5292, 5723, 993, 496, 0, 0, 0, 
37923, 38916, 9125, 7353, 6635, 5084, 3083, 2833, 2643, 2523, 2482, 2523, 2643, 2833, 3083, 3380, 3715, 4080, 4467, 4873, 5292, 1489, 993, 496, 0, 0, 
Optimal total distance (scaled) for 26 points: 48784
Optimal total distance for 26 points: 313.149981
Corresponding path (0-indexed):
Point #2
Point #3
Point #4
Point #5
Point #6
Point #7
Point #8
Point #9
Point #10
Point #11
Point #12
Point #13
Point #14
Point #15
Point #16
Point #17
Point #18
Point #19
Point #20
Point #25
Point #24
Point #23
Point #22
Point #21
Point #0
Point #1
Execution time: 16422 ms

Elapsed time: 16422 ms


Execution #2/10000

Seed: 2
Estimated max possible cost 372.858203
for path: 
0 1 2 3 4 5 6 7 8 9 10 11 12 13 14 15 16 17 18 19 20 21 22 23 24 25 
Execution time: 16501 ms

Elapsed time: 32923 ms


Execution #3/10000

Seed: 3
Estimated max possible cost 372.858203
for path: 
0 1 2 3 4 5 6 7 8 9 10 11 12 13 14 15 16 17 18 19 20 21 22 23 24 25 
Execution time: 16233 ms

Elapsed time: 49156 ms


Execution #4/10000

Seed: 4
Estimated max possible cost 372.858203
for path: 
0 1 2 3 4 5 6 7 8 9 10 11 12 13 14 15 16 17 18 19 20 21 22 23 24 25 
Execution time: 16585 ms

Elapsed time: 65741 ms


Execution #5/10000

Seed: 5
Estimated max possible cost 372.858203
for path: 
0 1 2 3 4 5 6 7 8 9 10 11 12 13 14 15 16 17 18 19 20 21 22 23 24 25 
Execution time: 16684 ms

Elapsed time: 82425 ms


Execution #6/10000

Seed: 6
Estimated max possible cost 372.858203
for path: 
0 1 2 3 4 5 6 7 8 9 10 11 12 13 14 15 16 17 18 19 20 21 22 23 24 25 
Execution time: 16365 ms

Elapsed time: 98790 ms


Execution #7/10000

Seed: 7
Estimated max possible cost 372.858203
for path: 
0 1 2 3 4 5 6 7 8 9 10 11 12 13 14 15 16 17 18 19 20 21 22 23 24 25 
Execution time: 16319 ms

Elapsed time: 115109 ms


Execution #8/10000

Seed: 8
Estimated max possible cost 372.858203
for path: 
0 1 2 3 4 5 6 7 8 9 10 11 12 13 14 15 16 17 18 19 20 21 22 23 24 25 
Execution time: 16638 ms

Elapsed time: 131747 ms


Execution #9/10000

Seed: 9
Estimated max possible cost 372.858203
for path: 
0 1 2 3 4 5 6 7 8 9 10 11 12 13 14 15 16 17 18 19 20 21 22 23 24 25 
Execution time: 16687 ms

Elapsed time: 148434 ms


Execution #10/10000

Seed: 10
Estimated max possible cost 372.858203
for path: 
0 1 2 3 4 5 6 7 8 9 10 11 12 13 14 15 16 17 18 19 20 21 22 23 24 25 
Execution time: 16509 ms

Elapsed time: 164943 ms


Execution #11/10000

Seed: 11
Estimated max possible cost 372.858203
for path: 
0 1 2 3 4 5 6 7 8 9 10 11 12 13 14 15 16 17 18 19 20 21 22 23 24 25 
Execution time: 16378 ms

Elapsed time: 181321 ms


Execution #12/10000

Seed: 12
Estimated max possible cost 372.858203
for path: 
0 1 2 3 4 5 6 7 8 9 10 11 12 13 14 15 16 17 18 19 20 21 22 23 24 25 
Execution time: 16624 ms

Elapsed time: 197945 ms


Execution #13/10000

Seed: 13
Estimated max possible cost 372.858203
for path: 
0 1 2 3 4 5 6 7 8 9 10 11 12 13 14 15 16 17 18 19 20 21 22 23 24 25 
Execution time: 16451 ms

Elapsed time: 214396 ms


Execution #14/10000

Seed: 14
Estimated max possible cost 372.858203
for path: 
0 1 2 3 4 5 6 7 8 9 10 11 12 13 14 15 16 17 18 19 20 21 22 23 24 25 
Execution time: 16450 ms

Elapsed time: 230846 ms


Execution #15/10000

Seed: 15
Estimated max possible cost 372.858203
for path: 
0 1 2 3 4 5 6 7 8 9 10 11 12 13 14 15 16 17 18 19 20 21 22 23 24 25 
Execution time: 16539 ms

Elapsed time: 247385 ms


Execution #16/10000

Seed: 16
Estimated max possible cost 372.858203
for path: 
0 1 2 3 4 5 6 7 8 9 10 11 12 13 14 15 16 17 18 19 20 21 22 23 24 25 
Execution time: 16333 ms

Elapsed time: 263718 ms


Execution #17/10000

Seed: 17
Estimated max possible cost 372.858203
for path: 
0 1 2 3 4 5 6 7 8 9 10 11 12 13 14 15 16 17 18 19 20 21 22 23 24 25 
Execution time: 16305 ms

Elapsed time: 280023 ms


Execution #18/10000

Seed: 18
Estimated max possible cost 372.858203
for path: 
0 1 2 3 4 5 6 7 8 9 10 11 12 13 14 15 16 17 18 19 20 21 22 23 24 25 
Execution time: 16347 ms

Elapsed time: 296370 ms


Execution #19/10000

Seed: 19
Estimated max possible cost 372.858203
for path: 
0 1 2 3 4 5 6 7 8 9 10 11 12 13 14 15 16 17 18 19 20 21 22 23 24 25 
Execution time: 14192 ms

Elapsed time: 310562 ms


Terminating due to timeout: 310562 ms >= 300000 ms

Executed runs: 18/10000
Total execution time: 310.562 s
Avg execution time: 17253.4 ms
