Solving SHP


Execution #1/10000

Seed: 1
Estimated max possible cost 375.398203
for path: 
0 1 2 3 4 5 6 7 8 9 10 11 12 13 14 15 16 17 18 19 20 21 22 23 24 25 26 
Memory needed for path: 504802935 locs, for costs: 469364220 locs.
Desired precision: 1e+06
Mem constraint for cost_t: 16 bits
Rounded to pow of 2 bytes mem constraint (capped at 64bits) for cost_t: 16 bits
Bits needed for an int to preserve precision: 29
Warning: cannot preserve precision.
Warning: Using an integer; there is not enough memory for decimals.
Bits used per cost_t: 16
Selected cost_t = (u)int16_t
Solving with cost_t = t
Memory [GB] needed: 1.34439
Requested precision is too high;managed to differentiate costs by: 0.005041
Distances:
0, 5.08, 242.54, 232.423, 228.124, 218.013, 212.172, 212.044, 211.947, 211.88, 211.843, 211.837, 211.862, 211.917, 212.002, 212.117, 212.263, 212.44, 212.646, 212.882, 213.149, 196.958, 196.821, 196.716, 196.643, 196.604, 196.597, 
5.08, 0, 247.599, 237.481, 233.181, 223.068, 217.244, 217.119, 217.024, 216.959, 216.923, 216.917, 216.941, 216.995, 217.078, 217.191, 217.333, 217.505, 217.707, 217.938, 218.198, 202.029, 201.895, 201.793, 201.722, 201.684, 201.677, 
242.54, 247.599, 0, 10.16, 14.478, 24.638, 31.3255, 32.219, 33.2827, 34.501, 35.8581, 37.3389, 38.9292, 40.6162, 42.3883, 44.2354, 46.1484, 48.1194, 50.1417, 52.2092, 54.3168, 46.0364, 46.649, 47.3899, 48.2533, 49.2328, 50.3215, 
232.423, 237.481, 10.16, 0, 4.318, 14.478, 21.9236, 23.1823, 24.6393, 26.2617, 28.0207, 29.8922, 31.8565, 33.8973, 36.0018, 38.1592, 40.3612, 42.6009, 44.8725, 47.1716, 49.4942, 36.1805, 36.9568, 37.8877, 38.9623, 40.169, 41.4962, 
228.124, 233.181, 14.478, 4.318, 0, 10.16, 18.1765, 19.6764, 21.3738, 23.2254, 25.1973, 27.2633, 29.4037, 31.6034, 33.8507, 36.1368, 38.4548, 40.7992, 43.1658, 45.5511, 47.9522, 32.0493, 32.9231, 33.9648, 35.1595, 36.4921, 37.9481, 
218.013, 223.068, 24.638, 14.478, 10.16, 0, 11.1326, 13.4428, 15.8236, 18.2474, 20.6991, 23.1698, 25.654, 28.1482, 30.6499, 33.1575, 35.6696, 38.1854, 40.7042, 43.2255, 45.7489, 22.606, 23.8287, 25.2484, 26.834, 28.5578, 30.3963, 
212.172, 217.244, 31.3255, 21.9236, 18.1765, 11.1326, 0, 2.54, 5.08, 7.62, 10.16, 12.7, 15.24, 17.78, 20.32, 22.86, 25.4, 27.94, 30.48, 33.02, 35.56, 15.24, 15.4502, 16.0644, 17.0388, 18.3162, 19.838, 
212.044, 217.119, 32.219, 23.1823, 19.6764, 13.4428, 2.54, 0, 2.54, 5.08, 7.62, 10.16, 12.7, 15.24, 17.78, 20.32, 22.86, 25.4, 27.94, 30.48, 33.02, 15.4502, 15.24, 15.4502, 16.0644, 17.0388, 18.3162, 
211.947, 217.024, 33.2827, 24.6393, 21.3738, 15.8236, 5.08, 2.54, 0, 2.54, 5.08, 7.62, 10.16, 12.7, 15.24, 17.78, 20.32, 22.86, 25.4, 27.94, 30.48, 16.0644, 15.4502, 15.24, 15.4502, 16.0644, 17.0388, 
211.88, 216.959, 34.501, 26.2617, 23.2254, 18.2474, 7.62, 5.08, 2.54, 0, 2.54, 5.08, 7.62, 10.16, 12.7, 15.24, 17.78, 20.32, 22.86, 25.4, 27.94, 17.0388, 16.0644, 15.4502, 15.24, 15.4502, 16.0644, 
211.843, 216.923, 35.8581, 28.0207, 25.1973, 20.6991, 10.16, 7.62, 5.08, 2.54, 0, 2.54, 5.08, 7.62, 10.16, 12.7, 15.24, 17.78, 20.32, 22.86, 25.4, 18.3162, 17.0388, 16.0644, 15.4502, 15.24, 15.4502, 
211.837, 216.917, 37.3389, 29.8922, 27.2633, 23.1698, 12.7, 10.16, 7.62, 5.08, 2.54, 0, 2.54, 5.08, 7.62, 10.16, 12.7, 15.24, 17.78, 20.32, 22.86, 19.838, 18.3162, 17.0388, 16.0644, 15.4502, 15.24, 
211.862, 216.941, 38.9292, 31.8565, 29.4037, 25.654, 15.24, 12.7, 10.16, 7.62, 5.08, 2.54, 0, 2.54, 5.08, 7.62, 10.16, 12.7, 15.24, 17.78, 20.32, 21.5526, 19.838, 18.3162, 17.0388, 16.0644, 15.4502, 
211.917, 216.995, 40.6162, 33.8973, 31.6034, 28.1482, 17.78, 15.24, 12.7, 10.16, 7.62, 5.08, 2.54, 0, 2.54, 5.08, 7.62, 10.16, 12.7, 15.24, 17.78, 23.4176, 21.5526, 19.838, 18.3162, 17.0388, 16.0644, 
212.002, 217.078, 42.3883, 36.0018, 33.8507, 30.6499, 20.32, 17.78, 15.24, 12.7, 10.16, 7.62, 5.08, 2.54, 0, 2.54, 5.08, 7.62, 10.16, 12.7, 15.24, 25.4, 23.4176, 21.5526, 19.838, 18.3162, 17.0388, 
212.117, 217.191, 44.2354, 38.1592, 36.1368, 33.1575, 22.86, 20.32, 17.78, 15.24, 12.7, 10.16, 7.62, 5.08, 2.54, 0, 2.54, 5.08, 7.62, 10.16, 12.7, 27.4743, 25.4, 23.4176, 21.5526, 19.838, 18.3162, 
212.263, 217.333, 46.1484, 40.3612, 38.4548, 35.6696, 25.4, 22.86, 20.32, 17.78, 15.24, 12.7, 10.16, 7.62, 5.08, 2.54, 0, 2.54, 5.08, 7.62, 10.16, 29.6212, 27.4743, 25.4, 23.4176, 21.5526, 19.838, 
212.44, 217.505, 48.1194, 42.6009, 40.7992, 38.1854, 27.94, 25.4, 22.86, 20.32, 17.78, 15.24, 12.7, 10.16, 7.62, 5.08, 2.54, 0, 2.54, 5.08, 7.62, 31.8261, 29.6212, 27.4743, 25.4, 23.4176, 21.5526, 
212.646, 217.707, 50.1417, 44.8725, 43.1658, 40.7042, 30.48, 27.94, 25.4, 22.86, 20.32, 17.78, 15.24, 12.7, 10.16, 7.62, 5.08, 2.54, 0, 2.54, 5.08, 34.0777, 31.8261, 29.6212, 27.4743, 25.4, 23.4176, 
212.882, 217.938, 52.2092, 47.1716, 45.5511, 43.2255, 33.02, 30.48, 27.94, 25.4, 22.86, 20.32, 17.78, 15.24, 12.7, 10.16, 7.62, 5.08, 2.54, 0, 2.54, 36.3673, 34.0777, 31.8261, 29.6212, 27.4743, 25.4, 
213.149, 218.198, 54.3168, 49.4942, 47.9522, 45.7489, 35.56, 33.02, 30.48, 27.94, 25.4, 22.86, 20.32, 17.78, 15.24, 12.7, 10.16, 7.62, 5.08, 2.54, 0, 38.6881, 36.3673, 34.0777, 31.8261, 29.6212, 27.4743, 
196.958, 202.029, 46.0364, 36.1805, 32.0493, 22.606, 15.24, 15.4502, 16.0644, 17.0388, 18.3162, 19.838, 21.5526, 23.4176, 25.4, 27.4743, 29.6212, 31.8261, 34.0777, 36.3673, 38.6881, 0, 2.54, 5.08, 7.62, 10.16, 12.7, 
196.821, 201.895, 46.649, 36.9568, 32.9231, 23.8287, 15.4502, 15.24, 15.4502, 16.0644, 17.0388, 18.3162, 19.838, 21.5526, 23.4176, 25.4, 27.4743, 29.6212, 31.8261, 34.0777, 36.3673, 2.54, 0, 2.54, 5.08, 7.62, 10.16, 
196.716, 201.793, 47.3899, 37.8877, 33.9648, 25.2484, 16.0644, 15.4502, 15.24, 15.4502, 16.0644, 17.0388, 18.3162, 19.838, 21.5526, 23.4176, 25.4, 27.4743, 29.6212, 31.8261, 34.0777, 5.08, 2.54, 0, 2.54, 5.08, 7.62, 
196.643, 201.722, 48.2533, 38.9623, 35.1595, 26.834, 17.0388, 16.0644, 15.4502, 15.24, 15.4502, 16.0644, 17.0388, 18.3162, 19.838, 21.5526, 23.4176, 25.4, 27.4743, 29.6212, 31.8261, 7.62, 5.08, 2.54, 0, 2.54, 5.08, 
196.604, 201.684, 49.2328, 40.169, 36.4921, 28.5578, 18.3162, 17.0388, 16.0644, 15.4502, 15.24, 15.4502, 16.0644, 17.0388, 18.3162, 19.838, 21.5526, 23.4176, 25.4, 27.4743, 29.6212, 10.16, 7.62, 5.08, 2.54, 0, 2.54, 
196.597, 201.677, 50.3215, 41.4962, 37.9481, 30.3963, 19.838, 18.3162, 17.0388, 16.0644, 15.4502, 15.24, 15.4502, 16.0644, 17.0388, 18.3162, 19.838, 21.5526, 23.4176, 25.4, 27.4743, 12.7, 10.16, 7.62, 5.08, 2.54, 0, 
Scaled Distances:
0, 495, 46760, 44789, 43951, 41981, 40843, 40819, 40800, 40787, 40779, 40778, 40783, 40794, 40810, 40833, 40861, 40896, 40936, 40982, 41034, 37879, 37852, 37832, 37818, 37810, 37809, 
495, 0, 47746, 45774, 44937, 42966, 41832, 41807, 41789, 41776, 41769, 41768, 41773, 41783, 41799, 41821, 41849, 41883, 41922, 41967, 42018, 38867, 38841, 38821, 38807, 38800, 38799, 
46760, 47746, 0, 1485, 2326, 4305, 5608, 5782, 5990, 6227, 6492, 6780, 7090, 7419, 7764, 8124, 8496, 8880, 9274, 9677, 10088, 8475, 8594, 8738, 8907, 9097, 9309, 
44789, 45774, 1485, 0, 346, 2326, 3777, 4022, 4306, 4622, 4965, 5329, 5712, 6109, 6519, 6940, 7369, 7805, 8248, 8696, 9148, 6554, 6706, 6887, 7096, 7331, 7590, 
43951, 44937, 2326, 346, 0, 1485, 3047, 3339, 3669, 4030, 4414, 4817, 5234, 5663, 6100, 6546, 6997, 7454, 7915, 8380, 8848, 5749, 5920, 6123, 6355, 6615, 6899, 
41981, 42966, 4305, 2326, 1485, 0, 1674, 2124, 2588, 3060, 3538, 4019, 4503, 4989, 5477, 5965, 6455, 6945, 7436, 7927, 8419, 3910, 4148, 4424, 4733, 5069, 5427, 
40843, 41832, 5608, 3777, 3047, 1674, 0, 0, 495, 990, 1485, 1980, 2474, 2969, 3464, 3959, 4454, 4949, 5444, 5939, 6433, 2474, 2515, 2635, 2825, 3074, 3370, 
40819, 41807, 5782, 4022, 3339, 2124, 0, 0, 0, 495, 990, 1485, 1980, 2474, 2969, 3464, 3959, 4454, 4949, 5444, 5939, 2515, 2474, 2515, 2635, 2825, 3074, 
40800, 41789, 5990, 4306, 3669, 2588, 495, 0, 0, 0, 495, 990, 1485, 1980, 2474, 2969, 3464, 3959, 4454, 4949, 5444, 2635, 2515, 2474, 2515, 2635, 2825, 
40787, 41776, 6227, 4622, 4030, 3060, 990, 495, 0, 0, 0, 495, 990, 1485, 1980, 2474, 2969, 3464, 3959, 4454, 4949, 2825, 2635, 2515, 2474, 2515, 2635, 
40779, 41769, 6492, 4965, 4414, 3538, 1485, 990, 495, 0, 0, 0, 495, 990, 1485, 1980, 2474, 2969, 3464, 3959, 4454, 3074, 2825, 2635, 2515, 2474, 2515, 
40778, 41768, 6780, 5329, 4817, 4019, 1980, 1485, 990, 495, 0, 0, 0, 495, 990, 1485, 1980, 2474, 2969, 3464, 3959, 3370, 3074, 2825, 2635, 2515, 2474, 
40783, 41773, 7090, 5712, 5234, 4503, 2474, 1980, 1485, 990, 495, 0, 0, 0, 495, 990, 1485, 1980, 2474, 2969, 3464, 3704, 3370, 3074, 2825, 2635, 2515, 
40794, 41783, 7419, 6109, 5663, 4989, 2969, 2474, 1980, 1485, 990, 495, 0, 0, 0, 495, 990, 1485, 1980, 2474, 2969, 4068, 3704, 3370, 3074, 2825, 2635, 
40810, 41799, 7764, 6519, 6100, 5477, 3464, 2969, 2474, 1980, 1485, 990, 495, 0, 0, 0, 495, 990, 1485, 1980, 2474, 4454, 4068, 3704, 3370, 3074, 2825, 
40833, 41821, 8124, 6940, 6546, 5965, 3959, 3464, 2969, 2474, 1980, 1485, 990, 495, 0, 0, 0, 495, 990, 1485, 1980, 4858, 4454, 4068, 3704, 3370, 3074, 
40861, 41849, 8496, 7369, 6997, 6455, 4454, 3959, 3464, 2969, 2474, 1980, 1485, 990, 495, 0, 0, 0, 495, 990, 1485, 5276, 4858, 4454, 4068, 3704, 3370, 
40896, 41883, 8880, 7805, 7454, 6945, 4949, 4454, 3959, 3464, 2969, 2474, 1980, 1485, 990, 495, 0, 0, 0, 495, 990, 5706, 5276, 4858, 4454, 4068, 3704, 
40936, 41922, 9274, 8248, 7915, 7436, 5444, 4949, 4454, 3959, 3464, 2969, 2474, 1980, 1485, 990, 495, 0, 0, 0, 495, 6145, 5706, 5276, 4858, 4454, 4068, 
40982, 41967, 9677, 8696, 8380, 7927, 5939, 5444, 4949, 4454, 3959, 3464, 2969, 2474, 1980, 1485, 990, 495, 0, 0, 0, 6591, 6145, 5706, 5276, 4858, 4454, 
41034, 42018, 10088, 9148, 8848, 8419, 6433, 5939, 5444, 4949, 4454, 3959, 3464, 2969, 2474, 1980, 1485, 990, 495, 0, 0, 7043, 6591, 6145, 5706, 5276, 4858, 
37879, 38867, 8475, 6554, 5749, 3910, 2474, 2515, 2635, 2825, 3074, 3370, 3704, 4068, 4454, 4858, 5276, 5706, 6145, 6591, 7043, 0, 0, 495, 990, 1485, 1980, 
37852, 38841, 8594, 6706, 5920, 4148, 2515, 2474, 2515, 2635, 2825, 3074, 3370, 3704, 4068, 4454, 4858, 5276, 5706, 6145, 6591, 0, 0, 0, 495, 990, 1485, 
37832, 38821, 8738, 6887, 6123, 4424, 2635, 2515, 2474, 2515, 2635, 2825, 3074, 3370, 3704, 4068, 4454, 4858, 5276, 5706, 6145, 495, 0, 0, 0, 495, 990, 
37818, 38807, 8907, 7096, 6355, 4733, 2825, 2635, 2515, 2474, 2515, 2635, 2825, 3074, 3370, 3704, 4068, 4454, 4858, 5276, 5706, 990, 495, 0, 0, 0, 495, 
37810, 38800, 9097, 7331, 6615, 5069, 3074, 2825, 2635, 2515, 2474, 2515, 2635, 2825, 3074, 3370, 3704, 4068, 4454, 4858, 5276, 1485, 990, 495, 0, 0, 0, 
37809, 38799, 9309, 7590, 6899, 5427, 3370, 3074, 2825, 2635, 2515, 2474, 2515, 2635, 2825, 3074, 3370, 3704, 4068, 4454, 4858, 1980, 1485, 990, 495, 0, 0, 
Optimal total distance (scaled) for 27 points: 48222
Optimal total distance for 27 points: 313.543046
Corresponding path (0-indexed):
Point #2
Point #3
Point #4
Point #5
Point #6
Point #7
Point #8
Point #9
Point #10
Point #11
Point #12
Point #13
Point #14
Point #15
Point #16
Point #17
Point #18
Point #19
Point #20
Point #26
Point #25
Point #24
Point #23
Point #22
Point #21
Point #0
Point #1
Execution time: 36424 ms

Elapsed time: 36424 ms


Execution #2/10000

Seed: 2
Estimated max possible cost 375.398203
for path: 
0 1 2 3 4 5 6 7 8 9 10 11 12 13 14 15 16 17 18 19 20 21 22 23 24 25 26 
Execution time: 36922 ms

Elapsed time: 73346 ms


Execution #3/10000

Seed: 3
Estimated max possible cost 375.398203
for path: 
0 1 2 3 4 5 6 7 8 9 10 11 12 13 14 15 16 17 18 19 20 21 22 23 24 25 26 
Execution time: 37190 ms

Elapsed time: 110536 ms


Execution #4/10000

Seed: 4
Estimated max possible cost 375.398203
for path: 
0 1 2 3 4 5 6 7 8 9 10 11 12 13 14 15 16 17 18 19 20 21 22 23 24 25 26 
Execution time: 36708 ms

Elapsed time: 147244 ms


Execution #5/10000

Seed: 5
Estimated max possible cost 375.398203
for path: 
0 1 2 3 4 5 6 7 8 9 10 11 12 13 14 15 16 17 18 19 20 21 22 23 24 25 26 
Execution time: 36303 ms

Elapsed time: 183547 ms


Execution #6/10000

Seed: 6
Estimated max possible cost 375.398203
for path: 
0 1 2 3 4 5 6 7 8 9 10 11 12 13 14 15 16 17 18 19 20 21 22 23 24 25 26 
Execution time: 37060 ms

Elapsed time: 220607 ms


Execution #7/10000

Seed: 7
Estimated max possible cost 375.398203
for path: 
0 1 2 3 4 5 6 7 8 9 10 11 12 13 14 15 16 17 18 19 20 21 22 23 24 25 26 
Execution time: 36785 ms

Elapsed time: 257392 ms


Execution #8/10000

Seed: 8
Estimated max possible cost 375.398203
for path: 
0 1 2 3 4 5 6 7 8 9 10 11 12 13 14 15 16 17 18 19 20 21 22 23 24 25 26 
Execution time: 37105 ms

Elapsed time: 294497 ms


Execution #9/10000

Seed: 9
Estimated max possible cost 375.398203
for path: 
0 1 2 3 4 5 6 7 8 9 10 11 12 13 14 15 16 17 18 19 20 21 22 23 24 25 26 
Execution time: 33479 ms

Elapsed time: 327976 ms


Terminating due to timeout: 327976 ms >= 300000 ms

Executed runs: 8/10000
Total execution time: 327.976 s
Avg execution time: 40997 ms
