Solving SHP


Execution #1/10000

Seed: 1
Estimated max possible cost 377.938203
for path: 
0 1 2 3 4 5 6 7 8 9 10 11 12 13 14 15 16 17 18 19 20 21 22 23 24 25 26 27 
Memory needed for path: 1317415008 locs, for costs: 1048380480 locs.
Desired precision: 1e+06
Mem constraint for cost_t: 16 bits
Rounded to pow of 2 bytes mem constraint (capped at 64bits) for cost_t: 16 bits
Bits needed for an int to preserve precision: 29
Warning: cannot preserve precision.
Warning: Using an integer; there is not enough memory for decimals.
Bits used per cost_t: 16
Selected cost_t = (u)int16_t
Solving with cost_t = t
Memory [GB] needed: 3.1797
Requested precision is too high;managed to differentiate costs by: 0.001331
Distances:
0, 5.08, 242.54, 232.423, 228.124, 218.013, 212.172, 212.044, 211.947, 211.88, 211.843, 211.837, 211.862, 211.917, 212.002, 212.117, 212.263, 212.44, 212.646, 212.882, 213.149, 196.958, 196.821, 196.716, 196.643, 196.604, 196.597, 196.624, 
5.08, 0, 247.599, 237.481, 233.181, 223.068, 217.244, 217.119, 217.024, 216.959, 216.923, 216.917, 216.941, 216.995, 217.078, 217.191, 217.333, 217.505, 217.707, 217.938, 218.198, 202.029, 201.895, 201.793, 201.722, 201.684, 201.677, 201.703, 
242.54, 247.599, 0, 10.16, 14.478, 24.638, 31.3255, 32.219, 33.2827, 34.501, 35.8581, 37.3389, 38.9292, 40.6162, 42.3883, 44.2354, 46.1484, 48.1194, 50.1417, 52.2092, 54.3168, 46.0364, 46.649, 47.3899, 48.2533, 49.2328, 50.3215, 51.5126, 
232.423, 237.481, 10.16, 0, 4.318, 14.478, 21.9236, 23.1823, 24.6393, 26.2617, 28.0207, 29.8922, 31.8565, 33.8973, 36.0018, 38.1592, 40.3612, 42.6009, 44.8725, 47.1716, 49.4942, 36.1805, 36.9568, 37.8877, 38.9623, 40.169, 41.4962, 42.9328, 
228.124, 233.181, 14.478, 4.318, 0, 10.16, 18.1765, 19.6764, 21.3738, 23.2254, 25.1973, 27.2633, 29.4037, 31.6034, 33.8507, 36.1368, 38.4548, 40.7992, 43.1658, 45.5511, 47.9522, 32.0493, 32.9231, 33.9648, 35.1595, 36.4921, 37.9481, 39.5139, 
218.013, 223.068, 24.638, 14.478, 10.16, 0, 11.1326, 13.4428, 15.8236, 18.2474, 20.6991, 23.1698, 25.654, 28.1482, 30.6499, 33.1575, 35.6696, 38.1854, 40.7042, 43.2255, 45.7489, 22.606, 23.8287, 25.2484, 26.834, 28.5578, 30.3963, 32.3299, 
212.172, 217.244, 31.3255, 21.9236, 18.1765, 11.1326, 0, 2.54, 5.08, 7.62, 10.16, 12.7, 15.24, 17.78, 20.32, 22.86, 25.4, 27.94, 30.48, 33.02, 35.56, 15.24, 15.4502, 16.0644, 17.0388, 18.3162, 19.838, 21.5526, 
212.044, 217.119, 32.219, 23.1823, 19.6764, 13.4428, 2.54, 0, 2.54, 5.08, 7.62, 10.16, 12.7, 15.24, 17.78, 20.32, 22.86, 25.4, 27.94, 30.48, 33.02, 15.4502, 15.24, 15.4502, 16.0644, 17.0388, 18.3162, 19.838, 
211.947, 217.024, 33.2827, 24.6393, 21.3738, 15.8236, 5.08, 2.54, 0, 2.54, 5.08, 7.62, 10.16, 12.7, 15.24, 17.78, 20.32, 22.86, 25.4, 27.94, 30.48, 16.0644, 15.4502, 15.24, 15.4502, 16.0644, 17.0388, 18.3162, 
211.88, 216.959, 34.501, 26.2617, 23.2254, 18.2474, 7.62, 5.08, 2.54, 0, 2.54, 5.08, 7.62, 10.16, 12.7, 15.24, 17.78, 20.32, 22.86, 25.4, 27.94, 17.0388, 16.0644, 15.4502, 15.24, 15.4502, 16.0644, 17.0388, 
211.843, 216.923, 35.8581, 28.0207, 25.1973, 20.6991, 10.16, 7.62, 5.08, 2.54, 0, 2.54, 5.08, 7.62, 10.16, 12.7, 15.24, 17.78, 20.32, 22.86, 25.4, 18.3162, 17.0388, 16.0644, 15.4502, 15.24, 15.4502, 16.0644, 
211.837, 216.917, 37.3389, 29.8922, 27.2633, 23.1698, 12.7, 10.16, 7.62, 5.08, 2.54, 0, 2.54, 5.08, 7.62, 10.16, 12.7, 15.24, 17.78, 20.32, 22.86, 19.838, 18.3162, 17.0388, 16.0644, 15.4502, 15.24, 15.4502, 
211.862, 216.941, 38.9292, 31.8565, 29.4037, 25.654, 15.24, 12.7, 10.16, 7.62, 5.08, 2.54, 0, 2.54, 5.08, 7.62, 10.16, 12.7, 15.24, 17.78, 20.32, 21.5526, 19.838, 18.3162, 17.0388, 16.0644, 15.4502, 15.24, 
211.917, 216.995, 40.6162, 33.8973, 31.6034, 28.1482, 17.78, 15.24, 12.7, 10.16, 7.62, 5.08, 2.54, 0, 2.54, 5.08, 7.62, 10.16, 12.7, 15.24, 17.78, 23.4176, 21.5526, 19.838, 18.3162, 17.0388, 16.0644, 15.4502, 
212.002, 217.078, 42.3883, 36.0018, 33.8507, 30.6499, 20.32, 17.78, 15.24, 12.7, 10.16, 7.62, 5.08, 2.54, 0, 2.54, 5.08, 7.62, 10.16, 12.7, 15.24, 25.4, 23.4176, 21.5526, 19.838, 18.3162, 17.0388, 16.0644, 
212.117, 217.191, 44.2354, 38.1592, 36.1368, 33.1575, 22.86, 20.32, 17.78, 15.24, 12.7, 10.16, 7.62, 5.08, 2.54, 0, 2.54, 5.08, 7.62, 10.16, 12.7, 27.4743, 25.4, 23.4176, 21.5526, 19.838, 18.3162, 17.0388, 
212.263, 217.333, 46.1484, 40.3612, 38.4548, 35.6696, 25.4, 22.86, 20.32, 17.78, 15.24, 12.7, 10.16, 7.62, 5.08, 2.54, 0, 2.54, 5.08, 7.62, 10.16, 29.6212, 27.4743, 25.4, 23.4176, 21.5526, 19.838, 18.3162, 
212.44, 217.505, 48.1194, 42.6009, 40.7992, 38.1854, 27.94, 25.4, 22.86, 20.32, 17.78, 15.24, 12.7, 10.16, 7.62, 5.08, 2.54, 0, 2.54, 5.08, 7.62, 31.8261, 29.6212, 27.4743, 25.4, 23.4176, 21.5526, 19.838, 
212.646, 217.707, 50.1417, 44.8725, 43.1658, 40.7042, 30.48, 27.94, 25.4, 22.86, 20.32, 17.78, 15.24, 12.7, 10.16, 7.62, 5.08, 2.54, 0, 2.54, 5.08, 34.0777, 31.8261, 29.6212, 27.4743, 25.4, 23.4176, 21.5526, 
212.882, 217.938, 52.2092, 47.1716, 45.5511, 43.2255, 33.02, 30.48, 27.94, 25.4, 22.86, 20.32, 17.78, 15.24, 12.7, 10.16, 7.62, 5.08, 2.54, 0, 2.54, 36.3673, 34.0777, 31.8261, 29.6212, 27.4743, 25.4, 23.4176, 
213.149, 218.198, 54.3168, 49.4942, 47.9522, 45.7489, 35.56, 33.02, 30.48, 27.94, 25.4, 22.86, 20.32, 17.78, 15.24, 12.7, 10.16, 7.62, 5.08, 2.54, 0, 38.6881, 36.3673, 34.0777, 31.8261, 29.6212, 27.4743, 25.4, 
196.958, 202.029, 46.0364, 36.1805, 32.0493, 22.606, 15.24, 15.4502, 16.0644, 17.0388, 18.3162, 19.838, 21.5526, 23.4176, 25.4, 27.4743, 29.6212, 31.8261, 34.0777, 36.3673, 38.6881, 0, 2.54, 5.08, 7.62, 10.16, 12.7, 15.24, 
196.821, 201.895, 46.649, 36.9568, 32.9231, 23.8287, 15.4502, 15.24, 15.4502, 16.0644, 17.0388, 18.3162, 19.838, 21.5526, 23.4176, 25.4, 27.4743, 29.6212, 31.8261, 34.0777, 36.3673, 2.54, 0, 2.54, 5.08, 7.62, 10.16, 12.7, 
196.716, 201.793, 47.3899, 37.8877, 33.9648, 25.2484, 16.0644, 15.4502, 15.24, 15.4502, 16.0644, 17.0388, 18.3162, 19.838, 21.5526, 23.4176, 25.4, 27.4743, 29.6212, 31.8261, 34.0777, 5.08, 2.54, 0, 2.54, 5.08, 7.62, 10.16, 
196.643, 201.722, 48.2533, 38.9623, 35.1595, 26.834, 17.0388, 16.0644, 15.4502, 15.24, 15.4502, 16.0644, 17.0388, 18.3162, 19.838, 21.5526, 23.4176, 25.4, 27.4743, 29.6212, 31.8261, 7.62, 5.08, 2.54, 0, 2.54, 5.08, 7.62, 
196.604, 201.684, 49.2328, 40.169, 36.4921, 28.5578, 18.3162, 17.0388, 16.0644, 15.4502, 15.24, 15.4502, 16.0644, 17.0388, 18.3162, 19.838, 21.5526, 23.4176, 25.4, 27.4743, 29.6212, 10.16, 7.62, 5.08, 2.54, 0, 2.54, 5.08, 
196.597, 201.677, 50.3215, 41.4962, 37.9481, 30.3963, 19.838, 18.3162, 17.0388, 16.0644, 15.4502, 15.24, 15.4502, 16.0644, 17.0388, 18.3162, 19.838, 21.5526, 23.4176, 25.4, 27.4743, 12.7, 10.16, 7.62, 5.08, 2.54, 0, 2.54, 
196.624, 201.703, 51.5126, 42.9328, 39.5139, 32.3299, 21.5526, 19.838, 18.3162, 17.0388, 16.0644, 15.4502, 15.24, 15.4502, 16.0644, 17.0388, 18.3162, 19.838, 21.5526, 23.4176, 25.4, 15.24, 12.7, 10.16, 7.62, 5.08, 2.54, 0, 
Scaled Distances:
0, 493, 46622, 44657, 43822, 41858, 40723, 40698, 40679, 40666, 40659, 40658, 40663, 40673, 40690, 40712, 40741, 40775, 40815, 40861, 40913, 37767, 37741, 37720, 37706, 37699, 37697, 37702, 
493, 0, 47605, 45639, 44804, 42839, 41708, 41684, 41665, 41653, 41646, 41645, 41649, 41660, 41676, 41698, 41725, 41759, 41798, 41843, 41894, 38752, 38726, 38707, 38693, 38685, 38684, 38689, 
46622, 47605, 0, 1480, 2319, 4293, 5592, 5765, 5972, 6209, 6472, 6760, 7069, 7397, 7741, 8100, 8471, 8854, 9247, 9649, 10058, 8450, 8569, 8712, 8880, 9070, 9282, 9513, 
44657, 45639, 1480, 0, 345, 2319, 3765, 4010, 4293, 4608, 4950, 5313, 5695, 6091, 6500, 6919, 7347, 7782, 8223, 8670, 9121, 6535, 6686, 6867, 7075, 7310, 7568, 7847, 
43822, 44804, 2319, 345, 0, 1480, 3038, 3329, 3659, 4018, 4401, 4803, 5219, 5646, 6082, 6526, 6977, 7432, 7892, 8355, 8822, 5732, 5902, 6105, 6337, 6595, 6878, 7183, 
41858, 42839, 4293, 2319, 1480, 0, 1669, 2118, 2580, 3051, 3528, 4008, 4490, 4975, 5461, 5948, 6436, 6924, 7414, 7904, 8394, 3898, 4136, 4411, 4719, 5054, 5411, 5787, 
40723, 41708, 5592, 3765, 3038, 1669, 0, 0, 493, 987, 1480, 1974, 2467, 2961, 3454, 3947, 4441, 4934, 5428, 5921, 6414, 2467, 2508, 2627, 2817, 3065, 3360, 3693, 
40698, 41684, 5765, 4010, 3329, 2118, 0, 0, 0, 493, 987, 1480, 1974, 2467, 2961, 3454, 3947, 4441, 4934, 5428, 5921, 2508, 2467, 2508, 2627, 2817, 3065, 3360, 
40679, 41665, 5972, 4293, 3659, 2580, 493, 0, 0, 0, 493, 987, 1480, 1974, 2467, 2961, 3454, 3947, 4441, 4934, 5428, 2627, 2508, 2467, 2508, 2627, 2817, 3065, 
40666, 41653, 6209, 4608, 4018, 3051, 987, 493, 0, 0, 0, 493, 987, 1480, 1974, 2467, 2961, 3454, 3947, 4441, 4934, 2817, 2627, 2508, 2467, 2508, 2627, 2817, 
40659, 41646, 6472, 4950, 4401, 3528, 1480, 987, 493, 0, 0, 0, 493, 987, 1480, 1974, 2467, 2961, 3454, 3947, 4441, 3065, 2817, 2627, 2508, 2467, 2508, 2627, 
40658, 41645, 6760, 5313, 4803, 4008, 1974, 1480, 987, 493, 0, 0, 0, 493, 987, 1480, 1974, 2467, 2961, 3454, 3947, 3360, 3065, 2817, 2627, 2508, 2467, 2508, 
40663, 41649, 7069, 5695, 5219, 4490, 2467, 1974, 1480, 987, 493, 0, 0, 0, 493, 987, 1480, 1974, 2467, 2961, 3454, 3693, 3360, 3065, 2817, 2627, 2508, 2467, 
40673, 41660, 7397, 6091, 5646, 4975, 2961, 2467, 1974, 1480, 987, 493, 0, 0, 0, 493, 987, 1480, 1974, 2467, 2961, 4056, 3693, 3360, 3065, 2817, 2627, 2508, 
40690, 41676, 7741, 6500, 6082, 5461, 3454, 2961, 2467, 1974, 1480, 987, 493, 0, 0, 0, 493, 987, 1480, 1974, 2467, 4441, 4056, 3693, 3360, 3065, 2817, 2627, 
40712, 41698, 8100, 6919, 6526, 5948, 3947, 3454, 2961, 2467, 1974, 1480, 987, 493, 0, 0, 0, 493, 987, 1480, 1974, 4844, 4441, 4056, 3693, 3360, 3065, 2817, 
40741, 41725, 8471, 7347, 6977, 6436, 4441, 3947, 3454, 2961, 2467, 1974, 1480, 987, 493, 0, 0, 0, 493, 987, 1480, 5261, 4844, 4441, 4056, 3693, 3360, 3065, 
40775, 41759, 8854, 7782, 7432, 6924, 4934, 4441, 3947, 3454, 2961, 2467, 1974, 1480, 987, 493, 0, 0, 0, 493, 987, 5689, 5261, 4844, 4441, 4056, 3693, 3360, 
40815, 41798, 9247, 8223, 7892, 7414, 5428, 4934, 4441, 3947, 3454, 2961, 2467, 1974, 1480, 987, 493, 0, 0, 0, 493, 6126, 5689, 5261, 4844, 4441, 4056, 3693, 
40861, 41843, 9649, 8670, 8355, 7904, 5921, 5428, 4934, 4441, 3947, 3454, 2961, 2467, 1974, 1480, 987, 493, 0, 0, 0, 6571, 6126, 5689, 5261, 4844, 4441, 4056, 
40913, 41894, 10058, 9121, 8822, 8394, 6414, 5921, 5428, 4934, 4441, 3947, 3454, 2961, 2467, 1974, 1480, 987, 493, 0, 0, 7022, 6571, 6126, 5689, 5261, 4844, 4441, 
37767, 38752, 8450, 6535, 5732, 3898, 2467, 2508, 2627, 2817, 3065, 3360, 3693, 4056, 4441, 4844, 5261, 5689, 6126, 6571, 7022, 0, 0, 493, 987, 1480, 1974, 2467, 
37741, 38726, 8569, 6686, 5902, 4136, 2508, 2467, 2508, 2627, 2817, 3065, 3360, 3693, 4056, 4441, 4844, 5261, 5689, 6126, 6571, 0, 0, 0, 493, 987, 1480, 1974, 
37720, 38707, 8712, 6867, 6105, 4411, 2627, 2508, 2467, 2508, 2627, 2817, 3065, 3360, 3693, 4056, 4441, 4844, 5261, 5689, 6126, 493, 0, 0, 0, 493, 987, 1480, 
37706, 38693, 8880, 7075, 6337, 4719, 2817, 2627, 2508, 2467, 2508, 2627, 2817, 3065, 3360, 3693, 4056, 4441, 4844, 5261, 5689, 987, 493, 0, 0, 0, 493, 987, 
37699, 38685, 9070, 7310, 6595, 5054, 3065, 2817, 2627, 2508, 2467, 2508, 2627, 2817, 3065, 3360, 3693, 4056, 4441, 4844, 5261, 1480, 987, 493, 0, 0, 0, 493, 
37697, 38684, 9282, 7568, 6878, 5411, 3360, 3065, 2817, 2627, 2508, 2467, 2508, 2627, 2817, 3065, 3360, 3693, 4056, 4441, 4844, 1974, 1480, 987, 493, 0, 0, 0, 
37702, 38689, 9513, 7847, 7183, 5787, 3693, 3360, 3065, 2817, 2627, 2508, 2467, 2508, 2627, 2817, 3065, 3360, 3693, 4056, 4441, 2467, 1974, 1480, 987, 493, 0, 0, 
Optimal total distance (scaled) for 28 points: 47675
Optimal total distance for 28 points: 314.008745
Corresponding path (0-indexed):
Point #2
Point #3
Point #4
Point #5
Point #6
Point #7
Point #8
Point #9
Point #10
Point #11
Point #12
Point #13
Point #14
Point #15
Point #16
Point #17
Point #18
Point #19
Point #20
Point #27
Point #26
Point #25
Point #24
Point #23
Point #22
Point #21
Point #0
Point #1
Execution time: 80493 ms

Elapsed time: 80493 ms


Execution #2/10000

Seed: 2
Estimated max possible cost 377.938203
for path: 
0 1 2 3 4 5 6 7 8 9 10 11 12 13 14 15 16 17 18 19 20 21 22 23 24 25 26 27 
Execution time: 78708 ms

Elapsed time: 159201 ms


Execution #3/10000

Seed: 3
Estimated max possible cost 377.938203
for path: 
0 1 2 3 4 5 6 7 8 9 10 11 12 13 14 15 16 17 18 19 20 21 22 23 24 25 26 27 
Execution time: 77963 ms

Elapsed time: 237164 ms


Execution #4/10000

Seed: 4
Estimated max possible cost 377.938203
for path: 
0 1 2 3 4 5 6 7 8 9 10 11 12 13 14 15 16 17 18 19 20 21 22 23 24 25 26 27 
Execution time: 77991 ms

Elapsed time: 315155 ms


Terminating due to timeout: 315155 ms >= 300000 ms

Executed runs: 3/10000
Total execution time: 315.155 s
Avg execution time: 105052 ms
