Solving SHP


Execution #1/10000

Seed: 1
Estimated max possible cost 380.478203
for path: 
0 1 2 3 4 5 6 7 8 9 10 11 12 13 14 15 16 17 18 19 20 21 22 23 24 25 26 27 28 
Memory needed for path: 2224799931 locs, for costs: 1968053535 locs.
Desired precision: 1e+06
Mem constraint for cost_t: 16 bits
Rounded to pow of 2 bytes mem constraint (capped at 64bits) for cost_t: 16 bits
Bits needed for an int to preserve precision: 29
Warning: cannot preserve precision.
Warning: Using an integer; there is not enough memory for decimals.
Bits used per cost_t: 16
Selected cost_t = (u)int16_t
Solving with cost_t = t
Memory [GB] needed: 5.73779
Requested precision is too high;managed to differentiate costs by: 0.003542
Distances:
0, 5.08, 242.54, 232.423, 228.124, 218.013, 212.172, 212.044, 211.947, 211.88, 211.843, 211.837, 211.862, 211.917, 212.002, 212.117, 212.263, 212.44, 212.646, 212.882, 213.149, 196.958, 196.821, 196.716, 196.643, 196.604, 196.597, 196.624, 196.683, 
5.08, 0, 247.599, 237.481, 233.181, 223.068, 217.244, 217.119, 217.024, 216.959, 216.923, 216.917, 216.941, 216.995, 217.078, 217.191, 217.333, 217.505, 217.707, 217.938, 218.198, 202.029, 201.895, 201.793, 201.722, 201.684, 201.677, 201.703, 201.761, 
242.54, 247.599, 0, 10.16, 14.478, 24.638, 31.3255, 32.219, 33.2827, 34.501, 35.8581, 37.3389, 38.9292, 40.6162, 42.3883, 44.2354, 46.1484, 48.1194, 50.1417, 52.2092, 54.3168, 46.0364, 46.649, 47.3899, 48.2533, 49.2328, 50.3215, 51.5126, 52.799, 
232.423, 237.481, 10.16, 0, 4.318, 14.478, 21.9236, 23.1823, 24.6393, 26.2617, 28.0207, 29.8922, 31.8565, 33.8973, 36.0018, 38.1592, 40.3612, 42.6009, 44.8725, 47.1716, 49.4942, 36.1805, 36.9568, 37.8877, 38.9623, 40.169, 41.4962, 42.9328, 44.4681, 
228.124, 233.181, 14.478, 4.318, 0, 10.16, 18.1765, 19.6764, 21.3738, 23.2254, 25.1973, 27.2633, 29.4037, 31.6034, 33.8507, 36.1368, 38.4548, 40.7992, 43.1658, 45.5511, 47.9522, 32.0493, 32.9231, 33.9648, 35.1595, 36.4921, 37.9481, 39.5139, 41.177, 
218.013, 223.068, 24.638, 14.478, 10.16, 0, 11.1326, 13.4428, 15.8236, 18.2474, 20.6991, 23.1698, 25.654, 28.1482, 30.6499, 33.1575, 35.6696, 38.1854, 40.7042, 43.2255, 45.7489, 22.606, 23.8287, 25.2484, 26.834, 28.5578, 30.3963, 32.3299, 34.3426, 
212.172, 217.244, 31.3255, 21.9236, 18.1765, 11.1326, 0, 2.54, 5.08, 7.62, 10.16, 12.7, 15.24, 17.78, 20.32, 22.86, 25.4, 27.94, 30.48, 33.02, 35.56, 15.24, 15.4502, 16.0644, 17.0388, 18.3162, 19.838, 21.5526, 23.4176, 
212.044, 217.119, 32.219, 23.1823, 19.6764, 13.4428, 2.54, 0, 2.54, 5.08, 7.62, 10.16, 12.7, 15.24, 17.78, 20.32, 22.86, 25.4, 27.94, 30.48, 33.02, 15.4502, 15.24, 15.4502, 16.0644, 17.0388, 18.3162, 19.838, 21.5526, 
211.947, 217.024, 33.2827, 24.6393, 21.3738, 15.8236, 5.08, 2.54, 0, 2.54, 5.08, 7.62, 10.16, 12.7, 15.24, 17.78, 20.32, 22.86, 25.4, 27.94, 30.48, 16.0644, 15.4502, 15.24, 15.4502, 16.0644, 17.0388, 18.3162, 19.838, 
211.88, 216.959, 34.501, 26.2617, 23.2254, 18.2474, 7.62, 5.08, 2.54, 0, 2.54, 5.08, 7.62, 10.16, 12.7, 15.24, 17.78, 20.32, 22.86, 25.4, 27.94, 17.0388, 16.0644, 15.4502, 15.24, 15.4502, 16.0644, 17.0388, 18.3162, 
211.843, 216.923, 35.8581, 28.0207, 25.1973, 20.6991, 10.16, 7.62, 5.08, 2.54, 0, 2.54, 5.08, 7.62, 10.16, 12.7, 15.24, 17.78, 20.32, 22.86, 25.4, 18.3162, 17.0388, 16.0644, 15.4502, 15.24, 15.4502, 16.0644, 17.0388, 
211.837, 216.917, 37.3389, 29.8922, 27.2633, 23.1698, 12.7, 10.16, 7.62, 5.08, 2.54, 0, 2.54, 5.08, 7.62, 10.16, 12.7, 15.24, 17.78, 20.32, 22.86, 19.838, 18.3162, 17.0388, 16.0644, 15.4502, 15.24, 15.4502, 16.0644, 
211.862, 216.941, 38.9292, 31.8565, 29.4037, 25.654, 15.24, 12.7, 10.16, 7.62, 5.08, 2.54, 0, 2.54, 5.08, 7.62, 10.16, 12.7, 15.24, 17.78, 20.32, 21.5526, 19.838, 18.3162, 17.0388, 16.0644, 15.4502, 15.24, 15.4502, 
211.917, 216.995, 40.6162, 33.8973, 31.6034, 28.1482, 17.78, 15.24, 12.7, 10.16, 7.62, 5.08, 2.54, 0, 2.54, 5.08, 7.62, 10.16, 12.7, 15.24, 17.78, 23.4176, 21.5526, 19.838, 18.3162, 17.0388, 16.0644, 15.4502, 15.24, 
212.002, 217.078, 42.3883, 36.0018, 33.8507, 30.6499, 20.32, 17.78, 15.24, 12.7, 10.16, 7.62, 5.08, 2.54, 0, 2.54, 5.08, 7.62, 10.16, 12.7, 15.24, 25.4, 23.4176, 21.5526, 19.838, 18.3162, 17.0388, 16.0644, 15.4502, 
212.117, 217.191, 44.2354, 38.1592, 36.1368, 33.1575, 22.86, 20.32, 17.78, 15.24, 12.7, 10.16, 7.62, 5.08, 2.54, 0, 2.54, 5.08, 7.62, 10.16, 12.7, 27.4743, 25.4, 23.4176, 21.5526, 19.838, 18.3162, 17.0388, 16.0644, 
212.263, 217.333, 46.1484, 40.3612, 38.4548, 35.6696, 25.4, 22.86, 20.32, 17.78, 15.24, 12.7, 10.16, 7.62, 5.08, 2.54, 0, 2.54, 5.08, 7.62, 10.16, 29.6212, 27.4743, 25.4, 23.4176, 21.5526, 19.838, 18.3162, 17.0388, 
212.44, 217.505, 48.1194, 42.6009, 40.7992, 38.1854, 27.94, 25.4, 22.86, 20.32, 17.78, 15.24, 12.7, 10.16, 7.62, 5.08, 2.54, 0, 2.54, 5.08, 7.62, 31.8261, 29.6212, 27.4743, 25.4, 23.4176, 21.5526, 19.838, 18.3162, 
212.646, 217.707, 50.1417, 44.8725, 43.1658, 40.7042, 30.48, 27.94, 25.4, 22.86, 20.32, 17.78, 15.24, 12.7, 10.16, 7.62, 5.08, 2.54, 0, 2.54, 5.08, 34.0777, 31.8261, 29.6212, 27.4743, 25.4, 23.4176, 21.5526, 19.838, 
212.882, 217.938, 52.2092, 47.1716, 45.5511, 43.2255, 33.02, 30.48, 27.94, 25.4, 22.86, 20.32, 17.78, 15.24, 12.7, 10.16, 7.62, 5.08, 2.54, 0, 2.54, 36.3673, 34.0777, 31.8261, 29.6212, 27.4743, 25.4, 23.4176, 21.5526, 
213.149, 218.198, 54.3168, 49.4942, 47.9522, 45.7489, 35.56, 33.02, 30.48, 27.94, 25.4, 22.86, 20.32, 17.78, 15.24, 12.7, 10.16, 7.62, 5.08, 2.54, 0, 38.6881, 36.3673, 34.0777, 31.8261, 29.6212, 27.4743, 25.4, 23.4176, 
196.958, 202.029, 46.0364, 36.1805, 32.0493, 22.606, 15.24, 15.4502, 16.0644, 17.0388, 18.3162, 19.838, 21.5526, 23.4176, 25.4, 27.4743, 29.6212, 31.8261, 34.0777, 36.3673, 38.6881, 0, 2.54, 5.08, 7.62, 10.16, 12.7, 15.24, 17.78, 
196.821, 201.895, 46.649, 36.9568, 32.9231, 23.8287, 15.4502, 15.24, 15.4502, 16.0644, 17.0388, 18.3162, 19.838, 21.5526, 23.4176, 25.4, 27.4743, 29.6212, 31.8261, 34.0777, 36.3673, 2.54, 0, 2.54, 5.08, 7.62, 10.16, 12.7, 15.24, 
196.716, 201.793, 47.3899, 37.8877, 33.9648, 25.2484, 16.0644, 15.4502, 15.24, 15.4502, 16.0644, 17.0388, 18.3162, 19.838, 21.5526, 23.4176, 25.4, 27.4743, 29.6212, 31.8261, 34.0777, 5.08, 2.54, 0, 2.54, 5.08, 7.62, 10.16, 12.7, 
196.643, 201.722, 48.2533, 38.9623, 35.1595, 26.834, 17.0388, 16.0644, 15.4502, 15.24, 15.4502, 16.0644, 17.0388, 18.3162, 19.838, 21.5526, 23.4176, 25.4, 27.4743, 29.6212, 31.8261, 7.62, 5.08, 2.54, 0, 2.54, 5.08, 7.62, 10.16, 
196.604, 201.684, 49.2328, 40.169, 36.4921, 28.5578, 18.3162, 17.0388, 16.0644, 15.4502, 15.24, 15.4502, 16.0644, 17.0388, 18.3162, 19.838, 21.5526, 23.4176, 25.4, 27.4743, 29.6212, 10.16, 7.62, 5.08, 2.54, 0, 2.54, 5.08, 7.62, 
196.597, 201.677, 50.3215, 41.4962, 37.9481, 30.3963, 19.838, 18.3162, 17.0388, 16.0644, 15.4502, 15.24, 15.4502, 16.0644, 17.0388, 18.3162, 19.838, 21.5526, 23.4176, 25.4, 27.4743, 12.7, 10.16, 7.62, 5.08, 2.54, 0, 2.54, 5.08, 
196.624, 201.703, 51.5126, 42.9328, 39.5139, 32.3299, 21.5526, 19.838, 18.3162, 17.0388, 16.0644, 15.4502, 15.24, 15.4502, 16.0644, 17.0388, 18.3162, 19.838, 21.5526, 23.4176, 25.4, 15.24, 12.7, 10.16, 7.62, 5.08, 2.54, 0, 2.54, 
196.683, 201.761, 52.799, 44.4681, 41.177, 34.3426, 23.4176, 21.5526, 19.838, 18.3162, 17.0388, 16.0644, 15.4502, 15.24, 15.4502, 16.0644, 17.0388, 18.3162, 19.838, 21.5526, 23.4176, 17.78, 15.24, 12.7, 10.16, 7.62, 5.08, 2.54, 0, 
Scaled Distances:
0, 492, 46484, 44524, 43692, 41734, 40602, 40577, 40559, 40546, 40539, 40537, 40542, 40553, 40569, 40592, 40620, 40654, 40694, 40740, 40791, 37656, 37629, 37609, 37595, 37587, 37586, 37591, 37602, 
492, 0, 47464, 45504, 44671, 42713, 41585, 41560, 41542, 41529, 41522, 41521, 41526, 41536, 41552, 41574, 41602, 41635, 41674, 41719, 41769, 38638, 38612, 38592, 38578, 38571, 38570, 38575, 38586, 
46484, 47464, 0, 1476, 2312, 4280, 5575, 5748, 5954, 6190, 6453, 6740, 7048, 7375, 7718, 8076, 8446, 8828, 9220, 9620, 10028, 8425, 8543, 8687, 8854, 9044, 9254, 9485, 9734, 
44524, 45504, 1476, 0, 344, 2312, 3754, 3998, 4280, 4594, 4935, 5298, 5678, 6073, 6481, 6899, 7325, 7759, 8199, 8644, 9094, 6516, 6666, 6846, 7054, 7288, 7545, 7823, 8121, 
43692, 44671, 2312, 344, 0, 1476, 3029, 3319, 3648, 4006, 4388, 4788, 5203, 5629, 6064, 6507, 6956, 7410, 7869, 8331, 8796, 5715, 5885, 6086, 6318, 6576, 6858, 7161, 7483, 
41734, 42713, 4280, 2312, 1476, 0, 1664, 2112, 2573, 3042, 3517, 3996, 4477, 4960, 5444, 5930, 6417, 6904, 7392, 7880, 8369, 3886, 4123, 4398, 4705, 5039, 5395, 5770, 6160, 
40602, 41585, 5575, 3754, 3029, 1664, 0, 0, 492, 984, 1476, 1968, 2460, 2952, 3444, 3936, 4428, 4920, 5412, 5903, 6395, 2460, 2500, 2619, 2808, 3056, 3350, 3682, 4044, 
40577, 41560, 5748, 3998, 3319, 2112, 0, 0, 0, 492, 984, 1476, 1968, 2460, 2952, 3444, 3936, 4428, 4920, 5412, 5903, 2500, 2460, 2500, 2619, 2808, 3056, 3350, 3682, 
40559, 41542, 5954, 4280, 3648, 2573, 492, 0, 0, 0, 492, 984, 1476, 1968, 2460, 2952, 3444, 3936, 4428, 4920, 5412, 2619, 2500, 2460, 2500, 2619, 2808, 3056, 3350, 
40546, 41529, 6190, 4594, 4006, 3042, 984, 492, 0, 0, 0, 492, 984, 1476, 1968, 2460, 2952, 3444, 3936, 4428, 4920, 2808, 2619, 2500, 2460, 2500, 2619, 2808, 3056, 
40539, 41522, 6453, 4935, 4388, 3517, 1476, 984, 492, 0, 0, 0, 492, 984, 1476, 1968, 2460, 2952, 3444, 3936, 4428, 3056, 2808, 2619, 2500, 2460, 2500, 2619, 2808, 
40537, 41521, 6740, 5298, 4788, 3996, 1968, 1476, 984, 492, 0, 0, 0, 492, 984, 1476, 1968, 2460, 2952, 3444, 3936, 3350, 3056, 2808, 2619, 2500, 2460, 2500, 2619, 
40542, 41526, 7048, 5678, 5203, 4477, 2460, 1968, 1476, 984, 492, 0, 0, 0, 492, 984, 1476, 1968, 2460, 2952, 3444, 3682, 3350, 3056, 2808, 2619, 2500, 2460, 2500, 
40553, 41536, 7375, 6073, 5629, 4960, 2952, 2460, 1968, 1476, 984, 492, 0, 0, 0, 492, 984, 1476, 1968, 2460, 2952, 4044, 3682, 3350, 3056, 2808, 2619, 2500, 2460, 
40569, 41552, 7718, 6481, 6064, 5444, 3444, 2952, 2460, 1968, 1476, 984, 492, 0, 0, 0, 492, 984, 1476, 1968, 2460, 4428, 4044, 3682, 3350, 3056, 2808, 2619, 2500, 
40592, 41574, 8076, 6899, 6507, 5930, 3936, 3444, 2952, 2460, 1968, 1476, 984, 492, 0, 0, 0, 492, 984, 1476, 1968, 4829, 4428, 4044, 3682, 3350, 3056, 2808, 2619, 
40620, 41602, 8446, 7325, 6956, 6417, 4428, 3936, 3444, 2952, 2460, 1968, 1476, 984, 492, 0, 0, 0, 492, 984, 1476, 5245, 4829, 4428, 4044, 3682, 3350, 3056, 2808, 
40654, 41635, 8828, 7759, 7410, 6904, 4920, 4428, 3936, 3444, 2952, 2460, 1968, 1476, 984, 492, 0, 0, 0, 492, 984, 5672, 5245, 4829, 4428, 4044, 3682, 3350, 3056, 
40694, 41674, 9220, 8199, 7869, 7392, 5412, 4920, 4428, 3936, 3444, 2952, 2460, 1968, 1476, 984, 492, 0, 0, 0, 492, 6108, 5672, 5245, 4829, 4428, 4044, 3682, 3350, 
40740, 41719, 9620, 8644, 8331, 7880, 5903, 5412, 4920, 4428, 3936, 3444, 2952, 2460, 1968, 1476, 984, 492, 0, 0, 0, 6552, 6108, 5672, 5245, 4829, 4428, 4044, 3682, 
40791, 41769, 10028, 9094, 8796, 8369, 6395, 5903, 5412, 4920, 4428, 3936, 3444, 2952, 2460, 1968, 1476, 984, 492, 0, 0, 7001, 6552, 6108, 5672, 5245, 4829, 4428, 4044, 
37656, 38638, 8425, 6516, 5715, 3886, 2460, 2500, 2619, 2808, 3056, 3350, 3682, 4044, 4428, 4829, 5245, 5672, 6108, 6552, 7001, 0, 0, 492, 984, 1476, 1968, 2460, 2952, 
37629, 38612, 8543, 6666, 5885, 4123, 2500, 2460, 2500, 2619, 2808, 3056, 3350, 3682, 4044, 4428, 4829, 5245, 5672, 6108, 6552, 0, 0, 0, 492, 984, 1476, 1968, 2460, 
37609, 38592, 8687, 6846, 6086, 4398, 2619, 2500, 2460, 2500, 2619, 2808, 3056, 3350, 3682, 4044, 4428, 4829, 5245, 5672, 6108, 492, 0, 0, 0, 492, 984, 1476, 1968, 
37595, 38578, 8854, 7054, 6318, 4705, 2808, 2619, 2500, 2460, 2500, 2619, 2808, 3056, 3350, 3682, 4044, 4428, 4829, 5245, 5672, 984, 492, 0, 0, 0, 492, 984, 1476, 
37587, 38571, 9044, 7288, 6576, 5039, 3056, 2808, 2619, 2500, 2460, 2500, 2619, 2808, 3056, 3350, 3682, 4044, 4428, 4829, 5245, 1476, 984, 492, 0, 0, 0, 492, 984, 
37586, 38570, 9254, 7545, 6858, 5395, 3350, 3056, 2808, 2619, 2500, 2460, 2500, 2619, 2808, 3056, 3350, 3682, 4044, 4428, 4829, 1968, 1476, 984, 492, 0, 0, 0, 492, 
37591, 38575, 9485, 7823, 7161, 5770, 3682, 3350, 3056, 2808, 2619, 2500, 2460, 2500, 2619, 2808, 3056, 3350, 3682, 4044, 4428, 2460, 1968, 1476, 984, 492, 0, 0, 0, 
37602, 38586, 9734, 8121, 7483, 6160, 4044, 3682, 3350, 3056, 2808, 2619, 2500, 2460, 2500, 2619, 2808, 3056, 3350, 3682, 4044, 2952, 2460, 1968, 1476, 984, 492, 0, 0, 
Optimal total distance (scaled) for 29 points: 47152
Optimal total distance for 29 points: 314.566388
Corresponding path (0-indexed):
Point #2
Point #3
Point #4
Point #5
Point #6
Point #7
Point #8
Point #9
Point #10
Point #11
Point #12
Point #13
Point #14
Point #15
Point #16
Point #17
Point #18
Point #19
Point #20
Point #28
Point #27
Point #26
Point #25
Point #24
Point #23
Point #22
Point #21
Point #0
Point #1
Execution time: 114174 ms

Elapsed time: 114174 ms


Execution #2/10000

Seed: 2
Estimated max possible cost 380.478203
for path: 
0 1 2 3 4 5 6 7 8 9 10 11 12 13 14 15 16 17 18 19 20 21 22 23 24 25 26 27 28 
Execution time: 114751 ms

Elapsed time: 228925 ms


Execution #3/10000

Seed: 3
Estimated max possible cost 380.478203
for path: 
0 1 2 3 4 5 6 7 8 9 10 11 12 13 14 15 16 17 18 19 20 21 22 23 24 25 26 27 28 
Execution time: 113064 ms

Elapsed time: 341989 ms


Terminating due to timeout: 341989 ms >= 300000 ms

Executed runs: 2/10000
Total execution time: 341.989 s
Avg execution time: 170994 ms
