Solving SHP


Execution #1/10000

Seed: 1
Estimated max possible cost 316.390076
for path: 
0 1 2 3 4 5 6 7 8 9 10 11 12 13 14 15 16 17 
Memory needed for path: 741744 locs, for costs: 787644 locs.
Desired precision: 1e+12
Mem constraint for cost_t: 64 bits
Rounded to pow of 2 bytes mem constraint (capped at 64bits) for cost_t: 64 bits
Bits needed for an int to preserve precision: 48
Bits used per cost_t: 48
Selected cost_t = (u)int64_t
Solving with cost_t = y
Memory [GB] needed: 0.00655921
Distances:
0, 5.08, 242.54, 232.423, 228.124, 218.013, 212.172, 212.044, 211.947, 211.88, 211.843, 211.837, 211.862, 211.917, 212.002, 212.117, 212.263, 212.44, 
5.08, 0, 247.599, 237.481, 233.181, 223.068, 217.244, 217.119, 217.024, 216.959, 216.923, 216.917, 216.941, 216.995, 217.078, 217.191, 217.333, 217.505, 
242.54, 247.599, 0, 10.16, 14.478, 24.638, 31.3255, 32.219, 33.2827, 34.501, 35.8581, 37.3389, 38.9292, 40.6162, 42.3883, 44.2354, 46.1484, 48.1194, 
232.423, 237.481, 10.16, 0, 4.318, 14.478, 21.9236, 23.1823, 24.6393, 26.2617, 28.0207, 29.8922, 31.8565, 33.8973, 36.0018, 38.1592, 40.3612, 42.6009, 
228.124, 233.181, 14.478, 4.318, 0, 10.16, 18.1765, 19.6764, 21.3738, 23.2254, 25.1973, 27.2633, 29.4037, 31.6034, 33.8507, 36.1368, 38.4548, 40.7992, 
218.013, 223.068, 24.638, 14.478, 10.16, 0, 11.1326, 13.4428, 15.8236, 18.2474, 20.6991, 23.1698, 25.654, 28.1482, 30.6499, 33.1575, 35.6696, 38.1854, 
212.172, 217.244, 31.3255, 21.9236, 18.1765, 11.1326, 0, 2.54, 5.08, 7.62, 10.16, 12.7, 15.24, 17.78, 20.32, 22.86, 25.4, 27.94, 
212.044, 217.119, 32.219, 23.1823, 19.6764, 13.4428, 2.54, 0, 2.54, 5.08, 7.62, 10.16, 12.7, 15.24, 17.78, 20.32, 22.86, 25.4, 
211.947, 217.024, 33.2827, 24.6393, 21.3738, 15.8236, 5.08, 2.54, 0, 2.54, 5.08, 7.62, 10.16, 12.7, 15.24, 17.78, 20.32, 22.86, 
211.88, 216.959, 34.501, 26.2617, 23.2254, 18.2474, 7.62, 5.08, 2.54, 0, 2.54, 5.08, 7.62, 10.16, 12.7, 15.24, 17.78, 20.32, 
211.843, 216.923, 35.8581, 28.0207, 25.1973, 20.6991, 10.16, 7.62, 5.08, 2.54, 0, 2.54, 5.08, 7.62, 10.16, 12.7, 15.24, 17.78, 
211.837, 216.917, 37.3389, 29.8922, 27.2633, 23.1698, 12.7, 10.16, 7.62, 5.08, 2.54, 0, 2.54, 5.08, 7.62, 10.16, 12.7, 15.24, 
211.862, 216.941, 38.9292, 31.8565, 29.4037, 25.654, 15.24, 12.7, 10.16, 7.62, 5.08, 2.54, 0, 2.54, 5.08, 7.62, 10.16, 12.7, 
211.917, 216.995, 40.6162, 33.8973, 31.6034, 28.1482, 17.78, 15.24, 12.7, 10.16, 7.62, 5.08, 2.54, 0, 2.54, 5.08, 7.62, 10.16, 
212.002, 217.078, 42.3883, 36.0018, 33.8507, 30.6499, 20.32, 17.78, 15.24, 12.7, 10.16, 7.62, 5.08, 2.54, 0, 2.54, 5.08, 7.62, 
212.117, 217.191, 44.2354, 38.1592, 36.1368, 33.1575, 22.86, 20.32, 17.78, 15.24, 12.7, 10.16, 7.62, 5.08, 2.54, 0, 2.54, 5.08, 
212.263, 217.333, 46.1484, 40.3612, 38.4548, 35.6696, 25.4, 22.86, 20.32, 17.78, 15.24, 12.7, 10.16, 7.62, 5.08, 2.54, 0, 2.54, 
212.44, 217.505, 48.1194, 42.6009, 40.7992, 38.1854, 27.94, 25.4, 22.86, 20.32, 17.78, 15.24, 12.7, 10.16, 7.62, 5.08, 2.54, 0, 
Scaled Distances:
0, 1.60897e+17, 1.52028e+19, 1.4562e+19, 1.42897e+19, 1.36492e+19, 1.32792e+19, 1.32711e+19, 1.32649e+19, 1.32607e+19, 1.32584e+19, 1.3258e+19, 1.32595e+19, 1.3263e+19, 1.32684e+19, 1.32757e+19, 1.3285e+19, 1.32961e+19, 
1.60897e+17, 0, 1.55233e+19, 1.48824e+19, 1.461e+19, 1.39694e+19, 1.36005e+19, 1.35926e+19, 1.35865e+19, 1.35824e+19, 1.35801e+19, 1.35798e+19, 1.35813e+19, 1.35847e+19, 1.35899e+19, 1.35971e+19, 1.36061e+19, 1.3617e+19, 
1.52028e+19, 1.55233e+19, 0, 4.8269e+17, 7.56214e+17, 1.3998e+18, 1.82342e+18, 1.88002e+18, 1.9474e+18, 2.02458e+18, 2.11054e+18, 2.20434e+18, 2.30508e+18, 2.41194e+18, 2.5242e+18, 2.6412e+18, 2.76238e+18, 2.88724e+18, 
1.4562e+19, 1.48824e+19, 4.8269e+17, 0, 1.12628e+17, 7.56214e+17, 1.22786e+18, 1.30759e+18, 1.39988e+18, 1.50265e+18, 1.61408e+18, 1.73263e+18, 1.85706e+18, 1.98634e+18, 2.11964e+18, 2.2563e+18, 2.39579e+18, 2.53766e+18, 
1.42897e+19, 1.461e+19, 7.56214e+17, 1.12628e+17, 0, 4.8269e+17, 9.90499e+17, 1.08551e+18, 1.19303e+18, 1.31032e+18, 1.43523e+18, 1.5661e+18, 1.70169e+18, 1.84102e+18, 1.98338e+18, 2.12819e+18, 2.27503e+18, 2.42354e+18, 
1.36492e+19, 1.39694e+19, 1.3998e+18, 7.56214e+17, 4.8269e+17, 0, 5.44301e+17, 6.9064e+17, 8.41452e+17, 9.94987e+17, 1.15029e+18, 1.30679e+18, 1.46416e+18, 1.62215e+18, 1.78063e+18, 1.93947e+18, 2.0986e+18, 2.25796e+18, 
1.32792e+19, 1.36005e+19, 1.82342e+18, 1.22786e+18, 9.90499e+17, 5.44301e+17, 0, 450, 1.60897e+17, 3.21793e+17, 4.8269e+17, 6.43587e+17, 8.04483e+17, 9.6538e+17, 1.12628e+18, 1.28717e+18, 1.44807e+18, 1.60897e+18, 
1.32711e+19, 1.35926e+19, 1.88002e+18, 1.30759e+18, 1.08551e+18, 6.9064e+17, 450, 0, 450, 1.60897e+17, 3.21793e+17, 4.8269e+17, 6.43587e+17, 8.04483e+17, 9.6538e+17, 1.12628e+18, 1.28717e+18, 1.44807e+18, 
1.32649e+19, 1.35865e+19, 1.9474e+18, 1.39988e+18, 1.19303e+18, 8.41452e+17, 1.60897e+17, 450, 0, 450, 1.60897e+17, 3.21793e+17, 4.8269e+17, 6.43587e+17, 8.04483e+17, 9.6538e+17, 1.12628e+18, 1.28717e+18, 
1.32607e+19, 1.35824e+19, 2.02458e+18, 1.50265e+18, 1.31032e+18, 9.94987e+17, 3.21793e+17, 1.60897e+17, 450, 0, 450, 1.60897e+17, 3.21793e+17, 4.8269e+17, 6.43587e+17, 8.04483e+17, 9.6538e+17, 1.12628e+18, 
1.32584e+19, 1.35801e+19, 2.11054e+18, 1.61408e+18, 1.43523e+18, 1.15029e+18, 4.8269e+17, 3.21793e+17, 1.60897e+17, 450, 0, 450, 1.60897e+17, 3.21793e+17, 4.8269e+17, 6.43587e+17, 8.04483e+17, 9.6538e+17, 
1.3258e+19, 1.35798e+19, 2.20434e+18, 1.73263e+18, 1.5661e+18, 1.30679e+18, 6.43587e+17, 4.8269e+17, 3.21793e+17, 1.60897e+17, 450, 0, 450, 1.60897e+17, 3.21793e+17, 4.8269e+17, 6.43587e+17, 8.04483e+17, 
1.32595e+19, 1.35813e+19, 2.30508e+18, 1.85706e+18, 1.70169e+18, 1.46416e+18, 8.04483e+17, 6.43587e+17, 4.8269e+17, 3.21793e+17, 1.60897e+17, 450, 0, 900, 1.60897e+17, 3.21793e+17, 4.8269e+17, 6.43587e+17, 
1.3263e+19, 1.35847e+19, 2.41194e+18, 1.98634e+18, 1.84102e+18, 1.62215e+18, 9.6538e+17, 8.04483e+17, 6.43587e+17, 4.8269e+17, 3.21793e+17, 1.60897e+17, 900, 0, 450, 1.60897e+17, 3.21793e+17, 4.8269e+17, 
1.32684e+19, 1.35899e+19, 2.5242e+18, 2.11964e+18, 1.98338e+18, 1.78063e+18, 1.12628e+18, 9.6538e+17, 8.04483e+17, 6.43587e+17, 4.8269e+17, 3.21793e+17, 1.60897e+17, 450, 0, 0, 1.60897e+17, 3.21793e+17, 
1.32757e+19, 1.35971e+19, 2.6412e+18, 2.2563e+18, 2.12819e+18, 1.93947e+18, 1.28717e+18, 1.12628e+18, 9.6538e+17, 8.04483e+17, 6.43587e+17, 4.8269e+17, 3.21793e+17, 1.60897e+17, 0, 0, 900, 1.60897e+17, 
1.3285e+19, 1.36061e+19, 2.76238e+18, 2.39579e+18, 2.27503e+18, 2.0986e+18, 1.44807e+18, 1.28717e+18, 1.12628e+18, 9.6538e+17, 8.04483e+17, 6.43587e+17, 4.8269e+17, 3.21793e+17, 1.60897e+17, 900, 0, 900, 
1.32961e+19, 1.3617e+19, 2.88724e+18, 2.53766e+18, 2.42354e+18, 2.25796e+18, 1.60897e+18, 1.44807e+18, 1.28717e+18, 1.12628e+18, 9.6538e+17, 8.04483e+17, 6.43587e+17, 4.8269e+17, 3.21793e+17, 1.60897e+17, 900, 0, 
Optimal total distance (scaled) for 18 points: 1.50793e+19
Optimal total distance for 18 points: 281.230153
Corresponding path (0-indexed):
Point #2
Point #3
Point #4
Point #5
Point #6
Point #7
Point #8
Point #9
Point #10
Point #11
Point #12
Point #13
Point #14
Point #15
Point #16
Point #17
Point #0
Point #1
Execution time: 30 ms

Elapsed time: 30 ms


Execution #2/10000

Seed: 2
Estimated max possible cost 316.390076
for path: 
0 1 2 3 4 5 6 7 8 9 10 11 12 13 14 15 16 17 
Execution time: 38 ms

Elapsed time: 68 ms


Execution #3/10000

Seed: 3
Estimated max possible cost 316.390076
for path: 
0 1 2 3 4 5 6 7 8 9 10 11 12 13 14 15 16 17 
Execution time: 26 ms

Elapsed time: 94 ms


Execution #4/10000

Seed: 4
Estimated max possible cost 316.390076
for path: 
0 1 2 3 4 5 6 7 8 9 10 11 12 13 14 15 16 17 
Execution time: 46 ms

Elapsed time: 140 ms


Execution #5/10000

Seed: 5
Estimated max possible cost 316.390076
for path: 
0 1 2 3 4 5 6 7 8 9 10 11 12 13 14 15 16 17 
Execution time: 33 ms

Elapsed time: 173 ms


Execution #6/10000

Seed: 6
Estimated max possible cost 316.390076
for path: 
0 1 2 3 4 5 6 7 8 9 10 11 12 13 14 15 16 17 
Execution time: 19 ms

Elapsed time: 192 ms


Execution #7/10000

Seed: 7
Estimated max possible cost 316.390076
for path: 
0 1 2 3 4 5 6 7 8 9 10 11 12 13 14 15 16 17 
Execution time: 19 ms

Elapsed time: 211 ms


Execution #8/10000

Seed: 8
Estimated max possible cost 316.390076
for path: 
0 1 2 3 4 5 6 7 8 9 10 11 12 13 14 15 16 17 
Execution time: 20 ms

Elapsed time: 231 ms


Execution #9/10000

Seed: 9
Estimated max possible cost 316.390076
for path: 
0 1 2 3 4 5 6 7 8 9 10 11 12 13 14 15 16 17 
Execution time: 30 ms

Elapsed time: 261 ms


Execution #10/10000

Seed: 10
Estimated max possible cost 316.390076
for path: 
0 1 2 3 4 5 6 7 8 9 10 11 12 13 14 15 16 17 
Execution time: 22 ms

Elapsed time: 283 ms


Execution #11/10000

Seed: 11
Estimated max possible cost 316.390076
for path: 
0 1 2 3 4 5 6 7 8 9 10 11 12 13 14 15 16 17 
Execution time: 20 ms

Elapsed time: 303 ms


Execution #12/10000

Seed: 12
Estimated max possible cost 316.390076
for path: 
0 1 2 3 4 5 6 7 8 9 10 11 12 13 14 15 16 17 
Execution time: 22 ms

Elapsed time: 325 ms


Execution #13/10000

Seed: 13
Estimated max possible cost 316.390076
for path: 
0 1 2 3 4 5 6 7 8 9 10 11 12 13 14 15 16 17 
Execution time: 21 ms

Elapsed time: 346 ms


Execution #14/10000

Seed: 14
Estimated max possible cost 316.390076
for path: 
0 1 2 3 4 5 6 7 8 9 10 11 12 13 14 15 16 17 
Execution time: 22 ms

Elapsed time: 368 ms


Execution #15/10000

Seed: 15
Estimated max possible cost 316.390076
for path: 
0 1 2 3 4 5 6 7 8 9 10 11 12 13 14 15 16 17 
Execution time: 23 ms

Elapsed time: 391 ms


Execution #16/10000

Seed: 16
Estimated max possible cost 316.390076
for path: 
0 1 2 3 4 5 6 7 8 9 10 11 12 13 14 15 16 17 
Execution time: 23 ms

Elapsed time: 414 ms


Execution #17/10000

Seed: 17
Estimated max possible cost 316.390076
for path: 
0 1 2 3 4 5 6 7 8 9 10 11 12 13 14 15 16 17 
Execution time: 22 ms

Elapsed time: 436 ms


Execution #18/10000

Seed: 18
Estimated max possible cost 316.390076
for path: 
0 1 2 3 4 5 6 7 8 9 10 11 12 13 14 15 16 17 
Execution time: 24 ms

Elapsed time: 460 ms


Execution #19/10000

Seed: 19
Estimated max possible cost 316.390076
for path: 
0 1 2 3 4 5 6 7 8 9 10 11 12 13 14 15 16 17 
Execution time: 34 ms

Elapsed time: 494 ms


Execution #20/10000

Seed: 20
Estimated max possible cost 316.390076
for path: 
0 1 2 3 4 5 6 7 8 9 10 11 12 13 14 15 16 17 
Execution time: 68 ms

Elapsed time: 562 ms


Execution #21/10000

Seed: 21
Estimated max possible cost 316.390076
for path: 
0 1 2 3 4 5 6 7 8 9 10 11 12 13 14 15 16 17 
Execution time: 46 ms

Elapsed time: 608 ms


Execution #22/10000

Seed: 22
Estimated max possible cost 316.390076
for path: 
0 1 2 3 4 5 6 7 8 9 10 11 12 13 14 15 16 17 
Execution time: 33 ms

Elapsed time: 641 ms


Execution #23/10000

Seed: 23
Estimated max possible cost 316.390076
for path: 
0 1 2 3 4 5 6 7 8 9 10 11 12 13 14 15 16 17 
Execution time: 33 ms

Elapsed time: 674 ms


Execution #24/10000

Seed: 24
Estimated max possible cost 316.390076
for path: 
0 1 2 3 4 5 6 7 8 9 10 11 12 13 14 15 16 17 
Execution time: 25 ms

Elapsed time: 699 ms


Execution #25/10000

Seed: 25
Estimated max possible cost 316.390076
for path: 
0 1 2 3 4 5 6 7 8 9 10 11 12 13 14 15 16 17 
Execution time: 24 ms

Elapsed time: 723 ms


Execution #26/10000

Seed: 26
Estimated max possible cost 316.390076
for path: 
0 1 2 3 4 5 6 7 8 9 10 11 12 13 14 15 16 17 
Execution time: 36 ms

Elapsed time: 759 ms


Execution #27/10000

Seed: 27
Estimated max possible cost 316.390076
for path: 
0 1 2 3 4 5 6 7 8 9 10 11 12 13 14 15 16 17 
Execution time: 29 ms

Elapsed time: 788 ms


Execution #28/10000

Seed: 28
Estimated max possible cost 316.390076
for path: 
0 1 2 3 4 5 6 7 8 9 10 11 12 13 14 15 16 17 
Execution time: 25 ms

Elapsed time: 813 ms


Execution #29/10000

Seed: 29
Estimated max possible cost 316.390076
for path: 
0 1 2 3 4 5 6 7 8 9 10 11 12 13 14 15 16 17 
Execution time: 29 ms

Elapsed time: 842 ms


Execution #30/10000

Seed: 30
Estimated max possible cost 316.390076
for path: 
0 1 2 3 4 5 6 7 8 9 10 11 12 13 14 15 16 17 
Execution time: 21 ms

Elapsed time: 863 ms


Execution #31/10000

Seed: 31
Estimated max possible cost 316.390076
for path: 
0 1 2 3 4 5 6 7 8 9 10 11 12 13 14 15 16 17 
Execution time: 21 ms

Elapsed time: 884 ms


Execution #32/10000

Seed: 32
Estimated max possible cost 316.390076
for path: 
0 1 2 3 4 5 6 7 8 9 10 11 12 13 14 15 16 17 
Execution time: 20 ms

Elapsed time: 904 ms


Execution #33/10000

Seed: 33
Estimated max possible cost 316.390076
for path: 
0 1 2 3 4 5 6 7 8 9 10 11 12 13 14 15 16 17 
Execution time: 21 ms

Elapsed time: 925 ms


Execution #34/10000

Seed: 34
Estimated max possible cost 316.390076
for path: 
0 1 2 3 4 5 6 7 8 9 10 11 12 13 14 15 16 17 
Execution time: 20 ms

Elapsed time: 945 ms


Execution #35/10000

Seed: 35
Estimated max possible cost 316.390076
for path: 
0 1 2 3 4 5 6 7 8 9 10 11 12 13 14 15 16 17 
Execution time: 30 ms

Elapsed time: 975 ms


Execution #36/10000

Seed: 36
Estimated max possible cost 316.390076
for path: 
0 1 2 3 4 5 6 7 8 9 10 11 12 13 14 15 16 17 
Execution time: 39 ms

Elapsed time: 1014 ms


Execution #37/10000

Seed: 37
Estimated max possible cost 316.390076
for path: 
0 1 2 3 4 5 6 7 8 9 10 11 12 13 14 15 16 17 
Execution time: 28 ms

Elapsed time: 1042 ms


Execution #38/10000

Seed: 38
Estimated max possible cost 316.390076
for path: 
0 1 2 3 4 5 6 7 8 9 10 11 12 13 14 15 16 17 
Execution time: 19 ms

Elapsed time: 1061 ms


Execution #39/10000

Seed: 39
Estimated max possible cost 316.390076
for path: 
0 1 2 3 4 5 6 7 8 9 10 11 12 13 14 15 16 17 
Execution time: 27 ms

Elapsed time: 1088 ms


Execution #40/10000

Seed: 40
Estimated max possible cost 316.390076
for path: 
0 1 2 3 4 5 6 7 8 9 10 11 12 13 14 15 16 17 
Execution time: 20 ms

Elapsed time: 1108 ms


Execution #41/10000

Seed: 41
Estimated max possible cost 316.390076
for path: 
0 1 2 3 4 5 6 7 8 9 10 11 12 13 14 15 16 17 
Execution time: 21 ms

Elapsed time: 1129 ms


Execution #42/10000

Seed: 42
Estimated max possible cost 316.390076
for path: 
0 1 2 3 4 5 6 7 8 9 10 11 12 13 14 15 16 17 
Execution time: 19 ms

Elapsed time: 1148 ms


Execution #43/10000

Seed: 43
Estimated max possible cost 316.390076
for path: 
0 1 2 3 4 5 6 7 8 9 10 11 12 13 14 15 16 17 
Execution time: 21 ms

Elapsed time: 1169 ms


Execution #44/10000

Seed: 44
Estimated max possible cost 316.390076
for path: 
0 1 2 3 4 5 6 7 8 9 10 11 12 13 14 15 16 17 
Execution time: 21 ms

Elapsed time: 1190 ms


Execution #45/10000

Seed: 45
Estimated max possible cost 316.390076
for path: 
0 1 2 3 4 5 6 7 8 9 10 11 12 13 14 15 16 17 
Execution time: 33 ms

Elapsed time: 1223 ms


Execution #46/10000

Seed: 46
Estimated max possible cost 316.390076
for path: 
0 1 2 3 4 5 6 7 8 9 10 11 12 13 14 15 16 17 
Execution time: 28 ms

Elapsed time: 1251 ms


Execution #47/10000

Seed: 47
Estimated max possible cost 316.390076
for path: 
0 1 2 3 4 5 6 7 8 9 10 11 12 13 14 15 16 17 
Execution time: 27 ms

Elapsed time: 1278 ms


Execution #48/10000

Seed: 48
Estimated max possible cost 316.390076
for path: 
0 1 2 3 4 5 6 7 8 9 10 11 12 13 14 15 16 17 
Execution time: 52 ms

Elapsed time: 1330 ms


Execution #49/10000

Seed: 49
Estimated max possible cost 316.390076
for path: 
0 1 2 3 4 5 6 7 8 9 10 11 12 13 14 15 16 17 
Execution time: 34 ms

Elapsed time: 1364 ms


Execution #50/10000

Seed: 50
Estimated max possible cost 316.390076
for path: 
0 1 2 3 4 5 6 7 8 9 10 11 12 13 14 15 16 17 
Execution time: 32 ms

Elapsed time: 1396 ms


Execution #51/10000

Seed: 51
Estimated max possible cost 316.390076
for path: 
0 1 2 3 4 5 6 7 8 9 10 11 12 13 14 15 16 17 
Execution time: 33 ms

Elapsed time: 1429 ms


Execution #52/10000

Seed: 52
Estimated max possible cost 316.390076
for path: 
0 1 2 3 4 5 6 7 8 9 10 11 12 13 14 15 16 17 
Execution time: 34 ms

Elapsed time: 1463 ms


Execution #53/10000

Seed: 53
Estimated max possible cost 316.390076
for path: 
0 1 2 3 4 5 6 7 8 9 10 11 12 13 14 15 16 17 
Execution time: 28 ms

Elapsed time: 1491 ms


Execution #54/10000

Seed: 54
Estimated max possible cost 316.390076
for path: 
0 1 2 3 4 5 6 7 8 9 10 11 12 13 14 15 16 17 
Execution time: 19 ms

Elapsed time: 1510 ms


Execution #55/10000

Seed: 55
Estimated max possible cost 316.390076
for path: 
0 1 2 3 4 5 6 7 8 9 10 11 12 13 14 15 16 17 
Execution time: 23 ms

Elapsed time: 1533 ms


Execution #56/10000

Seed: 56
Estimated max possible cost 316.390076
for path: 
0 1 2 3 4 5 6 7 8 9 10 11 12 13 14 15 16 17 
Execution time: 22 ms

Elapsed time: 1555 ms


Execution #57/10000

Seed: 57
Estimated max possible cost 316.390076
for path: 
0 1 2 3 4 5 6 7 8 9 10 11 12 13 14 15 16 17 
Execution time: 21 ms

Elapsed time: 1576 ms


Execution #58/10000

Seed: 58
Estimated max possible cost 316.390076
for path: 
0 1 2 3 4 5 6 7 8 9 10 11 12 13 14 15 16 17 
Execution time: 22 ms

Elapsed time: 1598 ms


Execution #59/10000

Seed: 59
Estimated max possible cost 316.390076
for path: 
0 1 2 3 4 5 6 7 8 9 10 11 12 13 14 15 16 17 
Execution time: 24 ms

Elapsed time: 1622 ms


Execution #60/10000

Seed: 60
Estimated max possible cost 316.390076
for path: 
0 1 2 3 4 5 6 7 8 9 10 11 12 13 14 15 16 17 
Execution time: 19 ms

Elapsed time: 1641 ms


Execution #61/10000

Seed: 61
Estimated max possible cost 316.390076
for path: 
0 1 2 3 4 5 6 7 8 9 10 11 12 13 14 15 16 17 
Execution time: 40 ms

Elapsed time: 1681 ms


Execution #62/10000

Seed: 62
Estimated max possible cost 316.390076
for path: 
0 1 2 3 4 5 6 7 8 9 10 11 12 13 14 15 16 17 
Execution time: 38 ms

Elapsed time: 1719 ms


Execution #63/10000

Seed: 63
Estimated max possible cost 316.390076
for path: 
0 1 2 3 4 5 6 7 8 9 10 11 12 13 14 15 16 17 
Execution time: 21 ms

Elapsed time: 1740 ms


Execution #64/10000

Seed: 64
Estimated max possible cost 316.390076
for path: 
0 1 2 3 4 5 6 7 8 9 10 11 12 13 14 15 16 17 
Execution time: 20 ms

Elapsed time: 1760 ms


Execution #65/10000

Seed: 65
Estimated max possible cost 316.390076
for path: 
0 1 2 3 4 5 6 7 8 9 10 11 12 13 14 15 16 17 
Execution time: 24 ms

Elapsed time: 1784 ms


Execution #66/10000

Seed: 66
Estimated max possible cost 316.390076
for path: 
0 1 2 3 4 5 6 7 8 9 10 11 12 13 14 15 16 17 
Execution time: 32 ms

Elapsed time: 1816 ms


Execution #67/10000

Seed: 67
Estimated max possible cost 316.390076
for path: 
0 1 2 3 4 5 6 7 8 9 10 11 12 13 14 15 16 17 
Execution time: 32 ms

Elapsed time: 1848 ms


Execution #68/10000

Seed: 68
Estimated max possible cost 316.390076
for path: 
0 1 2 3 4 5 6 7 8 9 10 11 12 13 14 15 16 17 
Execution time: 29 ms

Elapsed time: 1877 ms


Execution #69/10000

Seed: 69
Estimated max possible cost 316.390076
for path: 
0 1 2 3 4 5 6 7 8 9 10 11 12 13 14 15 16 17 
Execution time: 29 ms

Elapsed time: 1906 ms


Execution #70/10000

Seed: 70
Estimated max possible cost 316.390076
for path: 
0 1 2 3 4 5 6 7 8 9 10 11 12 13 14 15 16 17 
Execution time: 20 ms

Elapsed time: 1926 ms


Execution #71/10000

Seed: 71
Estimated max possible cost 316.390076
for path: 
0 1 2 3 4 5 6 7 8 9 10 11 12 13 14 15 16 17 
Execution time: 26 ms

Elapsed time: 1952 ms


Execution #72/10000

Seed: 72
Estimated max possible cost 316.390076
for path: 
0 1 2 3 4 5 6 7 8 9 10 11 12 13 14 15 16 17 
Execution time: 19 ms

Elapsed time: 1971 ms


Execution #73/10000

Seed: 73
Estimated max possible cost 316.390076
for path: 
0 1 2 3 4 5 6 7 8 9 10 11 12 13 14 15 16 17 
Execution time: 19 ms

Elapsed time: 1990 ms


Execution #74/10000

Seed: 74
Estimated max possible cost 316.390076
for path: 
0 1 2 3 4 5 6 7 8 9 10 11 12 13 14 15 16 17 
Execution time: 21 ms

Elapsed time: 2011 ms


Execution #75/10000

Seed: 75
Estimated max possible cost 316.390076
for path: 
0 1 2 3 4 5 6 7 8 9 10 11 12 13 14 15 16 17 
Execution time: 21 ms

Elapsed time: 2032 ms


Execution #76/10000

Seed: 76
Estimated max possible cost 316.390076
for path: 
0 1 2 3 4 5 6 7 8 9 10 11 12 13 14 15 16 17 
Execution time: 18 ms

Elapsed time: 2050 ms


Execution #77/10000

Seed: 77
Estimated max possible cost 316.390076
for path: 
0 1 2 3 4 5 6 7 8 9 10 11 12 13 14 15 16 17 
Execution time: 30 ms

Elapsed time: 2080 ms


Execution #78/10000

Seed: 78
Estimated max possible cost 316.390076
for path: 
0 1 2 3 4 5 6 7 8 9 10 11 12 13 14 15 16 17 
Execution time: 40 ms

Elapsed time: 2120 ms


Execution #79/10000

Seed: 79
Estimated max possible cost 316.390076
for path: 
0 1 2 3 4 5 6 7 8 9 10 11 12 13 14 15 16 17 
Execution time: 38 ms

Elapsed time: 2158 ms


Execution #80/10000

Seed: 80
Estimated max possible cost 316.390076
for path: 
0 1 2 3 4 5 6 7 8 9 10 11 12 13 14 15 16 17 
Execution time: 19 ms

Elapsed time: 2177 ms


Execution #81/10000

Seed: 81
Estimated max possible cost 316.390076
for path: 
0 1 2 3 4 5 6 7 8 9 10 11 12 13 14 15 16 17 
Execution time: 34 ms

Elapsed time: 2211 ms


Execution #82/10000

Seed: 82
Estimated max possible cost 316.390076
for path: 
0 1 2 3 4 5 6 7 8 9 10 11 12 13 14 15 16 17 
Execution time: 34 ms

Elapsed time: 2245 ms


Execution #83/10000

Seed: 83
Estimated max possible cost 316.390076
for path: 
0 1 2 3 4 5 6 7 8 9 10 11 12 13 14 15 16 17 
Execution time: 31 ms

Elapsed time: 2276 ms


Execution #84/10000

Seed: 84
Estimated max possible cost 316.390076
for path: 
0 1 2 3 4 5 6 7 8 9 10 11 12 13 14 15 16 17 
Execution time: 33 ms

Elapsed time: 2309 ms


Execution #85/10000

Seed: 85
Estimated max possible cost 316.390076
for path: 
0 1 2 3 4 5 6 7 8 9 10 11 12 13 14 15 16 17 
Execution time: 33 ms

Elapsed time: 2342 ms


Execution #86/10000

Seed: 86
Estimated max possible cost 316.390076
for path: 
0 1 2 3 4 5 6 7 8 9 10 11 12 13 14 15 16 17 
Execution time: 57 ms

Elapsed time: 2399 ms


Execution #87/10000

Seed: 87
Estimated max possible cost 316.390076
for path: 
0 1 2 3 4 5 6 7 8 9 10 11 12 13 14 15 16 17 
Execution time: 19 ms

Elapsed time: 2418 ms


Execution #88/10000

Seed: 88
Estimated max possible cost 316.390076
for path: 
0 1 2 3 4 5 6 7 8 9 10 11 12 13 14 15 16 17 
Execution time: 30 ms

Elapsed time: 2448 ms


Execution #89/10000

Seed: 89
Estimated max possible cost 316.390076
for path: 
0 1 2 3 4 5 6 7 8 9 10 11 12 13 14 15 16 17 
Execution time: 31 ms

Elapsed time: 2479 ms


Execution #90/10000

Seed: 90
Estimated max possible cost 316.390076
for path: 
0 1 2 3 4 5 6 7 8 9 10 11 12 13 14 15 16 17 
Execution time: 19 ms

Elapsed time: 2498 ms


Execution #91/10000

Seed: 91
Estimated max possible cost 316.390076
for path: 
0 1 2 3 4 5 6 7 8 9 10 11 12 13 14 15 16 17 
Execution time: 31 ms

Elapsed time: 2529 ms


Execution #92/10000

Seed: 92
Estimated max possible cost 316.390076
for path: 
0 1 2 3 4 5 6 7 8 9 10 11 12 13 14 15 16 17 
Execution time: 28 ms

Elapsed time: 2557 ms


Execution #93/10000

Seed: 93
Estimated max possible cost 316.390076
for path: 
0 1 2 3 4 5 6 7 8 9 10 11 12 13 14 15 16 17 
Execution time: 19 ms

Elapsed time: 2576 ms


Execution #94/10000

Seed: 94
Estimated max possible cost 316.390076
for path: 
0 1 2 3 4 5 6 7 8 9 10 11 12 13 14 15 16 17 
Execution time: 21 ms

Elapsed time: 2597 ms


Execution #95/10000

Seed: 95
Estimated max possible cost 316.390076
for path: 
0 1 2 3 4 5 6 7 8 9 10 11 12 13 14 15 16 17 
Execution time: 19 ms

Elapsed time: 2616 ms


Execution #96/10000

Seed: 96
Estimated max possible cost 316.390076
for path: 
0 1 2 3 4 5 6 7 8 9 10 11 12 13 14 15 16 17 
Execution time: 26 ms

Elapsed time: 2642 ms


Execution #97/10000

Seed: 97
Estimated max possible cost 316.390076
for path: 
0 1 2 3 4 5 6 7 8 9 10 11 12 13 14 15 16 17 
Execution time: 19 ms

Elapsed time: 2661 ms


Execution #98/10000

Seed: 98
Estimated max possible cost 316.390076
for path: 
0 1 2 3 4 5 6 7 8 9 10 11 12 13 14 15 16 17 
Execution time: 25 ms

Elapsed time: 2686 ms


Execution #99/10000

Seed: 99
Estimated max possible cost 316.390076
for path: 
0 1 2 3 4 5 6 7 8 9 10 11 12 13 14 15 16 17 
Execution time: 19 ms

Elapsed time: 2705 ms


Execution #100/10000

Seed: 100
Estimated max possible cost 316.390076
for path: 
0 1 2 3 4 5 6 7 8 9 10 11 12 13 14 15 16 17 
Execution time: 35 ms

Elapsed time: 2740 ms


Execution #101/10000

Seed: 101
Estimated max possible cost 316.390076
for path: 
0 1 2 3 4 5 6 7 8 9 10 11 12 13 14 15 16 17 
Execution time: 32 ms

Elapsed time: 2772 ms


Execution #102/10000

Seed: 102
Estimated max possible cost 316.390076
for path: 
0 1 2 3 4 5 6 7 8 9 10 11 12 13 14 15 16 17 
Execution time: 21 ms

Elapsed time: 2793 ms


Execution #103/10000

Seed: 103
Estimated max possible cost 316.390076
for path: 
0 1 2 3 4 5 6 7 8 9 10 11 12 13 14 15 16 17 
Execution time: 20 ms

Elapsed time: 2813 ms


Execution #104/10000

Seed: 104
Estimated max possible cost 316.390076
for path: 
0 1 2 3 4 5 6 7 8 9 10 11 12 13 14 15 16 17 
Execution time: 27 ms

Elapsed time: 2840 ms


Execution #105/10000

Seed: 105
Estimated max possible cost 316.390076
for path: 
0 1 2 3 4 5 6 7 8 9 10 11 12 13 14 15 16 17 
Execution time: 28 ms

Elapsed time: 2868 ms


Execution #106/10000

Seed: 106
Estimated max possible cost 316.390076
for path: 
0 1 2 3 4 5 6 7 8 9 10 11 12 13 14 15 16 17 
Execution time: 31 ms

Elapsed time: 2899 ms


Execution #107/10000

Seed: 107
Estimated max possible cost 316.390076
for path: 
0 1 2 3 4 5 6 7 8 9 10 11 12 13 14 15 16 17 
Execution time: 44 ms

Elapsed time: 2943 ms


Execution #108/10000

Seed: 108
Estimated max possible cost 316.390076
for path: 
0 1 2 3 4 5 6 7 8 9 10 11 12 13 14 15 16 17 
Execution time: 38 ms

Elapsed time: 2981 ms


Execution #109/10000

Seed: 109
Estimated max possible cost 316.390076
for path: 
0 1 2 3 4 5 6 7 8 9 10 11 12 13 14 15 16 17 
Execution time: 35 ms

Elapsed time: 3016 ms


Execution #110/10000

Seed: 110
Estimated max possible cost 316.390076
for path: 
0 1 2 3 4 5 6 7 8 9 10 11 12 13 14 15 16 17 
Execution time: 19 ms

Elapsed time: 3035 ms


Execution #111/10000

Seed: 111
Estimated max possible cost 316.390076
for path: 
0 1 2 3 4 5 6 7 8 9 10 11 12 13 14 15 16 17 
Execution time: 23 ms

Elapsed time: 3058 ms


Execution #112/10000

Seed: 112
Estimated max possible cost 316.390076
for path: 
0 1 2 3 4 5 6 7 8 9 10 11 12 13 14 15 16 17 
Execution time: 23 ms

Elapsed time: 3081 ms


Execution #113/10000

Seed: 113
Estimated max possible cost 316.390076
for path: 
0 1 2 3 4 5 6 7 8 9 10 11 12 13 14 15 16 17 
Execution time: 23 ms

Elapsed time: 3104 ms


Execution #114/10000

Seed: 114
Estimated max possible cost 316.390076
for path: 
0 1 2 3 4 5 6 7 8 9 10 11 12 13 14 15 16 17 
Execution time: 20 ms

Elapsed time: 3124 ms


Execution #115/10000

Seed: 115
Estimated max possible cost 316.390076
for path: 
0 1 2 3 4 5 6 7 8 9 10 11 12 13 14 15 16 17 
Execution time: 21 ms

Elapsed time: 3145 ms


Execution #116/10000

Seed: 116
Estimated max possible cost 316.390076
for path: 
0 1 2 3 4 5 6 7 8 9 10 11 12 13 14 15 16 17 
Execution time: 20 ms

Elapsed time: 3165 ms


Execution #117/10000

Seed: 117
Estimated max possible cost 316.390076
for path: 
0 1 2 3 4 5 6 7 8 9 10 11 12 13 14 15 16 17 
Execution time: 19 ms

Elapsed time: 3184 ms


Execution #118/10000

Seed: 118
Estimated max possible cost 316.390076
for path: 
0 1 2 3 4 5 6 7 8 9 10 11 12 13 14 15 16 17 
Execution time: 31 ms

Elapsed time: 3215 ms


Execution #119/10000

Seed: 119
Estimated max possible cost 316.390076
for path: 
0 1 2 3 4 5 6 7 8 9 10 11 12 13 14 15 16 17 
Execution time: 41 ms

Elapsed time: 3256 ms


Execution #120/10000

Seed: 120
Estimated max possible cost 316.390076
for path: 
0 1 2 3 4 5 6 7 8 9 10 11 12 13 14 15 16 17 
Execution time: 19 ms

Elapsed time: 3275 ms


Execution #121/10000

Seed: 121
Estimated max possible cost 316.390076
for path: 
0 1 2 3 4 5 6 7 8 9 10 11 12 13 14 15 16 17 
Execution time: 27 ms

Elapsed time: 3302 ms


Execution #122/10000

Seed: 122
Estimated max possible cost 316.390076
for path: 
0 1 2 3 4 5 6 7 8 9 10 11 12 13 14 15 16 17 
Execution time: 35 ms

Elapsed time: 3337 ms


Execution #123/10000

Seed: 123
Estimated max possible cost 316.390076
for path: 
0 1 2 3 4 5 6 7 8 9 10 11 12 13 14 15 16 17 
Execution time: 28 ms

Elapsed time: 3365 ms


Execution #124/10000

Seed: 124
Estimated max possible cost 316.390076
for path: 
0 1 2 3 4 5 6 7 8 9 10 11 12 13 14 15 16 17 
Execution time: 19 ms

Elapsed time: 3384 ms


Execution #125/10000

Seed: 125
Estimated max possible cost 316.390076
for path: 
0 1 2 3 4 5 6 7 8 9 10 11 12 13 14 15 16 17 
Execution time: 21 ms

Elapsed time: 3405 ms


Execution #126/10000

Seed: 126
Estimated max possible cost 316.390076
for path: 
0 1 2 3 4 5 6 7 8 9 10 11 12 13 14 15 16 17 
Execution time: 30 ms

Elapsed time: 3435 ms


Execution #127/10000

Seed: 127
Estimated max possible cost 316.390076
for path: 
0 1 2 3 4 5 6 7 8 9 10 11 12 13 14 15 16 17 
Execution time: 20 ms

Elapsed time: 3455 ms


Execution #128/10000

Seed: 128
Estimated max possible cost 316.390076
for path: 
0 1 2 3 4 5 6 7 8 9 10 11 12 13 14 15 16 17 
Execution time: 19 ms

Elapsed time: 3474 ms


Execution #129/10000

Seed: 129
Estimated max possible cost 316.390076
for path: 
0 1 2 3 4 5 6 7 8 9 10 11 12 13 14 15 16 17 
Execution time: 19 ms

Elapsed time: 3493 ms


Execution #130/10000

Seed: 130
Estimated max possible cost 316.390076
for path: 
0 1 2 3 4 5 6 7 8 9 10 11 12 13 14 15 16 17 
Execution time: 26 ms

Elapsed time: 3519 ms


Execution #131/10000

Seed: 131
Estimated max possible cost 316.390076
for path: 
0 1 2 3 4 5 6 7 8 9 10 11 12 13 14 15 16 17 
Execution time: 25 ms

Elapsed time: 3544 ms


Execution #132/10000

Seed: 132
Estimated max possible cost 316.390076
for path: 
0 1 2 3 4 5 6 7 8 9 10 11 12 13 14 15 16 17 
Execution time: 20 ms

Elapsed time: 3564 ms


Execution #133/10000

Seed: 133
Estimated max possible cost 316.390076
for path: 
0 1 2 3 4 5 6 7 8 9 10 11 12 13 14 15 16 17 
Execution time: 55 ms

Elapsed time: 3619 ms


Execution #134/10000

Seed: 134
Estimated max possible cost 316.390076
for path: 
0 1 2 3 4 5 6 7 8 9 10 11 12 13 14 15 16 17 
Execution time: 22 ms

Elapsed time: 3641 ms


Execution #135/10000

Seed: 135
Estimated max possible cost 316.390076
for path: 
0 1 2 3 4 5 6 7 8 9 10 11 12 13 14 15 16 17 
Execution time: 21 ms

Elapsed time: 3662 ms


Execution #136/10000

Seed: 136
Estimated max possible cost 316.390076
for path: 
0 1 2 3 4 5 6 7 8 9 10 11 12 13 14 15 16 17 
Execution time: 19 ms

Elapsed time: 3681 ms


Execution #137/10000

Seed: 137
Estimated max possible cost 316.390076
for path: 
0 1 2 3 4 5 6 7 8 9 10 11 12 13 14 15 16 17 
Execution time: 28 ms

Elapsed time: 3709 ms


Execution #138/10000

Seed: 138
Estimated max possible cost 316.390076
for path: 
0 1 2 3 4 5 6 7 8 9 10 11 12 13 14 15 16 17 
Execution time: 26 ms

Elapsed time: 3735 ms


Execution #139/10000

Seed: 139
Estimated max possible cost 316.390076
for path: 
0 1 2 3 4 5 6 7 8 9 10 11 12 13 14 15 16 17 
Execution time: 18 ms

Elapsed time: 3753 ms


Execution #140/10000

Seed: 140
Estimated max possible cost 316.390076
for path: 
0 1 2 3 4 5 6 7 8 9 10 11 12 13 14 15 16 17 
Execution time: 20 ms

Elapsed time: 3773 ms


Execution #141/10000

Seed: 141
Estimated max possible cost 316.390076
for path: 
0 1 2 3 4 5 6 7 8 9 10 11 12 13 14 15 16 17 
Execution time: 21 ms

Elapsed time: 3794 ms


Execution #142/10000

Seed: 142
Estimated max possible cost 316.390076
for path: 
0 1 2 3 4 5 6 7 8 9 10 11 12 13 14 15 16 17 
Execution time: 19 ms

Elapsed time: 3813 ms


Execution #143/10000

Seed: 143
Estimated max possible cost 316.390076
for path: 
0 1 2 3 4 5 6 7 8 9 10 11 12 13 14 15 16 17 
Execution time: 23 ms

Elapsed time: 3836 ms


Execution #144/10000

Seed: 144
Estimated max possible cost 316.390076
for path: 
0 1 2 3 4 5 6 7 8 9 10 11 12 13 14 15 16 17 
Execution time: 26 ms

Elapsed time: 3862 ms


Execution #145/10000

Seed: 145
Estimated max possible cost 316.390076
for path: 
0 1 2 3 4 5 6 7 8 9 10 11 12 13 14 15 16 17 
Execution time: 34 ms

Elapsed time: 3896 ms


Execution #146/10000

Seed: 146
Estimated max possible cost 316.390076
for path: 
0 1 2 3 4 5 6 7 8 9 10 11 12 13 14 15 16 17 
Execution time: 35 ms

Elapsed time: 3931 ms


Execution #147/10000

Seed: 147
Estimated max possible cost 316.390076
for path: 
0 1 2 3 4 5 6 7 8 9 10 11 12 13 14 15 16 17 
Execution time: 58 ms

Elapsed time: 3989 ms


Execution #148/10000

Seed: 148
Estimated max possible cost 316.390076
for path: 
0 1 2 3 4 5 6 7 8 9 10 11 12 13 14 15 16 17 
Execution time: 37 ms

Elapsed time: 4026 ms


Execution #149/10000

Seed: 149
Estimated max possible cost 316.390076
for path: 
0 1 2 3 4 5 6 7 8 9 10 11 12 13 14 15 16 17 
Execution time: 20 ms

Elapsed time: 4046 ms


Execution #150/10000

Seed: 150
Estimated max possible cost 316.390076
for path: 
0 1 2 3 4 5 6 7 8 9 10 11 12 13 14 15 16 17 
Execution time: 19 ms

Elapsed time: 4065 ms


Execution #151/10000

Seed: 151
Estimated max possible cost 316.390076
for path: 
0 1 2 3 4 5 6 7 8 9 10 11 12 13 14 15 16 17 
Execution time: 19 ms

Elapsed time: 4084 ms


Execution #152/10000

Seed: 152
Estimated max possible cost 316.390076
for path: 
0 1 2 3 4 5 6 7 8 9 10 11 12 13 14 15 16 17 
Execution time: 20 ms

Elapsed time: 4104 ms


Execution #153/10000

Seed: 153
Estimated max possible cost 316.390076
for path: 
0 1 2 3 4 5 6 7 8 9 10 11 12 13 14 15 16 17 
Execution time: 20 ms

Elapsed time: 4124 ms


Execution #154/10000

Seed: 154
Estimated max possible cost 316.390076
for path: 
0 1 2 3 4 5 6 7 8 9 10 11 12 13 14 15 16 17 
Execution time: 20 ms

Elapsed time: 4144 ms


Execution #155/10000

Seed: 155
Estimated max possible cost 316.390076
for path: 
0 1 2 3 4 5 6 7 8 9 10 11 12 13 14 15 16 17 
Execution time: 35 ms

Elapsed time: 4179 ms


Execution #156/10000

Seed: 156
Estimated max possible cost 316.390076
for path: 
0 1 2 3 4 5 6 7 8 9 10 11 12 13 14 15 16 17 
Execution time: 32 ms

Elapsed time: 4211 ms


Execution #157/10000

Seed: 157
Estimated max possible cost 316.390076
for path: 
0 1 2 3 4 5 6 7 8 9 10 11 12 13 14 15 16 17 
Execution time: 33 ms

Elapsed time: 4244 ms


Execution #158/10000

Seed: 158
Estimated max possible cost 316.390076
for path: 
0 1 2 3 4 5 6 7 8 9 10 11 12 13 14 15 16 17 
Execution time: 34 ms

Elapsed time: 4278 ms


Execution #159/10000

Seed: 159
Estimated max possible cost 316.390076
for path: 
0 1 2 3 4 5 6 7 8 9 10 11 12 13 14 15 16 17 
Execution time: 28 ms

Elapsed time: 4306 ms


Execution #160/10000

Seed: 160
Estimated max possible cost 316.390076
for path: 
0 1 2 3 4 5 6 7 8 9 10 11 12 13 14 15 16 17 
Execution time: 20 ms

Elapsed time: 4326 ms


Execution #161/10000

Seed: 161
Estimated max possible cost 316.390076
for path: 
0 1 2 3 4 5 6 7 8 9 10 11 12 13 14 15 16 17 
Execution time: 24 ms

Elapsed time: 4350 ms


Execution #162/10000

Seed: 162
Estimated max possible cost 316.390076
for path: 
0 1 2 3 4 5 6 7 8 9 10 11 12 13 14 15 16 17 
Execution time: 20 ms

Elapsed time: 4370 ms


Execution #163/10000

Seed: 163
Estimated max possible cost 316.390076
for path: 
0 1 2 3 4 5 6 7 8 9 10 11 12 13 14 15 16 17 
Execution time: 19 ms

Elapsed time: 4389 ms


Execution #164/10000

Seed: 164
Estimated max possible cost 316.390076
for path: 
0 1 2 3 4 5 6 7 8 9 10 11 12 13 14 15 16 17 
Execution time: 21 ms

Elapsed time: 4410 ms


Execution #165/10000

Seed: 165
Estimated max possible cost 316.390076
for path: 
0 1 2 3 4 5 6 7 8 9 10 11 12 13 14 15 16 17 
Execution time: 35 ms

Elapsed time: 4445 ms


Execution #166/10000

Seed: 166
Estimated max possible cost 316.390076
for path: 
0 1 2 3 4 5 6 7 8 9 10 11 12 13 14 15 16 17 
Execution time: 47 ms

Elapsed time: 4492 ms


Execution #167/10000

Seed: 167
Estimated max possible cost 316.390076
for path: 
0 1 2 3 4 5 6 7 8 9 10 11 12 13 14 15 16 17 
Execution time: 31 ms

Elapsed time: 4523 ms


Execution #168/10000

Seed: 168
Estimated max possible cost 316.390076
for path: 
0 1 2 3 4 5 6 7 8 9 10 11 12 13 14 15 16 17 
Execution time: 20 ms

Elapsed time: 4543 ms


Execution #169/10000

Seed: 169
Estimated max possible cost 316.390076
for path: 
0 1 2 3 4 5 6 7 8 9 10 11 12 13 14 15 16 17 
Execution time: 31 ms

Elapsed time: 4574 ms


Execution #170/10000

Seed: 170
Estimated max possible cost 316.390076
for path: 
0 1 2 3 4 5 6 7 8 9 10 11 12 13 14 15 16 17 
Execution time: 35 ms

Elapsed time: 4609 ms


Execution #171/10000

Seed: 171
Estimated max possible cost 316.390076
for path: 
0 1 2 3 4 5 6 7 8 9 10 11 12 13 14 15 16 17 
Execution time: 33 ms

Elapsed time: 4642 ms


Execution #172/10000

Seed: 172
Estimated max possible cost 316.390076
for path: 
0 1 2 3 4 5 6 7 8 9 10 11 12 13 14 15 16 17 
Execution time: 33 ms

Elapsed time: 4675 ms


Execution #173/10000

Seed: 173
Estimated max possible cost 316.390076
for path: 
0 1 2 3 4 5 6 7 8 9 10 11 12 13 14 15 16 17 
Execution time: 33 ms

Elapsed time: 4708 ms


Execution #174/10000

Seed: 174
Estimated max possible cost 316.390076
for path: 
0 1 2 3 4 5 6 7 8 9 10 11 12 13 14 15 16 17 
Execution time: 20 ms

Elapsed time: 4728 ms


Execution #175/10000

Seed: 175
Estimated max possible cost 316.390076
for path: 
0 1 2 3 4 5 6 7 8 9 10 11 12 13 14 15 16 17 
Execution time: 18 ms

Elapsed time: 4746 ms


Execution #176/10000

Seed: 176
Estimated max possible cost 316.390076
for path: 
0 1 2 3 4 5 6 7 8 9 10 11 12 13 14 15 16 17 
Execution time: 19 ms

Elapsed time: 4765 ms


Execution #177/10000

Seed: 177
Estimated max possible cost 316.390076
for path: 
0 1 2 3 4 5 6 7 8 9 10 11 12 13 14 15 16 17 
Execution time: 19 ms

Elapsed time: 4784 ms


Execution #178/10000

Seed: 178
Estimated max possible cost 316.390076
for path: 
0 1 2 3 4 5 6 7 8 9 10 11 12 13 14 15 16 17 
Execution time: 26 ms

Elapsed time: 4810 ms


Execution #179/10000

Seed: 179
Estimated max possible cost 316.390076
for path: 
0 1 2 3 4 5 6 7 8 9 10 11 12 13 14 15 16 17 
Execution time: 21 ms

Elapsed time: 4831 ms


Execution #180/10000

Seed: 180
Estimated max possible cost 316.390076
for path: 
0 1 2 3 4 5 6 7 8 9 10 11 12 13 14 15 16 17 
Execution time: 20 ms

Elapsed time: 4851 ms


Execution #181/10000

Seed: 181
Estimated max possible cost 316.390076
for path: 
0 1 2 3 4 5 6 7 8 9 10 11 12 13 14 15 16 17 
Execution time: 19 ms

Elapsed time: 4870 ms


Execution #182/10000

Seed: 182
Estimated max possible cost 316.390076
for path: 
0 1 2 3 4 5 6 7 8 9 10 11 12 13 14 15 16 17 
Execution time: 20 ms

Elapsed time: 4890 ms


Execution #183/10000

Seed: 183
Estimated max possible cost 316.390076
for path: 
0 1 2 3 4 5 6 7 8 9 10 11 12 13 14 15 16 17 
Execution time: 19 ms

Elapsed time: 4909 ms


Execution #184/10000

Seed: 184
Estimated max possible cost 316.390076
for path: 
0 1 2 3 4 5 6 7 8 9 10 11 12 13 14 15 16 17 
Execution time: 20 ms

Elapsed time: 4929 ms


Execution #185/10000

Seed: 185
Estimated max possible cost 316.390076
for path: 
0 1 2 3 4 5 6 7 8 9 10 11 12 13 14 15 16 17 
Execution time: 19 ms

Elapsed time: 4948 ms


Execution #186/10000

Seed: 186
Estimated max possible cost 316.390076
for path: 
0 1 2 3 4 5 6 7 8 9 10 11 12 13 14 15 16 17 
Execution time: 47 ms

Elapsed time: 4995 ms


Execution #187/10000

Seed: 187
Estimated max possible cost 316.390076
for path: 
0 1 2 3 4 5 6 7 8 9 10 11 12 13 14 15 16 17 
Execution time: 25 ms

Elapsed time: 5020 ms


Execution #188/10000

Seed: 188
Estimated max possible cost 316.390076
for path: 
0 1 2 3 4 5 6 7 8 9 10 11 12 13 14 15 16 17 
Execution time: 18 ms

Elapsed time: 5038 ms


Execution #189/10000

Seed: 189
Estimated max possible cost 316.390076
for path: 
0 1 2 3 4 5 6 7 8 9 10 11 12 13 14 15 16 17 
Execution time: 19 ms

Elapsed time: 5057 ms


Execution #190/10000

Seed: 190
Estimated max possible cost 316.390076
for path: 
0 1 2 3 4 5 6 7 8 9 10 11 12 13 14 15 16 17 
Execution time: 25 ms

Elapsed time: 5082 ms


Execution #191/10000

Seed: 191
Estimated max possible cost 316.390076
for path: 
0 1 2 3 4 5 6 7 8 9 10 11 12 13 14 15 16 17 
Execution time: 21 ms

Elapsed time: 5103 ms


Execution #192/10000

Seed: 192
