Solving SHP


Execution #1/10000

Seed: 1
Estimated max possible cost 318.930076
for path: 
0 1 2 3 4 5 6 7 8 9 10 11 12 13 14 15 16 17 18 
Memory needed for path: 1196715 locs, for costs: 1436058 locs.
Desired precision: 1e+12
Mem constraint for cost_t: 64 bits
Rounded to pow of 2 bytes mem constraint (capped at 64bits) for cost_t: 64 bits
Bits needed for an int to preserve precision: 48
Bits used per cost_t: 48
Selected cost_t = (u)int64_t
Solving with cost_t = y
Memory [GB] needed: 0.011814
Distances:
0, 5.08, 242.54, 232.423, 228.124, 218.013, 212.172, 212.044, 211.947, 211.88, 211.843, 211.837, 211.862, 211.917, 212.002, 212.117, 212.263, 212.44, 212.646, 
5.08, 0, 247.599, 237.481, 233.181, 223.068, 217.244, 217.119, 217.024, 216.959, 216.923, 216.917, 216.941, 216.995, 217.078, 217.191, 217.333, 217.505, 217.707, 
242.54, 247.599, 0, 10.16, 14.478, 24.638, 31.3255, 32.219, 33.2827, 34.501, 35.8581, 37.3389, 38.9292, 40.6162, 42.3883, 44.2354, 46.1484, 48.1194, 50.1417, 
232.423, 237.481, 10.16, 0, 4.318, 14.478, 21.9236, 23.1823, 24.6393, 26.2617, 28.0207, 29.8922, 31.8565, 33.8973, 36.0018, 38.1592, 40.3612, 42.6009, 44.8725, 
228.124, 233.181, 14.478, 4.318, 0, 10.16, 18.1765, 19.6764, 21.3738, 23.2254, 25.1973, 27.2633, 29.4037, 31.6034, 33.8507, 36.1368, 38.4548, 40.7992, 43.1658, 
218.013, 223.068, 24.638, 14.478, 10.16, 0, 11.1326, 13.4428, 15.8236, 18.2474, 20.6991, 23.1698, 25.654, 28.1482, 30.6499, 33.1575, 35.6696, 38.1854, 40.7042, 
212.172, 217.244, 31.3255, 21.9236, 18.1765, 11.1326, 0, 2.54, 5.08, 7.62, 10.16, 12.7, 15.24, 17.78, 20.32, 22.86, 25.4, 27.94, 30.48, 
212.044, 217.119, 32.219, 23.1823, 19.6764, 13.4428, 2.54, 0, 2.54, 5.08, 7.62, 10.16, 12.7, 15.24, 17.78, 20.32, 22.86, 25.4, 27.94, 
211.947, 217.024, 33.2827, 24.6393, 21.3738, 15.8236, 5.08, 2.54, 0, 2.54, 5.08, 7.62, 10.16, 12.7, 15.24, 17.78, 20.32, 22.86, 25.4, 
211.88, 216.959, 34.501, 26.2617, 23.2254, 18.2474, 7.62, 5.08, 2.54, 0, 2.54, 5.08, 7.62, 10.16, 12.7, 15.24, 17.78, 20.32, 22.86, 
211.843, 216.923, 35.8581, 28.0207, 25.1973, 20.6991, 10.16, 7.62, 5.08, 2.54, 0, 2.54, 5.08, 7.62, 10.16, 12.7, 15.24, 17.78, 20.32, 
211.837, 216.917, 37.3389, 29.8922, 27.2633, 23.1698, 12.7, 10.16, 7.62, 5.08, 2.54, 0, 2.54, 5.08, 7.62, 10.16, 12.7, 15.24, 17.78, 
211.862, 216.941, 38.9292, 31.8565, 29.4037, 25.654, 15.24, 12.7, 10.16, 7.62, 5.08, 2.54, 0, 2.54, 5.08, 7.62, 10.16, 12.7, 15.24, 
211.917, 216.995, 40.6162, 33.8973, 31.6034, 28.1482, 17.78, 15.24, 12.7, 10.16, 7.62, 5.08, 2.54, 0, 2.54, 5.08, 7.62, 10.16, 12.7, 
212.002, 217.078, 42.3883, 36.0018, 33.8507, 30.6499, 20.32, 17.78, 15.24, 12.7, 10.16, 7.62, 5.08, 2.54, 0, 2.54, 5.08, 7.62, 10.16, 
212.117, 217.191, 44.2354, 38.1592, 36.1368, 33.1575, 22.86, 20.32, 17.78, 15.24, 12.7, 10.16, 7.62, 5.08, 2.54, 0, 2.54, 5.08, 7.62, 
212.263, 217.333, 46.1484, 40.3612, 38.4548, 35.6696, 25.4, 22.86, 20.32, 17.78, 15.24, 12.7, 10.16, 7.62, 5.08, 2.54, 0, 2.54, 5.08, 
212.44, 217.505, 48.1194, 42.6009, 40.7992, 38.1854, 27.94, 25.4, 22.86, 20.32, 17.78, 15.24, 12.7, 10.16, 7.62, 5.08, 2.54, 0, 2.54, 
212.646, 217.707, 50.1417, 44.8725, 43.1658, 40.7042, 30.48, 27.94, 25.4, 22.86, 20.32, 17.78, 15.24, 12.7, 10.16, 7.62, 5.08, 2.54, 0, 
Scaled Distances:
0, 1.60346e+17, 1.51508e+19, 1.45121e+19, 1.42408e+19, 1.36025e+19, 1.32337e+19, 1.32257e+19, 1.32195e+19, 1.32153e+19, 1.3213e+19, 1.32126e+19, 1.32141e+19, 1.32176e+19, 1.3223e+19, 1.32303e+19, 1.32395e+19, 1.32506e+19, 1.32636e+19, 
1.60346e+17, 0, 1.54702e+19, 1.48314e+19, 1.456e+19, 1.39216e+19, 1.35539e+19, 1.35461e+19, 1.354e+19, 1.35359e+19, 1.35337e+19, 1.35333e+19, 1.35348e+19, 1.35382e+19, 1.35434e+19, 1.35506e+19, 1.35596e+19, 1.35704e+19, 1.35831e+19, 
1.51508e+19, 1.54702e+19, 0, 4.81038e+17, 7.53626e+17, 1.39501e+18, 1.81718e+18, 1.87359e+18, 1.94074e+18, 2.01765e+18, 2.10332e+18, 2.1968e+18, 2.29719e+18, 2.40369e+18, 2.51556e+18, 2.63216e+18, 2.75293e+18, 2.87735e+18, 3.00502e+18, 
1.45121e+19, 1.48314e+19, 4.81038e+17, 0, 1.12242e+17, 7.53626e+17, 1.22365e+18, 1.30311e+18, 1.39509e+18, 1.49751e+18, 1.60856e+18, 1.7267e+18, 1.8507e+18, 1.97954e+18, 2.11239e+18, 2.24858e+18, 2.38759e+18, 2.52898e+18, 2.67238e+18, 
1.42408e+19, 1.456e+19, 7.53626e+17, 1.12242e+17, 0, 4.81038e+17, 9.87109e+17, 1.08179e+18, 1.18894e+18, 1.30583e+18, 1.43032e+18, 1.56074e+18, 1.69586e+18, 1.83472e+18, 1.97659e+18, 2.12091e+18, 2.26724e+18, 2.41524e+18, 2.56464e+18, 
1.36025e+19, 1.39216e+19, 1.39501e+18, 7.53626e+17, 4.81038e+17, 0, 5.42438e+17, 6.88277e+17, 8.38572e+17, 9.91582e+17, 1.14635e+18, 1.30232e+18, 1.45915e+18, 1.6166e+18, 1.77453e+18, 1.93283e+18, 2.09142e+18, 2.25024e+18, 2.40925e+18, 
1.32337e+19, 1.35539e+19, 1.81718e+18, 1.22365e+18, 9.87109e+17, 5.42438e+17, 0, 449, 1.60346e+17, 3.20692e+17, 4.81038e+17, 6.41384e+17, 8.0173e+17, 9.62076e+17, 1.12242e+18, 1.28277e+18, 1.44311e+18, 1.60346e+18, 1.76381e+18, 
1.32257e+19, 1.35461e+19, 1.87359e+18, 1.30311e+18, 1.08179e+18, 6.88277e+17, 449, 0, 449, 1.60346e+17, 3.20692e+17, 4.81038e+17, 6.41384e+17, 8.0173e+17, 9.62076e+17, 1.12242e+18, 1.28277e+18, 1.44311e+18, 1.60346e+18, 
1.32195e+19, 1.354e+19, 1.94074e+18, 1.39509e+18, 1.18894e+18, 8.38572e+17, 1.60346e+17, 449, 0, 449, 1.60346e+17, 3.20692e+17, 4.81038e+17, 6.41384e+17, 8.0173e+17, 9.62076e+17, 1.12242e+18, 1.28277e+18, 1.44311e+18, 
1.32153e+19, 1.35359e+19, 2.01765e+18, 1.49751e+18, 1.30583e+18, 9.91582e+17, 3.20692e+17, 1.60346e+17, 449, 0, 449, 1.60346e+17, 3.20692e+17, 4.81038e+17, 6.41384e+17, 8.0173e+17, 9.62076e+17, 1.12242e+18, 1.28277e+18, 
1.3213e+19, 1.35337e+19, 2.10332e+18, 1.60856e+18, 1.43032e+18, 1.14635e+18, 4.81038e+17, 3.20692e+17, 1.60346e+17, 449, 0, 449, 1.60346e+17, 3.20692e+17, 4.81038e+17, 6.41384e+17, 8.0173e+17, 9.62076e+17, 1.12242e+18, 
1.32126e+19, 1.35333e+19, 2.1968e+18, 1.7267e+18, 1.56074e+18, 1.30232e+18, 6.41384e+17, 4.81038e+17, 3.20692e+17, 1.60346e+17, 449, 0, 449, 1.60346e+17, 3.20692e+17, 4.81038e+17, 6.41384e+17, 8.0173e+17, 9.62076e+17, 
1.32141e+19, 1.35348e+19, 2.29719e+18, 1.8507e+18, 1.69586e+18, 1.45915e+18, 8.0173e+17, 6.41384e+17, 4.81038e+17, 3.20692e+17, 1.60346e+17, 449, 0, 897, 1.60346e+17, 3.20692e+17, 4.81038e+17, 6.41384e+17, 8.0173e+17, 
1.32176e+19, 1.35382e+19, 2.40369e+18, 1.97954e+18, 1.83472e+18, 1.6166e+18, 9.62076e+17, 8.0173e+17, 6.41384e+17, 4.81038e+17, 3.20692e+17, 1.60346e+17, 897, 0, 449, 1.60346e+17, 3.20692e+17, 4.81038e+17, 6.41384e+17, 
1.3223e+19, 1.35434e+19, 2.51556e+18, 2.11239e+18, 1.97659e+18, 1.77453e+18, 1.12242e+18, 9.62076e+17, 8.0173e+17, 6.41384e+17, 4.81038e+17, 3.20692e+17, 1.60346e+17, 449, 0, 0, 1.60346e+17, 3.20692e+17, 4.81038e+17, 
1.32303e+19, 1.35506e+19, 2.63216e+18, 2.24858e+18, 2.12091e+18, 1.93283e+18, 1.28277e+18, 1.12242e+18, 9.62076e+17, 8.0173e+17, 6.41384e+17, 4.81038e+17, 3.20692e+17, 1.60346e+17, 0, 0, 897, 1.60346e+17, 3.20692e+17, 
1.32395e+19, 1.35596e+19, 2.75293e+18, 2.38759e+18, 2.26724e+18, 2.09142e+18, 1.44311e+18, 1.28277e+18, 1.12242e+18, 9.62076e+17, 8.0173e+17, 6.41384e+17, 4.81038e+17, 3.20692e+17, 1.60346e+17, 897, 0, 897, 1.60346e+17, 
1.32506e+19, 1.35704e+19, 2.87735e+18, 2.52898e+18, 2.41524e+18, 2.25024e+18, 1.60346e+18, 1.44311e+18, 1.28277e+18, 1.12242e+18, 9.62076e+17, 8.0173e+17, 6.41384e+17, 4.81038e+17, 3.20692e+17, 1.60346e+17, 897, 0, 0, 
1.32636e+19, 1.35831e+19, 3.00502e+18, 2.67238e+18, 2.56464e+18, 2.40925e+18, 1.76381e+18, 1.60346e+18, 1.44311e+18, 1.28277e+18, 1.12242e+18, 9.62076e+17, 8.0173e+17, 6.41384e+17, 4.81038e+17, 3.20692e+17, 1.60346e+17, 0, 0, 
Optimal total distance (scaled) for 19 points: 1.50407e+19
Optimal total distance for 19 points: 283.976562
Corresponding path (0-indexed):
Point #2
Point #3
Point #4
Point #5
Point #6
Point #7
Point #8
Point #9
Point #10
Point #11
Point #12
Point #13
Point #14
Point #15
Point #16
Point #17
Point #18
Point #0
Point #1
Execution time: 83 ms

Elapsed time: 83 ms


Execution #2/10000

Seed: 2
Estimated max possible cost 318.930076
for path: 
0 1 2 3 4 5 6 7 8 9 10 11 12 13 14 15 16 17 18 
Execution time: 62 ms

Elapsed time: 145 ms


Execution #3/10000

Seed: 3
Estimated max possible cost 318.930076
for path: 
0 1 2 3 4 5 6 7 8 9 10 11 12 13 14 15 16 17 18 
Execution time: 104 ms

Elapsed time: 249 ms


Execution #4/10000

Seed: 4
Estimated max possible cost 318.930076
for path: 
0 1 2 3 4 5 6 7 8 9 10 11 12 13 14 15 16 17 18 
Execution time: 86 ms

Elapsed time: 335 ms


Execution #5/10000

Seed: 5
Estimated max possible cost 318.930076
for path: 
0 1 2 3 4 5 6 7 8 9 10 11 12 13 14 15 16 17 18 
Execution time: 61 ms

Elapsed time: 396 ms


Execution #6/10000

Seed: 6
Estimated max possible cost 318.930076
for path: 
0 1 2 3 4 5 6 7 8 9 10 11 12 13 14 15 16 17 18 
Execution time: 54 ms

Elapsed time: 450 ms


Execution #7/10000

Seed: 7
Estimated max possible cost 318.930076
for path: 
0 1 2 3 4 5 6 7 8 9 10 11 12 13 14 15 16 17 18 
Execution time: 46 ms

Elapsed time: 496 ms


Execution #8/10000

Seed: 8
Estimated max possible cost 318.930076
for path: 
0 1 2 3 4 5 6 7 8 9 10 11 12 13 14 15 16 17 18 
Execution time: 61 ms

Elapsed time: 557 ms


Execution #9/10000

Seed: 9
Estimated max possible cost 318.930076
for path: 
0 1 2 3 4 5 6 7 8 9 10 11 12 13 14 15 16 17 18 
Execution time: 70 ms

Elapsed time: 627 ms


Execution #10/10000

Seed: 10
Estimated max possible cost 318.930076
for path: 
0 1 2 3 4 5 6 7 8 9 10 11 12 13 14 15 16 17 18 
Execution time: 64 ms

Elapsed time: 691 ms


Execution #11/10000

Seed: 11
Estimated max possible cost 318.930076
for path: 
0 1 2 3 4 5 6 7 8 9 10 11 12 13 14 15 16 17 18 
Execution time: 51 ms

Elapsed time: 742 ms


Execution #12/10000

Seed: 12
Estimated max possible cost 318.930076
for path: 
0 1 2 3 4 5 6 7 8 9 10 11 12 13 14 15 16 17 18 
Execution time: 53 ms

Elapsed time: 795 ms


Execution #13/10000

Seed: 13
Estimated max possible cost 318.930076
for path: 
0 1 2 3 4 5 6 7 8 9 10 11 12 13 14 15 16 17 18 
Execution time: 62 ms

Elapsed time: 857 ms


Execution #14/10000

Seed: 14
Estimated max possible cost 318.930076
for path: 
0 1 2 3 4 5 6 7 8 9 10 11 12 13 14 15 16 17 18 
Execution time: 99 ms

Elapsed time: 956 ms


Execution #15/10000

Seed: 15
Estimated max possible cost 318.930076
for path: 
0 1 2 3 4 5 6 7 8 9 10 11 12 13 14 15 16 17 18 
Execution time: 68 ms

Elapsed time: 1024 ms


Execution #16/10000

Seed: 16
Estimated max possible cost 318.930076
for path: 
0 1 2 3 4 5 6 7 8 9 10 11 12 13 14 15 16 17 18 
Execution time: 66 ms

Elapsed time: 1090 ms


Execution #17/10000

Seed: 17
Estimated max possible cost 318.930076
for path: 
0 1 2 3 4 5 6 7 8 9 10 11 12 13 14 15 16 17 18 
Execution time: 79 ms

Elapsed time: 1169 ms


Execution #18/10000

Seed: 18
Estimated max possible cost 318.930076
for path: 
0 1 2 3 4 5 6 7 8 9 10 11 12 13 14 15 16 17 18 
Execution time: 48 ms

Elapsed time: 1217 ms


Execution #19/10000

Seed: 19
Estimated max possible cost 318.930076
for path: 
0 1 2 3 4 5 6 7 8 9 10 11 12 13 14 15 16 17 18 
Execution time: 42 ms

Elapsed time: 1259 ms


Execution #20/10000

Seed: 20
Estimated max possible cost 318.930076
for path: 
0 1 2 3 4 5 6 7 8 9 10 11 12 13 14 15 16 17 18 
Execution time: 56 ms

Elapsed time: 1315 ms


Execution #21/10000

Seed: 21
Estimated max possible cost 318.930076
for path: 
0 1 2 3 4 5 6 7 8 9 10 11 12 13 14 15 16 17 18 
Execution time: 88 ms

Elapsed time: 1403 ms


Execution #22/10000

Seed: 22
Estimated max possible cost 318.930076
for path: 
0 1 2 3 4 5 6 7 8 9 10 11 12 13 14 15 16 17 18 
Execution time: 54 ms

Elapsed time: 1457 ms


Execution #23/10000

Seed: 23
Estimated max possible cost 318.930076
for path: 
0 1 2 3 4 5 6 7 8 9 10 11 12 13 14 15 16 17 18 
Execution time: 59 ms

Elapsed time: 1516 ms


Execution #24/10000

Seed: 24
Estimated max possible cost 318.930076
for path: 
0 1 2 3 4 5 6 7 8 9 10 11 12 13 14 15 16 17 18 
Execution time: 47 ms

Elapsed time: 1563 ms


Execution #25/10000

Seed: 25
Estimated max possible cost 318.930076
for path: 
0 1 2 3 4 5 6 7 8 9 10 11 12 13 14 15 16 17 18 
Execution time: 75 ms

Elapsed time: 1638 ms


Execution #26/10000

Seed: 26
Estimated max possible cost 318.930076
for path: 
0 1 2 3 4 5 6 7 8 9 10 11 12 13 14 15 16 17 18 
Execution time: 41 ms

Elapsed time: 1679 ms


Execution #27/10000

Seed: 27
Estimated max possible cost 318.930076
for path: 
0 1 2 3 4 5 6 7 8 9 10 11 12 13 14 15 16 17 18 
Execution time: 47 ms

Elapsed time: 1726 ms


Execution #28/10000

Seed: 28
Estimated max possible cost 318.930076
for path: 
0 1 2 3 4 5 6 7 8 9 10 11 12 13 14 15 16 17 18 
Execution time: 50 ms

Elapsed time: 1776 ms


Execution #29/10000

Seed: 29
Estimated max possible cost 318.930076
for path: 
0 1 2 3 4 5 6 7 8 9 10 11 12 13 14 15 16 17 18 
Execution time: 62 ms

Elapsed time: 1838 ms


Execution #30/10000

Seed: 30
Estimated max possible cost 318.930076
for path: 
0 1 2 3 4 5 6 7 8 9 10 11 12 13 14 15 16 17 18 
Execution time: 40 ms

Elapsed time: 1878 ms


Execution #31/10000

Seed: 31
Estimated max possible cost 318.930076
for path: 
0 1 2 3 4 5 6 7 8 9 10 11 12 13 14 15 16 17 18 
Execution time: 52 ms

Elapsed time: 1930 ms


Execution #32/10000

Seed: 32
Estimated max possible cost 318.930076
for path: 
0 1 2 3 4 5 6 7 8 9 10 11 12 13 14 15 16 17 18 
Execution time: 59 ms

Elapsed time: 1989 ms


Execution #33/10000

Seed: 33
Estimated max possible cost 318.930076
for path: 
0 1 2 3 4 5 6 7 8 9 10 11 12 13 14 15 16 17 18 
Execution time: 68 ms

Elapsed time: 2057 ms


Execution #34/10000

Seed: 34
Estimated max possible cost 318.930076
for path: 
0 1 2 3 4 5 6 7 8 9 10 11 12 13 14 15 16 17 18 
Execution time: 64 ms

Elapsed time: 2121 ms


Execution #35/10000

Seed: 35
Estimated max possible cost 318.930076
for path: 
0 1 2 3 4 5 6 7 8 9 10 11 12 13 14 15 16 17 18 
Execution time: 40 ms

Elapsed time: 2161 ms


Execution #36/10000

Seed: 36
Estimated max possible cost 318.930076
for path: 
0 1 2 3 4 5 6 7 8 9 10 11 12 13 14 15 16 17 18 
Execution time: 55 ms

Elapsed time: 2216 ms


Execution #37/10000

Seed: 37
Estimated max possible cost 318.930076
for path: 
0 1 2 3 4 5 6 7 8 9 10 11 12 13 14 15 16 17 18 
Execution time: 87 ms

Elapsed time: 2303 ms


Execution #38/10000

Seed: 38
Estimated max possible cost 318.930076
for path: 
0 1 2 3 4 5 6 7 8 9 10 11 12 13 14 15 16 17 18 
Execution time: 80 ms

Elapsed time: 2383 ms


Execution #39/10000

Seed: 39
Estimated max possible cost 318.930076
for path: 
0 1 2 3 4 5 6 7 8 9 10 11 12 13 14 15 16 17 18 
Execution time: 71 ms

Elapsed time: 2454 ms


Execution #40/10000

Seed: 40
Estimated max possible cost 318.930076
for path: 
0 1 2 3 4 5 6 7 8 9 10 11 12 13 14 15 16 17 18 
Execution time: 40 ms

Elapsed time: 2494 ms


Execution #41/10000

Seed: 41
Estimated max possible cost 318.930076
for path: 
0 1 2 3 4 5 6 7 8 9 10 11 12 13 14 15 16 17 18 
Execution time: 84 ms

Elapsed time: 2578 ms


Execution #42/10000

Seed: 42
Estimated max possible cost 318.930076
for path: 
0 1 2 3 4 5 6 7 8 9 10 11 12 13 14 15 16 17 18 
Execution time: 71 ms

Elapsed time: 2649 ms


Execution #43/10000

Seed: 43
Estimated max possible cost 318.930076
for path: 
0 1 2 3 4 5 6 7 8 9 10 11 12 13 14 15 16 17 18 
Execution time: 43 ms

Elapsed time: 2692 ms


Execution #44/10000

Seed: 44
Estimated max possible cost 318.930076
for path: 
0 1 2 3 4 5 6 7 8 9 10 11 12 13 14 15 16 17 18 
Execution time: 48 ms

Elapsed time: 2740 ms


Execution #45/10000

Seed: 45
Estimated max possible cost 318.930076
for path: 
0 1 2 3 4 5 6 7 8 9 10 11 12 13 14 15 16 17 18 
Execution time: 50 ms

Elapsed time: 2790 ms


Execution #46/10000

Seed: 46
Estimated max possible cost 318.930076
for path: 
0 1 2 3 4 5 6 7 8 9 10 11 12 13 14 15 16 17 18 
Execution time: 49 ms

Elapsed time: 2839 ms


Execution #47/10000

Seed: 47
Estimated max possible cost 318.930076
for path: 
0 1 2 3 4 5 6 7 8 9 10 11 12 13 14 15 16 17 18 
Execution time: 52 ms

Elapsed time: 2891 ms


Execution #48/10000

Seed: 48
Estimated max possible cost 318.930076
for path: 
0 1 2 3 4 5 6 7 8 9 10 11 12 13 14 15 16 17 18 
Execution time: 58 ms

Elapsed time: 2949 ms


Execution #49/10000

Seed: 49
Estimated max possible cost 318.930076
for path: 
0 1 2 3 4 5 6 7 8 9 10 11 12 13 14 15 16 17 18 
Execution time: 86 ms

Elapsed time: 3035 ms


Execution #50/10000

Seed: 50
Estimated max possible cost 318.930076
for path: 
0 1 2 3 4 5 6 7 8 9 10 11 12 13 14 15 16 17 18 
Execution time: 79 ms

Elapsed time: 3114 ms


Execution #51/10000

Seed: 51
Estimated max possible cost 318.930076
for path: 
0 1 2 3 4 5 6 7 8 9 10 11 12 13 14 15 16 17 18 
Execution time: 65 ms

Elapsed time: 3179 ms


Execution #52/10000

Seed: 52
Estimated max possible cost 318.930076
for path: 
0 1 2 3 4 5 6 7 8 9 10 11 12 13 14 15 16 17 18 
Execution time: 93 ms

Elapsed time: 3272 ms


Execution #53/10000

Seed: 53
Estimated max possible cost 318.930076
for path: 
0 1 2 3 4 5 6 7 8 9 10 11 12 13 14 15 16 17 18 
Execution time: 46 ms

Elapsed time: 3318 ms


Execution #54/10000

Seed: 54
Estimated max possible cost 318.930076
for path: 
0 1 2 3 4 5 6 7 8 9 10 11 12 13 14 15 16 17 18 
Execution time: 45 ms

Elapsed time: 3363 ms


Execution #55/10000

Seed: 55
Estimated max possible cost 318.930076
for path: 
0 1 2 3 4 5 6 7 8 9 10 11 12 13 14 15 16 17 18 
Execution time: 52 ms

Elapsed time: 3415 ms


Execution #56/10000

Seed: 56
Estimated max possible cost 318.930076
for path: 
0 1 2 3 4 5 6 7 8 9 10 11 12 13 14 15 16 17 18 
Execution time: 60 ms

Elapsed time: 3475 ms


Execution #57/10000

Seed: 57
Estimated max possible cost 318.930076
for path: 
0 1 2 3 4 5 6 7 8 9 10 11 12 13 14 15 16 17 18 
Execution time: 50 ms

Elapsed time: 3525 ms


Execution #58/10000

Seed: 58
Estimated max possible cost 318.930076
for path: 
0 1 2 3 4 5 6 7 8 9 10 11 12 13 14 15 16 17 18 
Execution time: 53 ms

Elapsed time: 3578 ms


Execution #59/10000

Seed: 59
Estimated max possible cost 318.930076
for path: 
0 1 2 3 4 5 6 7 8 9 10 11 12 13 14 15 16 17 18 
Execution time: 67 ms

Elapsed time: 3645 ms


Execution #60/10000

Seed: 60
Estimated max possible cost 318.930076
for path: 
0 1 2 3 4 5 6 7 8 9 10 11 12 13 14 15 16 17 18 
Execution time: 61 ms

Elapsed time: 3706 ms


Execution #61/10000

Seed: 61
Estimated max possible cost 318.930076
for path: 
0 1 2 3 4 5 6 7 8 9 10 11 12 13 14 15 16 17 18 
Execution time: 73 ms

Elapsed time: 3779 ms


Execution #62/10000

Seed: 62
Estimated max possible cost 318.930076
for path: 
0 1 2 3 4 5 6 7 8 9 10 11 12 13 14 15 16 17 18 
Execution time: 90 ms

Elapsed time: 3869 ms


Execution #63/10000

Seed: 63
Estimated max possible cost 318.930076
for path: 
0 1 2 3 4 5 6 7 8 9 10 11 12 13 14 15 16 17 18 
Execution time: 59 ms

Elapsed time: 3928 ms


Execution #64/10000

Seed: 64
Estimated max possible cost 318.930076
for path: 
0 1 2 3 4 5 6 7 8 9 10 11 12 13 14 15 16 17 18 
Execution time: 49 ms

Elapsed time: 3977 ms


Execution #65/10000

Seed: 65
Estimated max possible cost 318.930076
for path: 
0 1 2 3 4 5 6 7 8 9 10 11 12 13 14 15 16 17 18 
Execution time: 42 ms

Elapsed time: 4019 ms


Execution #66/10000

Seed: 66
Estimated max possible cost 318.930076
for path: 
0 1 2 3 4 5 6 7 8 9 10 11 12 13 14 15 16 17 18 
Execution time: 61 ms

Elapsed time: 4080 ms


Execution #67/10000

Seed: 67
Estimated max possible cost 318.930076
for path: 
0 1 2 3 4 5 6 7 8 9 10 11 12 13 14 15 16 17 18 
Execution time: 55 ms

Elapsed time: 4135 ms


Execution #68/10000

Seed: 68
Estimated max possible cost 318.930076
for path: 
0 1 2 3 4 5 6 7 8 9 10 11 12 13 14 15 16 17 18 
Execution time: 57 ms

Elapsed time: 4192 ms


Execution #69/10000

Seed: 69
Estimated max possible cost 318.930076
for path: 
0 1 2 3 4 5 6 7 8 9 10 11 12 13 14 15 16 17 18 
Execution time: 110 ms

Elapsed time: 4302 ms


Execution #70/10000

Seed: 70
Estimated max possible cost 318.930076
for path: 
0 1 2 3 4 5 6 7 8 9 10 11 12 13 14 15 16 17 18 
Execution time: 86 ms

Elapsed time: 4388 ms


Execution #71/10000

Seed: 71
Estimated max possible cost 318.930076
for path: 
0 1 2 3 4 5 6 7 8 9 10 11 12 13 14 15 16 17 18 
Execution time: 58 ms

Elapsed time: 4446 ms


Execution #72/10000

Seed: 72
Estimated max possible cost 318.930076
for path: 
0 1 2 3 4 5 6 7 8 9 10 11 12 13 14 15 16 17 18 
Execution time: 57 ms

Elapsed time: 4503 ms


Execution #73/10000

Seed: 73
Estimated max possible cost 318.930076
for path: 
0 1 2 3 4 5 6 7 8 9 10 11 12 13 14 15 16 17 18 
Execution time: 60 ms

Elapsed time: 4563 ms


Execution #74/10000

Seed: 74
Estimated max possible cost 318.930076
for path: 
0 1 2 3 4 5 6 7 8 9 10 11 12 13 14 15 16 17 18 
Execution time: 69 ms

Elapsed time: 4632 ms


Execution #75/10000

Seed: 75
Estimated max possible cost 318.930076
for path: 
0 1 2 3 4 5 6 7 8 9 10 11 12 13 14 15 16 17 18 
Execution time: 44 ms

Elapsed time: 4676 ms


Execution #76/10000

Seed: 76
Estimated max possible cost 318.930076
for path: 
0 1 2 3 4 5 6 7 8 9 10 11 12 13 14 15 16 17 18 
Execution time: 44 ms

Elapsed time: 4720 ms


Execution #77/10000

Seed: 77
Estimated max possible cost 318.930076
for path: 
0 1 2 3 4 5 6 7 8 9 10 11 12 13 14 15 16 17 18 
Execution time: 43 ms

Elapsed time: 4763 ms


Execution #78/10000

Seed: 78
Estimated max possible cost 318.930076
for path: 
0 1 2 3 4 5 6 7 8 9 10 11 12 13 14 15 16 17 18 
Execution time: 48 ms

Elapsed time: 4811 ms


Execution #79/10000

Seed: 79
Estimated max possible cost 318.930076
for path: 
0 1 2 3 4 5 6 7 8 9 10 11 12 13 14 15 16 17 18 
Execution time: 43 ms

Elapsed time: 4854 ms


Execution #80/10000

Seed: 80
Estimated max possible cost 318.930076
for path: 
0 1 2 3 4 5 6 7 8 9 10 11 12 13 14 15 16 17 18 
Execution time: 42 ms

Elapsed time: 4896 ms


Execution #81/10000

Seed: 81
Estimated max possible cost 318.930076
for path: 
0 1 2 3 4 5 6 7 8 9 10 11 12 13 14 15 16 17 18 
Execution time: 71 ms

Elapsed time: 4967 ms


Execution #82/10000

Seed: 82
Estimated max possible cost 318.930076
for path: 
0 1 2 3 4 5 6 7 8 9 10 11 12 13 14 15 16 17 18 
Execution time: 54 ms

Elapsed time: 5021 ms


Execution #83/10000

Seed: 83
Estimated max possible cost 318.930076
for path: 
0 1 2 3 4 5 6 7 8 9 10 11 12 13 14 15 16 17 18 
Execution time: 47 ms

Elapsed time: 5068 ms


Execution #84/10000

Seed: 84
Estimated max possible cost 318.930076
for path: 
0 1 2 3 4 5 6 7 8 9 10 11 12 13 14 15 16 17 18 
Execution time: 51 ms

Elapsed time: 5119 ms


Execution #85/10000

Seed: 85
Estimated max possible cost 318.930076
for path: 
0 1 2 3 4 5 6 7 8 9 10 11 12 13 14 15 16 17 18 
Execution time: 53 ms

Elapsed time: 5172 ms


Execution #86/10000

Seed: 86
Estimated max possible cost 318.930076
for path: 
0 1 2 3 4 5 6 7 8 9 10 11 12 13 14 15 16 17 18 
Execution time: 102 ms

Elapsed time: 5274 ms


Execution #87/10000

Seed: 87
Estimated max possible cost 318.930076
for path: 
0 1 2 3 4 5 6 7 8 9 10 11 12 13 14 15 16 17 18 
Execution time: 74 ms

Elapsed time: 5348 ms


Execution #88/10000

Seed: 88
Estimated max possible cost 318.930076
for path: 
0 1 2 3 4 5 6 7 8 9 10 11 12 13 14 15 16 17 18 
Execution time: 62 ms

Elapsed time: 5410 ms


Execution #89/10000

Seed: 89
Estimated max possible cost 318.930076
for path: 
0 1 2 3 4 5 6 7 8 9 10 11 12 13 14 15 16 17 18 
Execution time: 52 ms

Elapsed time: 5462 ms


Execution #90/10000

Seed: 90
Estimated max possible cost 318.930076
for path: 
0 1 2 3 4 5 6 7 8 9 10 11 12 13 14 15 16 17 18 
Execution time: 61 ms

Elapsed time: 5523 ms


Execution #91/10000

Seed: 91
Estimated max possible cost 318.930076
for path: 
0 1 2 3 4 5 6 7 8 9 10 11 12 13 14 15 16 17 18 
Execution time: 56 ms

Elapsed time: 5579 ms


Execution #92/10000

Seed: 92
Estimated max possible cost 318.930076
for path: 
0 1 2 3 4 5 6 7 8 9 10 11 12 13 14 15 16 17 18 
Execution time: 52 ms

Elapsed time: 5631 ms


Execution #93/10000

Seed: 93
Estimated max possible cost 318.930076
for path: 
0 1 2 3 4 5 6 7 8 9 10 11 12 13 14 15 16 17 18 
Execution time: 45 ms

Elapsed time: 5676 ms


Execution #94/10000

Seed: 94
Estimated max possible cost 318.930076
for path: 
0 1 2 3 4 5 6 7 8 9 10 11 12 13 14 15 16 17 18 
Execution time: 72 ms

Elapsed time: 5748 ms


Execution #95/10000

Seed: 95
Estimated max possible cost 318.930076
for path: 
0 1 2 3 4 5 6 7 8 9 10 11 12 13 14 15 16 17 18 
Execution time: 58 ms

Elapsed time: 5806 ms


Execution #96/10000

Seed: 96
Estimated max possible cost 318.930076
for path: 
0 1 2 3 4 5 6 7 8 9 10 11 12 13 14 15 16 17 18 
Execution time: 42 ms

Elapsed time: 5848 ms


Execution #97/10000

Seed: 97
Estimated max possible cost 318.930076
for path: 
0 1 2 3 4 5 6 7 8 9 10 11 12 13 14 15 16 17 18 
Execution time: 57 ms

Elapsed time: 5905 ms


Execution #98/10000

Seed: 98
Estimated max possible cost 318.930076
for path: 
0 1 2 3 4 5 6 7 8 9 10 11 12 13 14 15 16 17 18 
Execution time: 74 ms

Elapsed time: 5979 ms


Execution #99/10000

Seed: 99
Estimated max possible cost 318.930076
for path: 
0 1 2 3 4 5 6 7 8 9 10 11 12 13 14 15 16 17 18 
Execution time: 61 ms

Elapsed time: 6040 ms


Execution #100/10000

Seed: 100
Estimated max possible cost 318.930076
for path: 
0 1 2 3 4 5 6 7 8 9 10 11 12 13 14 15 16 17 18 
Execution time: 62 ms

Elapsed time: 6102 ms


Execution #101/10000

Seed: 101
Estimated max possible cost 318.930076
for path: 
0 1 2 3 4 5 6 7 8 9 10 11 12 13 14 15 16 17 18 
Execution time: 47 ms

Elapsed time: 6149 ms


Execution #102/10000

Seed: 102
Estimated max possible cost 318.930076
for path: 
0 1 2 3 4 5 6 7 8 9 10 11 12 13 14 15 16 17 18 
Execution time: 52 ms

Elapsed time: 6201 ms


Execution #103/10000

Seed: 103
Estimated max possible cost 318.930076
for path: 
0 1 2 3 4 5 6 7 8 9 10 11 12 13 14 15 16 17 18 
Execution time: 72 ms

Elapsed time: 6273 ms


Execution #104/10000

Seed: 104
Estimated max possible cost 318.930076
for path: 
0 1 2 3 4 5 6 7 8 9 10 11 12 13 14 15 16 17 18 
Execution time: 52 ms

Elapsed time: 6325 ms


Execution #105/10000

Seed: 105
Estimated max possible cost 318.930076
for path: 
0 1 2 3 4 5 6 7 8 9 10 11 12 13 14 15 16 17 18 
Execution time: 65 ms

Elapsed time: 6390 ms


Execution #106/10000

Seed: 106
Estimated max possible cost 318.930076
for path: 
0 1 2 3 4 5 6 7 8 9 10 11 12 13 14 15 16 17 18 
Execution time: 41 ms

Elapsed time: 6431 ms


Execution #107/10000

Seed: 107
Estimated max possible cost 318.930076
for path: 
0 1 2 3 4 5 6 7 8 9 10 11 12 13 14 15 16 17 18 
Execution time: 52 ms

Elapsed time: 6483 ms


Execution #108/10000

Seed: 108
Estimated max possible cost 318.930076
for path: 
0 1 2 3 4 5 6 7 8 9 10 11 12 13 14 15 16 17 18 
Execution time: 52 ms

Elapsed time: 6535 ms


Execution #109/10000

Seed: 109
Estimated max possible cost 318.930076
for path: 
0 1 2 3 4 5 6 7 8 9 10 11 12 13 14 15 16 17 18 
Execution time: 60 ms

Elapsed time: 6595 ms


Execution #110/10000

Seed: 110
Estimated max possible cost 318.930076
for path: 
0 1 2 3 4 5 6 7 8 9 10 11 12 13 14 15 16 17 18 
Execution time: 41 ms

Elapsed time: 6636 ms


Execution #111/10000

Seed: 111
Estimated max possible cost 318.930076
for path: 
0 1 2 3 4 5 6 7 8 9 10 11 12 13 14 15 16 17 18 
Execution time: 75 ms

Elapsed time: 6711 ms


Execution #112/10000

Seed: 112
Estimated max possible cost 318.930076
for path: 
0 1 2 3 4 5 6 7 8 9 10 11 12 13 14 15 16 17 18 
Execution time: 60 ms

Elapsed time: 6771 ms


Execution #113/10000

Seed: 113
Estimated max possible cost 318.930076
for path: 
0 1 2 3 4 5 6 7 8 9 10 11 12 13 14 15 16 17 18 
Execution time: 43 ms

Elapsed time: 6814 ms


Execution #114/10000

Seed: 114
Estimated max possible cost 318.930076
for path: 
0 1 2 3 4 5 6 7 8 9 10 11 12 13 14 15 16 17 18 
Execution time: 58 ms

Elapsed time: 6872 ms


Execution #115/10000

Seed: 115
Estimated max possible cost 318.930076
for path: 
0 1 2 3 4 5 6 7 8 9 10 11 12 13 14 15 16 17 18 
Execution time: 69 ms

Elapsed time: 6941 ms


Execution #116/10000

Seed: 116
Estimated max possible cost 318.930076
for path: 
0 1 2 3 4 5 6 7 8 9 10 11 12 13 14 15 16 17 18 
Execution time: 56 ms

Elapsed time: 6997 ms


Execution #117/10000

Seed: 117
Estimated max possible cost 318.930076
for path: 
0 1 2 3 4 5 6 7 8 9 10 11 12 13 14 15 16 17 18 
Execution time: 41 ms

Elapsed time: 7038 ms


Execution #118/10000

Seed: 118
Estimated max possible cost 318.930076
for path: 
0 1 2 3 4 5 6 7 8 9 10 11 12 13 14 15 16 17 18 
Execution time: 52 ms

Elapsed time: 7090 ms


Execution #119/10000

Seed: 119
Estimated max possible cost 318.930076
for path: 
0 1 2 3 4 5 6 7 8 9 10 11 12 13 14 15 16 17 18 
Execution time: 68 ms

Elapsed time: 7158 ms


Execution #120/10000

Seed: 120
Estimated max possible cost 318.930076
for path: 
0 1 2 3 4 5 6 7 8 9 10 11 12 13 14 15 16 17 18 
Execution time: 50 ms

Elapsed time: 7208 ms


Execution #121/10000

Seed: 121
Estimated max possible cost 318.930076
for path: 
0 1 2 3 4 5 6 7 8 9 10 11 12 13 14 15 16 17 18 
Execution time: 51 ms

Elapsed time: 7259 ms


Execution #122/10000

Seed: 122
Estimated max possible cost 318.930076
for path: 
0 1 2 3 4 5 6 7 8 9 10 11 12 13 14 15 16 17 18 
Execution time: 51 ms

Elapsed time: 7310 ms


Execution #123/10000

Seed: 123
Estimated max possible cost 318.930076
for path: 
0 1 2 3 4 5 6 7 8 9 10 11 12 13 14 15 16 17 18 
Execution time: 62 ms

Elapsed time: 7372 ms


Execution #124/10000

Seed: 124
Estimated max possible cost 318.930076
for path: 
0 1 2 3 4 5 6 7 8 9 10 11 12 13 14 15 16 17 18 
Execution time: 61 ms

Elapsed time: 7433 ms


Execution #125/10000

Seed: 125
Estimated max possible cost 318.930076
for path: 
0 1 2 3 4 5 6 7 8 9 10 11 12 13 14 15 16 17 18 
Execution time: 62 ms

Elapsed time: 7495 ms


Execution #126/10000

Seed: 126
Estimated max possible cost 318.930076
for path: 
0 1 2 3 4 5 6 7 8 9 10 11 12 13 14 15 16 17 18 
Execution time: 50 ms

Elapsed time: 7545 ms


Execution #127/10000

Seed: 127
Estimated max possible cost 318.930076
for path: 
0 1 2 3 4 5 6 7 8 9 10 11 12 13 14 15 16 17 18 
Execution time: 62 ms

Elapsed time: 7607 ms


Execution #128/10000

Seed: 128
Estimated max possible cost 318.930076
for path: 
0 1 2 3 4 5 6 7 8 9 10 11 12 13 14 15 16 17 18 
Execution time: 46 ms

Elapsed time: 7653 ms


Execution #129/10000

Seed: 129
Estimated max possible cost 318.930076
for path: 
0 1 2 3 4 5 6 7 8 9 10 11 12 13 14 15 16 17 18 
Execution time: 57 ms

Elapsed time: 7710 ms


Execution #130/10000

Seed: 130
Estimated max possible cost 318.930076
for path: 
0 1 2 3 4 5 6 7 8 9 10 11 12 13 14 15 16 17 18 
Execution time: 47 ms

Elapsed time: 7757 ms


Execution #131/10000

Seed: 131
Estimated max possible cost 318.930076
for path: 
0 1 2 3 4 5 6 7 8 9 10 11 12 13 14 15 16 17 18 
Execution time: 50 ms

Elapsed time: 7807 ms


Execution #132/10000

Seed: 132
Estimated max possible cost 318.930076
for path: 
0 1 2 3 4 5 6 7 8 9 10 11 12 13 14 15 16 17 18 
Execution time: 63 ms

Elapsed time: 7870 ms


Execution #133/10000

Seed: 133
Estimated max possible cost 318.930076
for path: 
0 1 2 3 4 5 6 7 8 9 10 11 12 13 14 15 16 17 18 
Execution time: 42 ms

Elapsed time: 7912 ms


Execution #134/10000

Seed: 134
Estimated max possible cost 318.930076
for path: 
0 1 2 3 4 5 6 7 8 9 10 11 12 13 14 15 16 17 18 
Execution time: 58 ms

Elapsed time: 7970 ms


Execution #135/10000

Seed: 135
Estimated max possible cost 318.930076
for path: 
0 1 2 3 4 5 6 7 8 9 10 11 12 13 14 15 16 17 18 
Execution time: 45 ms

Elapsed time: 8015 ms


Execution #136/10000

Seed: 136
Estimated max possible cost 318.930076
for path: 
0 1 2 3 4 5 6 7 8 9 10 11 12 13 14 15 16 17 18 
Execution time: 63 ms

Elapsed time: 8078 ms


Execution #137/10000

Seed: 137
Estimated max possible cost 318.930076
for path: 
0 1 2 3 4 5 6 7 8 9 10 11 12 13 14 15 16 17 18 
Execution time: 46 ms

Elapsed time: 8124 ms


Execution #138/10000

Seed: 138
Estimated max possible cost 318.930076
for path: 
0 1 2 3 4 5 6 7 8 9 10 11 12 13 14 15 16 17 18 
Execution time: 66 ms

Elapsed time: 8190 ms


Execution #139/10000

Seed: 139
Estimated max possible cost 318.930076
for path: 
0 1 2 3 4 5 6 7 8 9 10 11 12 13 14 15 16 17 18 
Execution time: 59 ms

Elapsed time: 8249 ms


Execution #140/10000

Seed: 140
Estimated max possible cost 318.930076
for path: 
0 1 2 3 4 5 6 7 8 9 10 11 12 13 14 15 16 17 18 
Execution time: 60 ms

Elapsed time: 8309 ms


Execution #141/10000

Seed: 141
Estimated max possible cost 318.930076
for path: 
0 1 2 3 4 5 6 7 8 9 10 11 12 13 14 15 16 17 18 
Execution time: 42 ms

Elapsed time: 8351 ms


Execution #142/10000

Seed: 142
Estimated max possible cost 318.930076
for path: 
0 1 2 3 4 5 6 7 8 9 10 11 12 13 14 15 16 17 18 
Execution time: 43 ms

Elapsed time: 8394 ms


Execution #143/10000

Seed: 143
Estimated max possible cost 318.930076
for path: 
0 1 2 3 4 5 6 7 8 9 10 11 12 13 14 15 16 17 18 
Execution time: 49 ms

Elapsed time: 8443 ms


Execution #144/10000

Seed: 144
Estimated max possible cost 318.930076
for path: 
0 1 2 3 4 5 6 7 8 9 10 11 12 13 14 15 16 17 18 
Execution time: 89 ms

Elapsed time: 8532 ms


Execution #145/10000

Seed: 145
Estimated max possible cost 318.930076
for path: 
0 1 2 3 4 5 6 7 8 9 10 11 12 13 14 15 16 17 18 
Execution time: 62 ms

Elapsed time: 8594 ms


Execution #146/10000

Seed: 146
Estimated max possible cost 318.930076
for path: 
0 1 2 3 4 5 6 7 8 9 10 11 12 13 14 15 16 17 18 
Execution time: 66 ms

Elapsed time: 8660 ms


Execution #147/10000

Seed: 147
Estimated max possible cost 318.930076
for path: 
0 1 2 3 4 5 6 7 8 9 10 11 12 13 14 15 16 17 18 
Execution time: 48 ms

Elapsed time: 8708 ms


Execution #148/10000

Seed: 148
Estimated max possible cost 318.930076
for path: 
0 1 2 3 4 5 6 7 8 9 10 11 12 13 14 15 16 17 18 
Execution time: 59 ms

Elapsed time: 8767 ms


Execution #149/10000

Seed: 149
Estimated max possible cost 318.930076
for path: 
0 1 2 3 4 5 6 7 8 9 10 11 12 13 14 15 16 17 18 
Execution time: 54 ms

Elapsed time: 8821 ms


Execution #150/10000

Seed: 150
Estimated max possible cost 318.930076
for path: 
0 1 2 3 4 5 6 7 8 9 10 11 12 13 14 15 16 17 18 
Execution time: 52 ms

Elapsed time: 8873 ms


Execution #151/10000

Seed: 151
Estimated max possible cost 318.930076
for path: 
0 1 2 3 4 5 6 7 8 9 10 11 12 13 14 15 16 17 18 
Execution time: 67 ms

Elapsed time: 8940 ms


Execution #152/10000

Seed: 152
Estimated max possible cost 318.930076
for path: 
0 1 2 3 4 5 6 7 8 9 10 11 12 13 14 15 16 17 18 
Execution time: 62 ms

Elapsed time: 9002 ms


Execution #153/10000

Seed: 153
Estimated max possible cost 318.930076
for path: 
0 1 2 3 4 5 6 7 8 9 10 11 12 13 14 15 16 17 18 
Execution time: 110 ms

Elapsed time: 9112 ms


Execution #154/10000

Seed: 154
Estimated max possible cost 318.930076
for path: 
0 1 2 3 4 5 6 7 8 9 10 11 12 13 14 15 16 17 18 
Execution time: 61 ms

Elapsed time: 9173 ms


Execution #155/10000

Seed: 155
Estimated max possible cost 318.930076
for path: 
0 1 2 3 4 5 6 7 8 9 10 11 12 13 14 15 16 17 18 
Execution time: 42 ms

Elapsed time: 9215 ms


Execution #156/10000

Seed: 156
Estimated max possible cost 318.930076
for path: 
0 1 2 3 4 5 6 7 8 9 10 11 12 13 14 15 16 17 18 
Execution time: 48 ms

Elapsed time: 9263 ms


Execution #157/10000

Seed: 157
Estimated max possible cost 318.930076
for path: 
0 1 2 3 4 5 6 7 8 9 10 11 12 13 14 15 16 17 18 
Execution time: 55 ms

Elapsed time: 9318 ms


Execution #158/10000

Seed: 158
Estimated max possible cost 318.930076
for path: 
0 1 2 3 4 5 6 7 8 9 10 11 12 13 14 15 16 17 18 
Execution time: 43 ms

Elapsed time: 9361 ms


Execution #159/10000

Seed: 159
Estimated max possible cost 318.930076
for path: 
0 1 2 3 4 5 6 7 8 9 10 11 12 13 14 15 16 17 18 
Execution time: 46 ms

Elapsed time: 9407 ms


Execution #160/10000

Seed: 160
Estimated max possible cost 318.930076
for path: 
0 1 2 3 4 5 6 7 8 9 10 11 12 13 14 15 16 17 18 
Execution time: 66 ms

Elapsed time: 9473 ms


Execution #161/10000

Seed: 161
Estimated max possible cost 318.930076
for path: 
0 1 2 3 4 5 6 7 8 9 10 11 12 13 14 15 16 17 18 
Execution time: 51 ms

Elapsed time: 9524 ms


Execution #162/10000

Seed: 162
Estimated max possible cost 318.930076
for path: 
0 1 2 3 4 5 6 7 8 9 10 11 12 13 14 15 16 17 18 
Execution time: 46 ms

Elapsed time: 9570 ms


Execution #163/10000

Seed: 163
Estimated max possible cost 318.930076
for path: 
0 1 2 3 4 5 6 7 8 9 10 11 12 13 14 15 16 17 18 
Execution time: 50 ms

Elapsed time: 9620 ms


Execution #164/10000

Seed: 164
Estimated max possible cost 318.930076
for path: 
0 1 2 3 4 5 6 7 8 9 10 11 12 13 14 15 16 17 18 
Execution time: 47 ms

Elapsed time: 9667 ms


Execution #165/10000

Seed: 165
Estimated max possible cost 318.930076
for path: 
0 1 2 3 4 5 6 7 8 9 10 11 12 13 14 15 16 17 18 
Execution time: 52 ms

Elapsed time: 9719 ms


Execution #166/10000

Seed: 166
Estimated max possible cost 318.930076
for path: 
0 1 2 3 4 5 6 7 8 9 10 11 12 13 14 15 16 17 18 
Execution time: 41 ms

Elapsed time: 9760 ms


Execution #167/10000

Seed: 167
Estimated max possible cost 318.930076
for path: 
0 1 2 3 4 5 6 7 8 9 10 11 12 13 14 15 16 17 18 
Execution time: 47 ms

Elapsed time: 9807 ms


Execution #168/10000

Seed: 168
Estimated max possible cost 318.930076
for path: 
0 1 2 3 4 5 6 7 8 9 10 11 12 13 14 15 16 17 18 
Execution time: 98 ms

Elapsed time: 9905 ms


Execution #169/10000

Seed: 169
Estimated max possible cost 318.930076
for path: 
0 1 2 3 4 5 6 7 8 9 10 11 12 13 14 15 16 17 18 
Execution time: 77 ms

Elapsed time: 9982 ms


Execution #170/10000

Seed: 170
Estimated max possible cost 318.930076
for path: 
0 1 2 3 4 5 6 7 8 9 10 11 12 13 14 15 16 17 18 
Execution time: 45 ms

Elapsed time: 10027 ms


Execution #171/10000

Seed: 171
Estimated max possible cost 318.930076
for path: 
0 1 2 3 4 5 6 7 8 9 10 11 12 13 14 15 16 17 18 
Execution time: 47 ms

Elapsed time: 10074 ms


Execution #172/10000

Seed: 172
Estimated max possible cost 318.930076
for path: 
0 1 2 3 4 5 6 7 8 9 10 11 12 13 14 15 16 17 18 
Execution time: 46 ms

Elapsed time: 10120 ms


Execution #173/10000

Seed: 173
Estimated max possible cost 318.930076
for path: 
0 1 2 3 4 5 6 7 8 9 10 11 12 13 14 15 16 17 18 
Execution time: 41 ms

Elapsed time: 10161 ms


Execution #174/10000

Seed: 174
Estimated max possible cost 318.930076
for path: 
0 1 2 3 4 5 6 7 8 9 10 11 12 13 14 15 16 17 18 
Execution time: 62 ms

Elapsed time: 10223 ms


Execution #175/10000

Seed: 175
Estimated max possible cost 318.930076
for path: 
0 1 2 3 4 5 6 7 8 9 10 11 12 13 14 15 16 17 18 
Execution time: 49 ms

Elapsed time: 10272 ms


Execution #176/10000

Seed: 176
Estimated max possible cost 318.930076
for path: 
0 1 2 3 4 5 6 7 8 9 10 11 12 13 14 15 16 17 18 
Execution time: 49 ms

Elapsed time: 10321 ms


Execution #177/10000

Seed: 177
Estimated max possible cost 318.930076
for path: 
0 1 2 3 4 5 6 7 8 9 10 11 12 13 14 15 16 17 18 
Execution time: 62 ms

Elapsed time: 10383 ms


Execution #178/10000

Seed: 178
Estimated max possible cost 318.930076
for path: 
0 1 2 3 4 5 6 7 8 9 10 11 12 13 14 15 16 17 18 
Execution time: 90 ms

Elapsed time: 10473 ms


Execution #179/10000

Seed: 179
Estimated max possible cost 318.930076
for path: 
0 1 2 3 4 5 6 7 8 9 10 11 12 13 14 15 16 17 18 
Execution time: 71 ms

Elapsed time: 10544 ms


Execution #180/10000

Seed: 180
Estimated max possible cost 318.930076
for path: 
0 1 2 3 4 5 6 7 8 9 10 11 12 13 14 15 16 17 18 
Execution time: 69 ms

Elapsed time: 10613 ms


Execution #181/10000

Seed: 181
Estimated max possible cost 318.930076
for path: 
0 1 2 3 4 5 6 7 8 9 10 11 12 13 14 15 16 17 18 
Execution time: 56 ms

Elapsed time: 10669 ms


Execution #182/10000

Seed: 182
Estimated max possible cost 318.930076
for path: 
0 1 2 3 4 5 6 7 8 9 10 11 12 13 14 15 16 17 18 
Execution time: 60 ms

Elapsed time: 10729 ms


Execution #183/10000

Seed: 183
Estimated max possible cost 318.930076
for path: 
0 1 2 3 4 5 6 7 8 9 10 11 12 13 14 15 16 17 18 
Execution time: 48 ms

Elapsed time: 10777 ms


Execution #184/10000

Seed: 184
Estimated max possible cost 318.930076
for path: 
