Solving SHP


Execution #1/10000

Seed: 1
Estimated max possible cost 324.010076
for path: 
0 1 2 3 4 5 6 7 8 9 10 11 12 13 14 15 16 17 18 19 20 
Memory needed for path: 5542509 locs, for costs: 6172530 locs.
Desired precision: 1e+12
Mem constraint for cost_t: 64 bits
Rounded to pow of 2 bytes mem constraint (capped at 64bits) for cost_t: 64 bits
Bits needed for an int to preserve precision: 48
Bits used per cost_t: 48
Selected cost_t = (u)int64_t
Solving with cost_t = y
Memory [GB] needed: 0.0511508
Distances:
0, 5.08, 242.54, 232.423, 228.124, 218.013, 212.172, 212.044, 211.947, 211.88, 211.843, 211.837, 211.862, 211.917, 212.002, 212.117, 212.263, 212.44, 212.646, 212.882, 213.149, 
5.08, 0, 247.599, 237.481, 233.181, 223.068, 217.244, 217.119, 217.024, 216.959, 216.923, 216.917, 216.941, 216.995, 217.078, 217.191, 217.333, 217.505, 217.707, 217.938, 218.198, 
242.54, 247.599, 0, 10.16, 14.478, 24.638, 31.3255, 32.219, 33.2827, 34.501, 35.8581, 37.3389, 38.9292, 40.6162, 42.3883, 44.2354, 46.1484, 48.1194, 50.1417, 52.2092, 54.3168, 
232.423, 237.481, 10.16, 0, 4.318, 14.478, 21.9236, 23.1823, 24.6393, 26.2617, 28.0207, 29.8922, 31.8565, 33.8973, 36.0018, 38.1592, 40.3612, 42.6009, 44.8725, 47.1716, 49.4942, 
228.124, 233.181, 14.478, 4.318, 0, 10.16, 18.1765, 19.6764, 21.3738, 23.2254, 25.1973, 27.2633, 29.4037, 31.6034, 33.8507, 36.1368, 38.4548, 40.7992, 43.1658, 45.5511, 47.9522, 
218.013, 223.068, 24.638, 14.478, 10.16, 0, 11.1326, 13.4428, 15.8236, 18.2474, 20.6991, 23.1698, 25.654, 28.1482, 30.6499, 33.1575, 35.6696, 38.1854, 40.7042, 43.2255, 45.7489, 
212.172, 217.244, 31.3255, 21.9236, 18.1765, 11.1326, 0, 2.54, 5.08, 7.62, 10.16, 12.7, 15.24, 17.78, 20.32, 22.86, 25.4, 27.94, 30.48, 33.02, 35.56, 
212.044, 217.119, 32.219, 23.1823, 19.6764, 13.4428, 2.54, 0, 2.54, 5.08, 7.62, 10.16, 12.7, 15.24, 17.78, 20.32, 22.86, 25.4, 27.94, 30.48, 33.02, 
211.947, 217.024, 33.2827, 24.6393, 21.3738, 15.8236, 5.08, 2.54, 0, 2.54, 5.08, 7.62, 10.16, 12.7, 15.24, 17.78, 20.32, 22.86, 25.4, 27.94, 30.48, 
211.88, 216.959, 34.501, 26.2617, 23.2254, 18.2474, 7.62, 5.08, 2.54, 0, 2.54, 5.08, 7.62, 10.16, 12.7, 15.24, 17.78, 20.32, 22.86, 25.4, 27.94, 
211.843, 216.923, 35.8581, 28.0207, 25.1973, 20.6991, 10.16, 7.62, 5.08, 2.54, 0, 2.54, 5.08, 7.62, 10.16, 12.7, 15.24, 17.78, 20.32, 22.86, 25.4, 
211.837, 216.917, 37.3389, 29.8922, 27.2633, 23.1698, 12.7, 10.16, 7.62, 5.08, 2.54, 0, 2.54, 5.08, 7.62, 10.16, 12.7, 15.24, 17.78, 20.32, 22.86, 
211.862, 216.941, 38.9292, 31.8565, 29.4037, 25.654, 15.24, 12.7, 10.16, 7.62, 5.08, 2.54, 0, 2.54, 5.08, 7.62, 10.16, 12.7, 15.24, 17.78, 20.32, 
211.917, 216.995, 40.6162, 33.8973, 31.6034, 28.1482, 17.78, 15.24, 12.7, 10.16, 7.62, 5.08, 2.54, 0, 2.54, 5.08, 7.62, 10.16, 12.7, 15.24, 17.78, 
212.002, 217.078, 42.3883, 36.0018, 33.8507, 30.6499, 20.32, 17.78, 15.24, 12.7, 10.16, 7.62, 5.08, 2.54, 0, 2.54, 5.08, 7.62, 10.16, 12.7, 15.24, 
212.117, 217.191, 44.2354, 38.1592, 36.1368, 33.1575, 22.86, 20.32, 17.78, 15.24, 12.7, 10.16, 7.62, 5.08, 2.54, 0, 2.54, 5.08, 7.62, 10.16, 12.7, 
212.263, 217.333, 46.1484, 40.3612, 38.4548, 35.6696, 25.4, 22.86, 20.32, 17.78, 15.24, 12.7, 10.16, 7.62, 5.08, 2.54, 0, 2.54, 5.08, 7.62, 10.16, 
212.44, 217.505, 48.1194, 42.6009, 40.7992, 38.1854, 27.94, 25.4, 22.86, 20.32, 17.78, 15.24, 12.7, 10.16, 7.62, 5.08, 2.54, 0, 2.54, 5.08, 7.62, 
212.646, 217.707, 50.1417, 44.8725, 43.1658, 40.7042, 30.48, 27.94, 25.4, 22.86, 20.32, 17.78, 15.24, 12.7, 10.16, 7.62, 5.08, 2.54, 0, 2.54, 5.08, 
212.882, 217.938, 52.2092, 47.1716, 45.5511, 43.2255, 33.02, 30.48, 27.94, 25.4, 22.86, 20.32, 17.78, 15.24, 12.7, 10.16, 7.62, 5.08, 2.54, 0, 2.54, 
213.149, 218.198, 54.3168, 49.4942, 47.9522, 45.7489, 35.56, 33.02, 30.48, 27.94, 25.4, 22.86, 20.32, 17.78, 15.24, 12.7, 10.16, 7.62, 5.08, 2.54, 0, 
Scaled Distances:
0, 1.59256e+17, 1.50478e+19, 1.44135e+19, 1.4144e+19, 1.351e+19, 1.31438e+19, 1.31358e+19, 1.31297e+19, 1.31255e+19, 1.31232e+19, 1.31228e+19, 1.31243e+19, 1.31277e+19, 1.31331e+19, 1.31403e+19, 1.31495e+19, 1.31605e+19, 1.31735e+19, 1.31883e+19, 1.3205e+19, 
1.59256e+17, 0, 1.5365e+19, 1.47306e+19, 1.4461e+19, 1.38269e+19, 1.34618e+19, 1.3454e+19, 1.3448e+19, 1.34439e+19, 1.34417e+19, 1.34413e+19, 1.34428e+19, 1.34461e+19, 1.34514e+19, 1.34584e+19, 1.34674e+19, 1.34782e+19, 1.34908e+19, 1.35053e+19, 1.35216e+19, 
1.50478e+19, 1.5365e+19, 0, 4.77768e+17, 7.48503e+17, 1.38553e+18, 1.80483e+18, 1.86085e+18, 1.92755e+18, 2.00393e+18, 2.08902e+18, 2.18186e+18, 2.28157e+18, 2.38735e+18, 2.49846e+18, 2.61427e+18, 2.73421e+18, 2.85779e+18, 2.98459e+18, 3.11422e+18, 3.24637e+18, 
1.44135e+19, 1.47306e+19, 4.77768e+17, 0, 1.11479e+17, 7.48503e+17, 1.21534e+18, 1.29426e+18, 1.38561e+18, 1.48733e+18, 1.59762e+18, 1.71496e+18, 1.83812e+18, 1.96608e+18, 2.09803e+18, 2.2333e+18, 2.37136e+18, 2.51179e+18, 2.65422e+18, 2.79836e+18, 2.94399e+18, 
1.4144e+19, 1.4461e+19, 7.48503e+17, 1.11479e+17, 0, 4.77768e+17, 9.80399e+17, 1.07444e+18, 1.18086e+18, 1.29696e+18, 1.42059e+18, 1.55013e+18, 1.68433e+18, 1.82225e+18, 1.96316e+18, 2.10649e+18, 2.25183e+18, 2.39882e+18, 2.54721e+18, 2.69676e+18, 2.84731e+18, 
1.351e+19, 1.38269e+19, 1.38553e+18, 7.48503e+17, 4.77768e+17, 0, 5.38751e+17, 6.83598e+17, 8.32872e+17, 9.84841e+17, 1.13856e+18, 1.29347e+18, 1.44923e+18, 1.60561e+18, 1.76247e+18, 1.91969e+18, 2.0772e+18, 2.23494e+18, 2.39287e+18, 2.55095e+18, 2.70917e+18, 
1.31438e+19, 1.34618e+19, 1.80483e+18, 1.21534e+18, 9.80399e+17, 5.38751e+17, 0, 446, 1.59256e+17, 3.18512e+17, 4.77768e+17, 6.37024e+17, 7.9628e+17, 9.55536e+17, 1.11479e+18, 1.27405e+18, 1.4333e+18, 1.59256e+18, 1.75182e+18, 1.91107e+18, 2.07033e+18, 
1.31358e+19, 1.3454e+19, 1.86085e+18, 1.29426e+18, 1.07444e+18, 6.83598e+17, 446, 0, 446, 1.59256e+17, 3.18512e+17, 4.77768e+17, 6.37024e+17, 7.9628e+17, 9.55536e+17, 1.11479e+18, 1.27405e+18, 1.4333e+18, 1.59256e+18, 1.75182e+18, 1.91107e+18, 
1.31297e+19, 1.3448e+19, 1.92755e+18, 1.38561e+18, 1.18086e+18, 8.32872e+17, 1.59256e+17, 446, 0, 446, 1.59256e+17, 3.18512e+17, 4.77768e+17, 6.37024e+17, 7.9628e+17, 9.55536e+17, 1.11479e+18, 1.27405e+18, 1.4333e+18, 1.59256e+18, 1.75182e+18, 
1.31255e+19, 1.34439e+19, 2.00393e+18, 1.48733e+18, 1.29696e+18, 9.84841e+17, 3.18512e+17, 1.59256e+17, 446, 0, 446, 1.59256e+17, 3.18512e+17, 4.77768e+17, 6.37024e+17, 7.9628e+17, 9.55536e+17, 1.11479e+18, 1.27405e+18, 1.4333e+18, 1.59256e+18, 
1.31232e+19, 1.34417e+19, 2.08902e+18, 1.59762e+18, 1.42059e+18, 1.13856e+18, 4.77768e+17, 3.18512e+17, 1.59256e+17, 446, 0, 446, 1.59256e+17, 3.18512e+17, 4.77768e+17, 6.37024e+17, 7.9628e+17, 9.55536e+17, 1.11479e+18, 1.27405e+18, 1.4333e+18, 
1.31228e+19, 1.34413e+19, 2.18186e+18, 1.71496e+18, 1.55013e+18, 1.29347e+18, 6.37024e+17, 4.77768e+17, 3.18512e+17, 1.59256e+17, 446, 0, 446, 1.59256e+17, 3.18512e+17, 4.77768e+17, 6.37024e+17, 7.9628e+17, 9.55536e+17, 1.11479e+18, 1.27405e+18, 
1.31243e+19, 1.34428e+19, 2.28157e+18, 1.83812e+18, 1.68433e+18, 1.44923e+18, 7.9628e+17, 6.37024e+17, 4.77768e+17, 3.18512e+17, 1.59256e+17, 446, 0, 891, 1.59256e+17, 3.18512e+17, 4.77768e+17, 6.37024e+17, 7.9628e+17, 9.55536e+17, 1.11479e+18, 
1.31277e+19, 1.34461e+19, 2.38735e+18, 1.96608e+18, 1.82225e+18, 1.60561e+18, 9.55536e+17, 7.9628e+17, 6.37024e+17, 4.77768e+17, 3.18512e+17, 1.59256e+17, 891, 0, 446, 1.59256e+17, 3.18512e+17, 4.77768e+17, 6.37024e+17, 7.9628e+17, 9.55536e+17, 
1.31331e+19, 1.34514e+19, 2.49846e+18, 2.09803e+18, 1.96316e+18, 1.76247e+18, 1.11479e+18, 9.55536e+17, 7.9628e+17, 6.37024e+17, 4.77768e+17, 3.18512e+17, 1.59256e+17, 446, 0, 0, 1.59256e+17, 3.18512e+17, 4.77768e+17, 6.37024e+17, 7.9628e+17, 
1.31403e+19, 1.34584e+19, 2.61427e+18, 2.2333e+18, 2.10649e+18, 1.91969e+18, 1.27405e+18, 1.11479e+18, 9.55536e+17, 7.9628e+17, 6.37024e+17, 4.77768e+17, 3.18512e+17, 1.59256e+17, 0, 0, 891, 1.59256e+17, 3.18512e+17, 4.77768e+17, 6.37024e+17, 
1.31495e+19, 1.34674e+19, 2.73421e+18, 2.37136e+18, 2.25183e+18, 2.0772e+18, 1.4333e+18, 1.27405e+18, 1.11479e+18, 9.55536e+17, 7.9628e+17, 6.37024e+17, 4.77768e+17, 3.18512e+17, 1.59256e+17, 891, 0, 891, 1.59256e+17, 3.18512e+17, 4.77768e+17, 
1.31605e+19, 1.34782e+19, 2.85779e+18, 2.51179e+18, 2.39882e+18, 2.23494e+18, 1.59256e+18, 1.4333e+18, 1.27405e+18, 1.11479e+18, 9.55536e+17, 7.9628e+17, 6.37024e+17, 4.77768e+17, 3.18512e+17, 1.59256e+17, 891, 0, 0, 1.59256e+17, 3.18512e+17, 
1.31735e+19, 1.34908e+19, 2.98459e+18, 2.65422e+18, 2.54721e+18, 2.39287e+18, 1.75182e+18, 1.59256e+18, 1.4333e+18, 1.27405e+18, 1.11479e+18, 9.55536e+17, 7.9628e+17, 6.37024e+17, 4.77768e+17, 3.18512e+17, 1.59256e+17, 0, 0, 891, 1.59256e+17, 
1.31883e+19, 1.35053e+19, 3.11422e+18, 2.79836e+18, 2.69676e+18, 2.55095e+18, 1.91107e+18, 1.75182e+18, 1.59256e+18, 1.4333e+18, 1.27405e+18, 1.11479e+18, 9.55536e+17, 7.9628e+17, 6.37024e+17, 4.77768e+17, 3.18512e+17, 1.59256e+17, 891, 0, 0, 
1.3205e+19, 1.35216e+19, 3.24637e+18, 2.94399e+18, 2.84731e+18, 2.70917e+18, 2.07033e+18, 1.91107e+18, 1.75182e+18, 1.59256e+18, 1.4333e+18, 1.27405e+18, 1.11479e+18, 9.55536e+17, 7.9628e+17, 6.37024e+17, 4.77768e+17, 3.18512e+17, 1.59256e+17, 0, 0, 
Optimal total distance (scaled) for 21 points: 1.497e+19
Optimal total distance for 21 points: 289.559605
Corresponding path (0-indexed):
Point #2
Point #3
Point #4
Point #5
Point #6
Point #7
Point #8
Point #9
Point #10
Point #11
Point #12
Point #13
Point #14
Point #15
Point #16
Point #17
Point #18
Point #19
Point #20
Point #0
Point #1
Execution time: 401 ms

Elapsed time: 401 ms


Execution #2/10000

Seed: 2
Estimated max possible cost 324.010076
for path: 
0 1 2 3 4 5 6 7 8 9 10 11 12 13 14 15 16 17 18 19 20 
Execution time: 265 ms

Elapsed time: 666 ms


Execution #3/10000

Seed: 3
Estimated max possible cost 324.010076
for path: 
0 1 2 3 4 5 6 7 8 9 10 11 12 13 14 15 16 17 18 19 20 
Execution time: 295 ms

Elapsed time: 961 ms


Execution #4/10000

Seed: 4
Estimated max possible cost 324.010076
for path: 
0 1 2 3 4 5 6 7 8 9 10 11 12 13 14 15 16 17 18 19 20 
Execution time: 360 ms

Elapsed time: 1321 ms


Execution #5/10000

Seed: 5
Estimated max possible cost 324.010076
for path: 
0 1 2 3 4 5 6 7 8 9 10 11 12 13 14 15 16 17 18 19 20 
Execution time: 335 ms

Elapsed time: 1656 ms


Execution #6/10000

Seed: 6
Estimated max possible cost 324.010076
for path: 
0 1 2 3 4 5 6 7 8 9 10 11 12 13 14 15 16 17 18 19 20 
Execution time: 263 ms

Elapsed time: 1919 ms


Execution #7/10000

Seed: 7
Estimated max possible cost 324.010076
for path: 
0 1 2 3 4 5 6 7 8 9 10 11 12 13 14 15 16 17 18 19 20 
Execution time: 428 ms

Elapsed time: 2347 ms


Execution #8/10000

Seed: 8
Estimated max possible cost 324.010076
for path: 
0 1 2 3 4 5 6 7 8 9 10 11 12 13 14 15 16 17 18 19 20 
Execution time: 310 ms

Elapsed time: 2657 ms


Execution #9/10000

Seed: 9
Estimated max possible cost 324.010076
for path: 
0 1 2 3 4 5 6 7 8 9 10 11 12 13 14 15 16 17 18 19 20 
Execution time: 256 ms

Elapsed time: 2913 ms


Execution #10/10000

Seed: 10
Estimated max possible cost 324.010076
for path: 
0 1 2 3 4 5 6 7 8 9 10 11 12 13 14 15 16 17 18 19 20 
Execution time: 395 ms

Elapsed time: 3308 ms


Execution #11/10000

Seed: 11
Estimated max possible cost 324.010076
for path: 
0 1 2 3 4 5 6 7 8 9 10 11 12 13 14 15 16 17 18 19 20 
Execution time: 322 ms

Elapsed time: 3630 ms


Execution #12/10000

Seed: 12
Estimated max possible cost 324.010076
for path: 
0 1 2 3 4 5 6 7 8 9 10 11 12 13 14 15 16 17 18 19 20 
Execution time: 289 ms

Elapsed time: 3919 ms


Execution #13/10000

Seed: 13
Estimated max possible cost 324.010076
for path: 
0 1 2 3 4 5 6 7 8 9 10 11 12 13 14 15 16 17 18 19 20 
Execution time: 326 ms

Elapsed time: 4245 ms


Execution #14/10000

Seed: 14
Estimated max possible cost 324.010076
for path: 
0 1 2 3 4 5 6 7 8 9 10 11 12 13 14 15 16 17 18 19 20 
Execution time: 304 ms

Elapsed time: 4549 ms


Execution #15/10000

Seed: 15
Estimated max possible cost 324.010076
for path: 
0 1 2 3 4 5 6 7 8 9 10 11 12 13 14 15 16 17 18 19 20 
Execution time: 304 ms

Elapsed time: 4853 ms


Execution #16/10000

Seed: 16
Estimated max possible cost 324.010076
for path: 
0 1 2 3 4 5 6 7 8 9 10 11 12 13 14 15 16 17 18 19 20 
Execution time: 273 ms

Elapsed time: 5126 ms


Execution #17/10000

Seed: 17
Estimated max possible cost 324.010076
for path: 
0 1 2 3 4 5 6 7 8 9 10 11 12 13 14 15 16 17 18 19 20 
Execution time: 316 ms

Elapsed time: 5442 ms


Execution #18/10000

Seed: 18
Estimated max possible cost 324.010076
for path: 
0 1 2 3 4 5 6 7 8 9 10 11 12 13 14 15 16 17 18 19 20 
Execution time: 357 ms

Elapsed time: 5799 ms


Execution #19/10000

Seed: 19
Estimated max possible cost 324.010076
for path: 
0 1 2 3 4 5 6 7 8 9 10 11 12 13 14 15 16 17 18 19 20 
Execution time: 322 ms

Elapsed time: 6121 ms


Execution #20/10000

Seed: 20
Estimated max possible cost 324.010076
for path: 
0 1 2 3 4 5 6 7 8 9 10 11 12 13 14 15 16 17 18 19 20 
Execution time: 277 ms

Elapsed time: 6398 ms


Execution #21/10000

Seed: 21
Estimated max possible cost 324.010076
for path: 
0 1 2 3 4 5 6 7 8 9 10 11 12 13 14 15 16 17 18 19 20 
Execution time: 323 ms

Elapsed time: 6721 ms


Execution #22/10000

Seed: 22
Estimated max possible cost 324.010076
for path: 
0 1 2 3 4 5 6 7 8 9 10 11 12 13 14 15 16 17 18 19 20 
Execution time: 278 ms

Elapsed time: 6999 ms


Execution #23/10000

Seed: 23
Estimated max possible cost 324.010076
for path: 
0 1 2 3 4 5 6 7 8 9 10 11 12 13 14 15 16 17 18 19 20 
Execution time: 348 ms

Elapsed time: 7347 ms


Execution #24/10000

Seed: 24
Estimated max possible cost 324.010076
for path: 
0 1 2 3 4 5 6 7 8 9 10 11 12 13 14 15 16 17 18 19 20 
Execution time: 342 ms

Elapsed time: 7689 ms


Execution #25/10000

Seed: 25
Estimated max possible cost 324.010076
for path: 
0 1 2 3 4 5 6 7 8 9 10 11 12 13 14 15 16 17 18 19 20 
Execution time: 313 ms

Elapsed time: 8002 ms


Execution #26/10000

Seed: 26
Estimated max possible cost 324.010076
for path: 
0 1 2 3 4 5 6 7 8 9 10 11 12 13 14 15 16 17 18 19 20 
Execution time: 264 ms

Elapsed time: 8266 ms


Execution #27/10000

Seed: 27
Estimated max possible cost 324.010076
for path: 
0 1 2 3 4 5 6 7 8 9 10 11 12 13 14 15 16 17 18 19 20 
Execution time: 332 ms

Elapsed time: 8598 ms


Execution #28/10000

Seed: 28
Estimated max possible cost 324.010076
for path: 
0 1 2 3 4 5 6 7 8 9 10 11 12 13 14 15 16 17 18 19 20 
Execution time: 293 ms

Elapsed time: 8891 ms


Execution #29/10000

Seed: 29
Estimated max possible cost 324.010076
for path: 
0 1 2 3 4 5 6 7 8 9 10 11 12 13 14 15 16 17 18 19 20 
Execution time: 275 ms

Elapsed time: 9166 ms


Execution #30/10000

Seed: 30
Estimated max possible cost 324.010076
for path: 
0 1 2 3 4 5 6 7 8 9 10 11 12 13 14 15 16 17 18 19 20 
Execution time: 280 ms

Elapsed time: 9446 ms


Execution #31/10000

Seed: 31
Estimated max possible cost 324.010076
for path: 
0 1 2 3 4 5 6 7 8 9 10 11 12 13 14 15 16 17 18 19 20 
Execution time: 285 ms

Elapsed time: 9731 ms


Execution #32/10000

Seed: 32
Estimated max possible cost 324.010076
for path: 
0 1 2 3 4 5 6 7 8 9 10 11 12 13 14 15 16 17 18 19 20 
Execution time: 267 ms

Elapsed time: 9998 ms


Execution #33/10000

Seed: 33
Estimated max possible cost 324.010076
for path: 
0 1 2 3 4 5 6 7 8 9 10 11 12 13 14 15 16 17 18 19 20 
Execution time: 356 ms

Elapsed time: 10354 ms


Execution #34/10000

Seed: 34
Estimated max possible cost 324.010076
for path: 
0 1 2 3 4 5 6 7 8 9 10 11 12 13 14 15 16 17 18 19 20 
Execution time: 234 ms

Elapsed time: 10588 ms


Execution #35/10000

Seed: 35
Estimated max possible cost 324.010076
for path: 
0 1 2 3 4 5 6 7 8 9 10 11 12 13 14 15 16 17 18 19 20 
Execution time: 372 ms

Elapsed time: 10960 ms


Execution #36/10000

Seed: 36
Estimated max possible cost 324.010076
for path: 
0 1 2 3 4 5 6 7 8 9 10 11 12 13 14 15 16 17 18 19 20 
Execution time: 300 ms

Elapsed time: 11260 ms


Execution #37/10000

Seed: 37
Estimated max possible cost 324.010076
for path: 
0 1 2 3 4 5 6 7 8 9 10 11 12 13 14 15 16 17 18 19 20 
Execution time: 305 ms

Elapsed time: 11565 ms


Execution #38/10000

Seed: 38
Estimated max possible cost 324.010076
for path: 
0 1 2 3 4 5 6 7 8 9 10 11 12 13 14 15 16 17 18 19 20 
Execution time: 303 ms

Elapsed time: 11868 ms


Execution #39/10000

Seed: 39
Estimated max possible cost 324.010076
for path: 
0 1 2 3 4 5 6 7 8 9 10 11 12 13 14 15 16 17 18 19 20 
Execution time: 259 ms

Elapsed time: 12127 ms


Execution #40/10000

Seed: 40
Estimated max possible cost 324.010076
for path: 
0 1 2 3 4 5 6 7 8 9 10 11 12 13 14 15 16 17 18 19 20 
Execution time: 361 ms

Elapsed time: 12488 ms


Execution #41/10000

Seed: 41
Estimated max possible cost 324.010076
for path: 
0 1 2 3 4 5 6 7 8 9 10 11 12 13 14 15 16 17 18 19 20 
Execution time: 282 ms

Elapsed time: 12770 ms


Execution #42/10000

Seed: 42
Estimated max possible cost 324.010076
for path: 
0 1 2 3 4 5 6 7 8 9 10 11 12 13 14 15 16 17 18 19 20 
Execution time: 309 ms

Elapsed time: 13079 ms


Execution #43/10000

Seed: 43
Estimated max possible cost 324.010076
for path: 
0 1 2 3 4 5 6 7 8 9 10 11 12 13 14 15 16 17 18 19 20 
Execution time: 276 ms

Elapsed time: 13355 ms


Execution #44/10000

Seed: 44
Estimated max possible cost 324.010076
for path: 
0 1 2 3 4 5 6 7 8 9 10 11 12 13 14 15 16 17 18 19 20 
Execution time: 358 ms

Elapsed time: 13713 ms


Execution #45/10000

Seed: 45
Estimated max possible cost 324.010076
for path: 
0 1 2 3 4 5 6 7 8 9 10 11 12 13 14 15 16 17 18 19 20 
Execution time: 345 ms

Elapsed time: 14058 ms


Execution #46/10000

Seed: 46
Estimated max possible cost 324.010076
for path: 
0 1 2 3 4 5 6 7 8 9 10 11 12 13 14 15 16 17 18 19 20 
Execution time: 346 ms

Elapsed time: 14404 ms


Execution #47/10000

Seed: 47
Estimated max possible cost 324.010076
for path: 
0 1 2 3 4 5 6 7 8 9 10 11 12 13 14 15 16 17 18 19 20 
Execution time: 338 ms

Elapsed time: 14742 ms


Execution #48/10000

Seed: 48
Estimated max possible cost 324.010076
for path: 
0 1 2 3 4 5 6 7 8 9 10 11 12 13 14 15 16 17 18 19 20 
Execution time: 308 ms

Elapsed time: 15050 ms


Execution #49/10000

Seed: 49
Estimated max possible cost 324.010076
for path: 
0 1 2 3 4 5 6 7 8 9 10 11 12 13 14 15 16 17 18 19 20 
Execution time: 362 ms

Elapsed time: 15412 ms


Execution #50/10000

Seed: 50
Estimated max possible cost 324.010076
for path: 
0 1 2 3 4 5 6 7 8 9 10 11 12 13 14 15 16 17 18 19 20 
Execution time: 295 ms

Elapsed time: 15707 ms


Execution #51/10000

Seed: 51
Estimated max possible cost 324.010076
for path: 
0 1 2 3 4 5 6 7 8 9 10 11 12 13 14 15 16 17 18 19 20 
Execution time: 319 ms

Elapsed time: 16026 ms


Execution #52/10000

Seed: 52
Estimated max possible cost 324.010076
for path: 
0 1 2 3 4 5 6 7 8 9 10 11 12 13 14 15 16 17 18 19 20 
Execution time: 301 ms

Elapsed time: 16327 ms


Execution #53/10000

Seed: 53
Estimated max possible cost 324.010076
for path: 
0 1 2 3 4 5 6 7 8 9 10 11 12 13 14 15 16 17 18 19 20 
Execution time: 347 ms

Elapsed time: 16674 ms


Execution #54/10000

Seed: 54
Estimated max possible cost 324.010076
for path: 
0 1 2 3 4 5 6 7 8 9 10 11 12 13 14 15 16 17 18 19 20 
Execution time: 272 ms

Elapsed time: 16946 ms


Execution #55/10000

Seed: 55
Estimated max possible cost 324.010076
for path: 
0 1 2 3 4 5 6 7 8 9 10 11 12 13 14 15 16 17 18 19 20 
Execution time: 242 ms

Elapsed time: 17188 ms


Execution #56/10000

Seed: 56
Estimated max possible cost 324.010076
for path: 
0 1 2 3 4 5 6 7 8 9 10 11 12 13 14 15 16 17 18 19 20 
Execution time: 284 ms

Elapsed time: 17472 ms


Execution #57/10000

Seed: 57
Estimated max possible cost 324.010076
for path: 
0 1 2 3 4 5 6 7 8 9 10 11 12 13 14 15 16 17 18 19 20 
Execution time: 297 ms

Elapsed time: 17769 ms


Execution #58/10000

Seed: 58
Estimated max possible cost 324.010076
for path: 
0 1 2 3 4 5 6 7 8 9 10 11 12 13 14 15 16 17 18 19 20 
Execution time: 309 ms

Elapsed time: 18078 ms


Execution #59/10000

Seed: 59
Estimated max possible cost 324.010076
for path: 
0 1 2 3 4 5 6 7 8 9 10 11 12 13 14 15 16 17 18 19 20 
Execution time: 322 ms

Elapsed time: 18400 ms


Execution #60/10000

Seed: 60
Estimated max possible cost 324.010076
for path: 
0 1 2 3 4 5 6 7 8 9 10 11 12 13 14 15 16 17 18 19 20 
Execution time: 291 ms

Elapsed time: 18691 ms


Execution #61/10000

Seed: 61
Estimated max possible cost 324.010076
for path: 
0 1 2 3 4 5 6 7 8 9 10 11 12 13 14 15 16 17 18 19 20 
Execution time: 316 ms

Elapsed time: 19007 ms


Execution #62/10000

Seed: 62
Estimated max possible cost 324.010076
for path: 
0 1 2 3 4 5 6 7 8 9 10 11 12 13 14 15 16 17 18 19 20 
Execution time: 247 ms

Elapsed time: 19254 ms


Execution #63/10000

Seed: 63
Estimated max possible cost 324.010076
for path: 
0 1 2 3 4 5 6 7 8 9 10 11 12 13 14 15 16 17 18 19 20 
Execution time: 317 ms

Elapsed time: 19571 ms


Execution #64/10000

Seed: 64
Estimated max possible cost 324.010076
for path: 
0 1 2 3 4 5 6 7 8 9 10 11 12 13 14 15 16 17 18 19 20 
Execution time: 334 ms

Elapsed time: 19905 ms


Execution #65/10000

Seed: 65
Estimated max possible cost 324.010076
for path: 
0 1 2 3 4 5 6 7 8 9 10 11 12 13 14 15 16 17 18 19 20 
Execution time: 270 ms

Elapsed time: 20175 ms


Execution #66/10000

Seed: 66
Estimated max possible cost 324.010076
for path: 
0 1 2 3 4 5 6 7 8 9 10 11 12 13 14 15 16 17 18 19 20 
Execution time: 323 ms

Elapsed time: 20498 ms


Execution #67/10000

Seed: 67
Estimated max possible cost 324.010076
for path: 
0 1 2 3 4 5 6 7 8 9 10 11 12 13 14 15 16 17 18 19 20 
Execution time: 315 ms

Elapsed time: 20813 ms


Execution #68/10000

Seed: 68
Estimated max possible cost 324.010076
for path: 
0 1 2 3 4 5 6 7 8 9 10 11 12 13 14 15 16 17 18 19 20 
Execution time: 371 ms

Elapsed time: 21184 ms


Execution #69/10000

Seed: 69
Estimated max possible cost 324.010076
for path: 
0 1 2 3 4 5 6 7 8 9 10 11 12 13 14 15 16 17 18 19 20 
Execution time: 309 ms

Elapsed time: 21493 ms


Execution #70/10000

Seed: 70
Estimated max possible cost 324.010076
for path: 
0 1 2 3 4 5 6 7 8 9 10 11 12 13 14 15 16 17 18 19 20 
Execution time: 382 ms

Elapsed time: 21875 ms


Execution #71/10000

Seed: 71
Estimated max possible cost 324.010076
for path: 
0 1 2 3 4 5 6 7 8 9 10 11 12 13 14 15 16 17 18 19 20 
Execution time: 349 ms

Elapsed time: 22224 ms


Execution #72/10000

Seed: 72
Estimated max possible cost 324.010076
for path: 
0 1 2 3 4 5 6 7 8 9 10 11 12 13 14 15 16 17 18 19 20 
Execution time: 229 ms

Elapsed time: 22453 ms


Execution #73/10000

Seed: 73
Estimated max possible cost 324.010076
for path: 
0 1 2 3 4 5 6 7 8 9 10 11 12 13 14 15 16 17 18 19 20 
Execution time: 325 ms

Elapsed time: 22778 ms


Execution #74/10000

Seed: 74
Estimated max possible cost 324.010076
for path: 
0 1 2 3 4 5 6 7 8 9 10 11 12 13 14 15 16 17 18 19 20 
Execution time: 338 ms

Elapsed time: 23116 ms


Execution #75/10000

Seed: 75
Estimated max possible cost 324.010076
for path: 
0 1 2 3 4 5 6 7 8 9 10 11 12 13 14 15 16 17 18 19 20 
Execution time: 311 ms

Elapsed time: 23427 ms


Execution #76/10000

Seed: 76
Estimated max possible cost 324.010076
for path: 
0 1 2 3 4 5 6 7 8 9 10 11 12 13 14 15 16 17 18 19 20 
Execution time: 274 ms

Elapsed time: 23701 ms


Execution #77/10000

Seed: 77
Estimated max possible cost 324.010076
for path: 
0 1 2 3 4 5 6 7 8 9 10 11 12 13 14 15 16 17 18 19 20 
Execution time: 303 ms

Elapsed time: 24004 ms


Execution #78/10000

Seed: 78
Estimated max possible cost 324.010076
for path: 
0 1 2 3 4 5 6 7 8 9 10 11 12 13 14 15 16 17 18 19 20 
Execution time: 385 ms

Elapsed time: 24389 ms


Execution #79/10000

Seed: 79
Estimated max possible cost 324.010076
for path: 
0 1 2 3 4 5 6 7 8 9 10 11 12 13 14 15 16 17 18 19 20 
Execution time: 320 ms

Elapsed time: 24709 ms


Execution #80/10000

Seed: 80
Estimated max possible cost 324.010076
for path: 
0 1 2 3 4 5 6 7 8 9 10 11 12 13 14 15 16 17 18 19 20 
Execution time: 336 ms

Elapsed time: 25045 ms


Execution #81/10000

Seed: 81
Estimated max possible cost 324.010076
for path: 
0 1 2 3 4 5 6 7 8 9 10 11 12 13 14 15 16 17 18 19 20 
Execution time: 312 ms

Elapsed time: 25357 ms


Execution #82/10000

Seed: 82
Estimated max possible cost 324.010076
for path: 
0 1 2 3 4 5 6 7 8 9 10 11 12 13 14 15 16 17 18 19 20 
Execution time: 301 ms

Elapsed time: 25658 ms


Execution #83/10000

Seed: 83
Estimated max possible cost 324.010076
for path: 
0 1 2 3 4 5 6 7 8 9 10 11 12 13 14 15 16 17 18 19 20 
Execution time: 318 ms

Elapsed time: 25976 ms


Execution #84/10000

Seed: 84
Estimated max possible cost 324.010076
for path: 
0 1 2 3 4 5 6 7 8 9 10 11 12 13 14 15 16 17 18 19 20 
Execution time: 271 ms

Elapsed time: 26247 ms


Execution #85/10000

Seed: 85
Estimated max possible cost 324.010076
for path: 
0 1 2 3 4 5 6 7 8 9 10 11 12 13 14 15 16 17 18 19 20 
Execution time: 302 ms

Elapsed time: 26549 ms


Execution #86/10000

Seed: 86
Estimated max possible cost 324.010076
for path: 
0 1 2 3 4 5 6 7 8 9 10 11 12 13 14 15 16 17 18 19 20 
Execution time: 336 ms

Elapsed time: 26885 ms


Execution #87/10000

Seed: 87
Estimated max possible cost 324.010076
for path: 
0 1 2 3 4 5 6 7 8 9 10 11 12 13 14 15 16 17 18 19 20 
Execution time: 273 ms

Elapsed time: 27158 ms


Execution #88/10000

Seed: 88
Estimated max possible cost 324.010076
for path: 
0 1 2 3 4 5 6 7 8 9 10 11 12 13 14 15 16 17 18 19 20 
Execution time: 278 ms

Elapsed time: 27436 ms


Execution #89/10000

Seed: 89
Estimated max possible cost 324.010076
for path: 
0 1 2 3 4 5 6 7 8 9 10 11 12 13 14 15 16 17 18 19 20 
Execution time: 354 ms

Elapsed time: 27790 ms


Execution #90/10000

Seed: 90
Estimated max possible cost 324.010076
for path: 
0 1 2 3 4 5 6 7 8 9 10 11 12 13 14 15 16 17 18 19 20 
Execution time: 377 ms

Elapsed time: 28167 ms


Execution #91/10000

Seed: 91
Estimated max possible cost 324.010076
for path: 
0 1 2 3 4 5 6 7 8 9 10 11 12 13 14 15 16 17 18 19 20 
Execution time: 328 ms

Elapsed time: 28495 ms


Execution #92/10000

Seed: 92
Estimated max possible cost 324.010076
for path: 
0 1 2 3 4 5 6 7 8 9 10 11 12 13 14 15 16 17 18 19 20 
Execution time: 394 ms

Elapsed time: 28889 ms


Execution #93/10000

Seed: 93
Estimated max possible cost 324.010076
for path: 
0 1 2 3 4 5 6 7 8 9 10 11 12 13 14 15 16 17 18 19 20 
Execution time: 258 ms

Elapsed time: 29147 ms


Execution #94/10000

Seed: 94
Estimated max possible cost 324.010076
for path: 
0 1 2 3 4 5 6 7 8 9 10 11 12 13 14 15 16 17 18 19 20 
Execution time: 257 ms

Elapsed time: 29404 ms


Execution #95/10000

Seed: 95
Estimated max possible cost 324.010076
for path: 
0 1 2 3 4 5 6 7 8 9 10 11 12 13 14 15 16 17 18 19 20 
Execution time: 310 ms

Elapsed time: 29714 ms


Execution #96/10000

Seed: 96
Estimated max possible cost 324.010076
for path: 
0 1 2 3 4 5 6 7 8 9 10 11 12 13 14 15 16 17 18 19 20 
Execution time: 317 ms

Elapsed time: 30031 ms


Execution #97/10000

Seed: 97
Estimated max possible cost 324.010076
for path: 
0 1 2 3 4 5 6 7 8 9 10 11 12 13 14 15 16 17 18 19 20 
Execution time: 274 ms

Elapsed time: 30305 ms


Execution #98/10000

Seed: 98
Estimated max possible cost 324.010076
for path: 
0 1 2 3 4 5 6 7 8 9 10 11 12 13 14 15 16 17 18 19 20 
Execution time: 331 ms

Elapsed time: 30636 ms


Execution #99/10000

Seed: 99
Estimated max possible cost 324.010076
for path: 
0 1 2 3 4 5 6 7 8 9 10 11 12 13 14 15 16 17 18 19 20 
Execution time: 319 ms

Elapsed time: 30955 ms


Execution #100/10000

Seed: 100
Estimated max possible cost 324.010076
for path: 
0 1 2 3 4 5 6 7 8 9 10 11 12 13 14 15 16 17 18 19 20 
Execution time: 294 ms

Elapsed time: 31249 ms


Execution #101/10000

Seed: 101
Estimated max possible cost 324.010076
for path: 
0 1 2 3 4 5 6 7 8 9 10 11 12 13 14 15 16 17 18 19 20 
Execution time: 281 ms

Elapsed time: 31530 ms


Execution #102/10000

Seed: 102
Estimated max possible cost 324.010076
for path: 
0 1 2 3 4 5 6 7 8 9 10 11 12 13 14 15 16 17 18 19 20 
Execution time: 286 ms

Elapsed time: 31816 ms


Execution #103/10000

Seed: 103
Estimated max possible cost 324.010076
for path: 
0 1 2 3 4 5 6 7 8 9 10 11 12 13 14 15 16 17 18 19 20 
Execution time: 325 ms

Elapsed time: 32141 ms


Execution #104/10000

Seed: 104
Estimated max possible cost 324.010076
for path: 
0 1 2 3 4 5 6 7 8 9 10 11 12 13 14 15 16 17 18 19 20 
Execution time: 279 ms

Elapsed time: 32420 ms


Execution #105/10000

Seed: 105
Estimated max possible cost 324.010076
for path: 
0 1 2 3 4 5 6 7 8 9 10 11 12 13 14 15 16 17 18 19 20 
Execution time: 291 ms

Elapsed time: 32711 ms


Execution #106/10000

Seed: 106
Estimated max possible cost 324.010076
for path: 
0 1 2 3 4 5 6 7 8 9 10 11 12 13 14 15 16 17 18 19 20 
Execution time: 276 ms

Elapsed time: 32987 ms


Execution #107/10000

Seed: 107
Estimated max possible cost 324.010076
for path: 
0 1 2 3 4 5 6 7 8 9 10 11 12 13 14 15 16 17 18 19 20 
Execution time: 307 ms

Elapsed time: 33294 ms


Execution #108/10000

Seed: 108
Estimated max possible cost 324.010076
for path: 
0 1 2 3 4 5 6 7 8 9 10 11 12 13 14 15 16 17 18 19 20 
Execution time: 353 ms

Elapsed time: 33647 ms


Execution #109/10000

Seed: 109
Estimated max possible cost 324.010076
for path: 
0 1 2 3 4 5 6 7 8 9 10 11 12 13 14 15 16 17 18 19 20 
Execution time: 266 ms

Elapsed time: 33913 ms


Execution #110/10000

Seed: 110
Estimated max possible cost 324.010076
for path: 
0 1 2 3 4 5 6 7 8 9 10 11 12 13 14 15 16 17 18 19 20 
Execution time: 428 ms

Elapsed time: 34341 ms


Execution #111/10000

Seed: 111
Estimated max possible cost 324.010076
for path: 
0 1 2 3 4 5 6 7 8 9 10 11 12 13 14 15 16 17 18 19 20 
Execution time: 284 ms

Elapsed time: 34625 ms


Execution #112/10000

Seed: 112
Estimated max possible cost 324.010076
for path: 
0 1 2 3 4 5 6 7 8 9 10 11 12 13 14 15 16 17 18 19 20 
Execution time: 279 ms

Elapsed time: 34904 ms


Execution #113/10000

Seed: 113
Estimated max possible cost 324.010076
for path: 
0 1 2 3 4 5 6 7 8 9 10 11 12 13 14 15 16 17 18 19 20 
Execution time: 360 ms

Elapsed time: 35264 ms


Execution #114/10000

Seed: 114
Estimated max possible cost 324.010076
for path: 
0 1 2 3 4 5 6 7 8 9 10 11 12 13 14 15 16 17 18 19 20 
Execution time: 363 ms

Elapsed time: 35627 ms


Execution #115/10000

Seed: 115
Estimated max possible cost 324.010076
for path: 
0 1 2 3 4 5 6 7 8 9 10 11 12 13 14 15 16 17 18 19 20 
Execution time: 262 ms

Elapsed time: 35889 ms


Execution #116/10000

Seed: 116
Estimated max possible cost 324.010076
for path: 
0 1 2 3 4 5 6 7 8 9 10 11 12 13 14 15 16 17 18 19 20 
Execution time: 280 ms

Elapsed time: 36169 ms


Execution #117/10000

Seed: 117
Estimated max possible cost 324.010076
for path: 
0 1 2 3 4 5 6 7 8 9 10 11 12 13 14 15 16 17 18 19 20 
Execution time: 329 ms

Elapsed time: 36498 ms


Execution #118/10000

Seed: 118
Estimated max possible cost 324.010076
for path: 
0 1 2 3 4 5 6 7 8 9 10 11 12 13 14 15 16 17 18 19 20 
Execution time: 345 ms

Elapsed time: 36843 ms


Execution #119/10000

Seed: 119
Estimated max possible cost 324.010076
for path: 
0 1 2 3 4 5 6 7 8 9 10 11 12 13 14 15 16 17 18 19 20 
Execution time: 260 ms

Elapsed time: 37103 ms


Execution #120/10000

Seed: 120
Estimated max possible cost 324.010076
for path: 
0 1 2 3 4 5 6 7 8 9 10 11 12 13 14 15 16 17 18 19 20 
Execution time: 303 ms

Elapsed time: 37406 ms


Execution #121/10000

Seed: 121
Estimated max possible cost 324.010076
for path: 
0 1 2 3 4 5 6 7 8 9 10 11 12 13 14 15 16 17 18 19 20 
Execution time: 285 ms

Elapsed time: 37691 ms


Execution #122/10000

Seed: 122
Estimated max possible cost 324.010076
for path: 
0 1 2 3 4 5 6 7 8 9 10 11 12 13 14 15 16 17 18 19 20 
Execution time: 317 ms

Elapsed time: 38008 ms


Execution #123/10000

Seed: 123
Estimated max possible cost 324.010076
for path: 
0 1 2 3 4 5 6 7 8 9 10 11 12 13 14 15 16 17 18 19 20 
Execution time: 289 ms

Elapsed time: 38297 ms


Execution #124/10000

Seed: 124
Estimated max possible cost 324.010076
for path: 
0 1 2 3 4 5 6 7 8 9 10 11 12 13 14 15 16 17 18 19 20 
Execution time: 328 ms

Elapsed time: 38625 ms


Execution #125/10000

Seed: 125
Estimated max possible cost 324.010076
for path: 
0 1 2 3 4 5 6 7 8 9 10 11 12 13 14 15 16 17 18 19 20 
Execution time: 286 ms

Elapsed time: 38911 ms


Execution #126/10000

Seed: 126
Estimated max possible cost 324.010076
for path: 
0 1 2 3 4 5 6 7 8 9 10 11 12 13 14 15 16 17 18 19 20 
Execution time: 317 ms

Elapsed time: 39228 ms


Execution #127/10000

Seed: 127
Estimated max possible cost 324.010076
for path: 
0 1 2 3 4 5 6 7 8 9 10 11 12 13 14 15 16 17 18 19 20 
Execution time: 258 ms

Elapsed time: 39486 ms


Execution #128/10000

Seed: 128
Estimated max possible cost 324.010076
for path: 
0 1 2 3 4 5 6 7 8 9 10 11 12 13 14 15 16 17 18 19 20 
Execution time: 322 ms

Elapsed time: 39808 ms


Execution #129/10000

Seed: 129
Estimated max possible cost 324.010076
for path: 
0 1 2 3 4 5 6 7 8 9 10 11 12 13 14 15 16 17 18 19 20 
Execution time: 332 ms

Elapsed time: 40140 ms


Execution #130/10000

Seed: 130
Estimated max possible cost 324.010076
for path: 
0 1 2 3 4 5 6 7 8 9 10 11 12 13 14 15 16 17 18 19 20 
Execution time: 304 ms

Elapsed time: 40444 ms


Execution #131/10000

Seed: 131
Estimated max possible cost 324.010076
for path: 
0 1 2 3 4 5 6 7 8 9 10 11 12 13 14 15 16 17 18 19 20 
Execution time: 336 ms

Elapsed time: 40780 ms


Execution #132/10000

Seed: 132
Estimated max possible cost 324.010076
for path: 
0 1 2 3 4 5 6 7 8 9 10 11 12 13 14 15 16 17 18 19 20 
Execution time: 347 ms

Elapsed time: 41127 ms


Execution #133/10000

Seed: 133
Estimated max possible cost 324.010076
for path: 
0 1 2 3 4 5 6 7 8 9 10 11 12 13 14 15 16 17 18 19 20 
Execution time: 309 ms

Elapsed time: 41436 ms


Execution #134/10000

Seed: 134
Estimated max possible cost 324.010076
for path: 
0 1 2 3 4 5 6 7 8 9 10 11 12 13 14 15 16 17 18 19 20 
Execution time: 286 ms

Elapsed time: 41722 ms


Execution #135/10000

Seed: 135
Estimated max possible cost 324.010076
for path: 
0 1 2 3 4 5 6 7 8 9 10 11 12 13 14 15 16 17 18 19 20 
Execution time: 262 ms

Elapsed time: 41984 ms


Execution #136/10000

Seed: 136
Estimated max possible cost 324.010076
for path: 
0 1 2 3 4 5 6 7 8 9 10 11 12 13 14 15 16 17 18 19 20 
Execution time: 283 ms

Elapsed time: 42267 ms


Execution #137/10000

Seed: 137
Estimated max possible cost 324.010076
for path: 
0 1 2 3 4 5 6 7 8 9 10 11 12 13 14 15 16 17 18 19 20 
Execution time: 270 ms

Elapsed time: 42537 ms


Execution #138/10000

Seed: 138
Estimated max possible cost 324.010076
for path: 
0 1 2 3 4 5 6 7 8 9 10 11 12 13 14 15 16 17 18 19 20 
Execution time: 293 ms

Elapsed time: 42830 ms


Execution #139/10000

Seed: 139
Estimated max possible cost 324.010076
for path: 
0 1 2 3 4 5 6 7 8 9 10 11 12 13 14 15 16 17 18 19 20 
Execution time: 279 ms

Elapsed time: 43109 ms


Execution #140/10000

Seed: 140
Estimated max possible cost 324.010076
for path: 
0 1 2 3 4 5 6 7 8 9 10 11 12 13 14 15 16 17 18 19 20 
Execution time: 305 ms

Elapsed time: 43414 ms


Execution #141/10000

Seed: 141
Estimated max possible cost 324.010076
for path: 
0 1 2 3 4 5 6 7 8 9 10 11 12 13 14 15 16 17 18 19 20 
Execution time: 357 ms

Elapsed time: 43771 ms


Execution #142/10000

Seed: 142
Estimated max possible cost 324.010076
for path: 
0 1 2 3 4 5 6 7 8 9 10 11 12 13 14 15 16 17 18 19 20 
Execution time: 358 ms

Elapsed time: 44129 ms


Execution #143/10000

Seed: 143
Estimated max possible cost 324.010076
for path: 
0 1 2 3 4 5 6 7 8 9 10 11 12 13 14 15 16 17 18 19 20 
Execution time: 335 ms

Elapsed time: 44464 ms


Execution #144/10000

Seed: 144
Estimated max possible cost 324.010076
for path: 
0 1 2 3 4 5 6 7 8 9 10 11 12 13 14 15 16 17 18 19 20 
Execution time: 368 ms

Elapsed time: 44832 ms


Execution #145/10000

Seed: 145
Estimated max possible cost 324.010076
for path: 
0 1 2 3 4 5 6 7 8 9 10 11 12 13 14 15 16 17 18 19 20 
Execution time: 347 ms

Elapsed time: 45179 ms


Execution #146/10000

Seed: 146
Estimated max possible cost 324.010076
for path: 
0 1 2 3 4 5 6 7 8 9 10 11 12 13 14 15 16 17 18 19 20 
Execution time: 278 ms

Elapsed time: 45457 ms


Execution #147/10000

Seed: 147
Estimated max possible cost 324.010076
for path: 
0 1 2 3 4 5 6 7 8 9 10 11 12 13 14 15 16 17 18 19 20 
Execution time: 405 ms

Elapsed time: 45862 ms


Execution #148/10000

Seed: 148
Estimated max possible cost 324.010076
for path: 
0 1 2 3 4 5 6 7 8 9 10 11 12 13 14 15 16 17 18 19 20 
Execution time: 345 ms

Elapsed time: 46207 ms


Execution #149/10000

Seed: 149
Estimated max possible cost 324.010076
for path: 
0 1 2 3 4 5 6 7 8 9 10 11 12 13 14 15 16 17 18 19 20 
Execution time: 252 ms

Elapsed time: 46459 ms


Execution #150/10000

Seed: 150
Estimated max possible cost 324.010076
for path: 
0 1 2 3 4 5 6 7 8 9 10 11 12 13 14 15 16 17 18 19 20 
Execution time: 319 ms

Elapsed time: 46778 ms


Execution #151/10000

Seed: 151
Estimated max possible cost 324.010076
for path: 
0 1 2 3 4 5 6 7 8 9 10 11 12 13 14 15 16 17 18 19 20 
Execution time: 294 ms

Elapsed time: 47072 ms


Execution #152/10000

Seed: 152
Estimated max possible cost 324.010076
for path: 
0 1 2 3 4 5 6 7 8 9 10 11 12 13 14 15 16 17 18 19 20 
Execution time: 314 ms

Elapsed time: 47386 ms


Execution #153/10000

Seed: 153
Estimated max possible cost 324.010076
for path: 
0 1 2 3 4 5 6 7 8 9 10 11 12 13 14 15 16 17 18 19 20 
Execution time: 353 ms

Elapsed time: 47739 ms


Execution #154/10000

Seed: 154
Estimated max possible cost 324.010076
for path: 
0 1 2 3 4 5 6 7 8 9 10 11 12 13 14 15 16 17 18 19 20 
Execution time: 319 ms

Elapsed time: 48058 ms


Execution #155/10000

Seed: 155
Estimated max possible cost 324.010076
for path: 
0 1 2 3 4 5 6 7 8 9 10 11 12 13 14 15 16 17 18 19 20 
Execution time: 301 ms

Elapsed time: 48359 ms


Execution #156/10000

Seed: 156
Estimated max possible cost 324.010076
for path: 
0 1 2 3 4 5 6 7 8 9 10 11 12 13 14 15 16 17 18 19 20 
Execution time: 339 ms

Elapsed time: 48698 ms


Execution #157/10000

Seed: 157
Estimated max possible cost 324.010076
for path: 
0 1 2 3 4 5 6 7 8 9 10 11 12 13 14 15 16 17 18 19 20 
Execution time: 358 ms

Elapsed time: 49056 ms


Execution #158/10000

Seed: 158
Estimated max possible cost 324.010076
for path: 
0 1 2 3 4 5 6 7 8 9 10 11 12 13 14 15 16 17 18 19 20 
Execution time: 308 ms

Elapsed time: 49364 ms


Execution #159/10000

Seed: 159
Estimated max possible cost 324.010076
for path: 
0 1 2 3 4 5 6 7 8 9 10 11 12 13 14 15 16 17 18 19 20 
Execution time: 285 ms

Elapsed time: 49649 ms


Execution #160/10000

Seed: 160
Estimated max possible cost 324.010076
for path: 
0 1 2 3 4 5 6 7 8 9 10 11 12 13 14 15 16 17 18 19 20 
Execution time: 335 ms

Elapsed time: 49984 ms


Execution #161/10000

Seed: 161
Estimated max possible cost 324.010076
for path: 
0 1 2 3 4 5 6 7 8 9 10 11 12 13 14 15 16 17 18 19 20 
Execution time: 317 ms

Elapsed time: 50301 ms


Execution #162/10000

Seed: 162
Estimated max possible cost 324.010076
for path: 
0 1 2 3 4 5 6 7 8 9 10 11 12 13 14 15 16 17 18 19 20 
Execution time: 348 ms

Elapsed time: 50649 ms


Execution #163/10000

Seed: 163
Estimated max possible cost 324.010076
for path: 
0 1 2 3 4 5 6 7 8 9 10 11 12 13 14 15 16 17 18 19 20 
Execution time: 361 ms

Elapsed time: 51010 ms


Execution #164/10000

Seed: 164
Estimated max possible cost 324.010076
for path: 
0 1 2 3 4 5 6 7 8 9 10 11 12 13 14 15 16 17 18 19 20 
Execution time: 319 ms

Elapsed time: 51329 ms


Execution #165/10000

Seed: 165
Estimated max possible cost 324.010076
for path: 
0 1 2 3 4 5 6 7 8 9 10 11 12 13 14 15 16 17 18 19 20 
Execution time: 312 ms

Elapsed time: 51641 ms


Execution #166/10000

Seed: 166
Estimated max possible cost 324.010076
for path: 
0 1 2 3 4 5 6 7 8 9 10 11 12 13 14 15 16 17 18 19 20 
Execution time: 320 ms

Elapsed time: 51961 ms


Execution #167/10000

Seed: 167
Estimated max possible cost 324.010076
for path: 
0 1 2 3 4 5 6 7 8 9 10 11 12 13 14 15 16 17 18 19 20 
Execution time: 237 ms

Elapsed time: 52198 ms


Execution #168/10000

Seed: 168
