Solving SHP


Execution #1/10000

Seed: 1
Estimated max possible cost 362.698203
for path: 
0 1 2 3 4 5 6 7 8 9 10 11 12 13 14 15 16 17 18 19 20 21 
Memory needed for path: 15308436 locs, for costs: 14226212 locs.
Desired precision: 1e+12
Mem constraint for cost_t: 64 bits
Rounded to pow of 2 bytes mem constraint (capped at 64bits) for cost_t: 64 bits
Bits needed for an int to preserve precision: 49
Bits used per cost_t: 49
Selected cost_t = (u)int64_t
Solving with cost_t = y
Memory [GB] needed: 0.120251
Distances:
0, 5.08, 242.54, 232.423, 228.124, 218.013, 212.172, 212.044, 211.947, 211.88, 211.843, 211.837, 211.862, 211.917, 212.002, 212.117, 212.263, 212.44, 212.646, 212.882, 213.149, 196.958, 
5.08, 0, 247.599, 237.481, 233.181, 223.068, 217.244, 217.119, 217.024, 216.959, 216.923, 216.917, 216.941, 216.995, 217.078, 217.191, 217.333, 217.505, 217.707, 217.938, 218.198, 202.029, 
242.54, 247.599, 0, 10.16, 14.478, 24.638, 31.3255, 32.219, 33.2827, 34.501, 35.8581, 37.3389, 38.9292, 40.6162, 42.3883, 44.2354, 46.1484, 48.1194, 50.1417, 52.2092, 54.3168, 46.0364, 
232.423, 237.481, 10.16, 0, 4.318, 14.478, 21.9236, 23.1823, 24.6393, 26.2617, 28.0207, 29.8922, 31.8565, 33.8973, 36.0018, 38.1592, 40.3612, 42.6009, 44.8725, 47.1716, 49.4942, 36.1805, 
228.124, 233.181, 14.478, 4.318, 0, 10.16, 18.1765, 19.6764, 21.3738, 23.2254, 25.1973, 27.2633, 29.4037, 31.6034, 33.8507, 36.1368, 38.4548, 40.7992, 43.1658, 45.5511, 47.9522, 32.0493, 
218.013, 223.068, 24.638, 14.478, 10.16, 0, 11.1326, 13.4428, 15.8236, 18.2474, 20.6991, 23.1698, 25.654, 28.1482, 30.6499, 33.1575, 35.6696, 38.1854, 40.7042, 43.2255, 45.7489, 22.606, 
212.172, 217.244, 31.3255, 21.9236, 18.1765, 11.1326, 0, 2.54, 5.08, 7.62, 10.16, 12.7, 15.24, 17.78, 20.32, 22.86, 25.4, 27.94, 30.48, 33.02, 35.56, 15.24, 
212.044, 217.119, 32.219, 23.1823, 19.6764, 13.4428, 2.54, 0, 2.54, 5.08, 7.62, 10.16, 12.7, 15.24, 17.78, 20.32, 22.86, 25.4, 27.94, 30.48, 33.02, 15.4502, 
211.947, 217.024, 33.2827, 24.6393, 21.3738, 15.8236, 5.08, 2.54, 0, 2.54, 5.08, 7.62, 10.16, 12.7, 15.24, 17.78, 20.32, 22.86, 25.4, 27.94, 30.48, 16.0644, 
211.88, 216.959, 34.501, 26.2617, 23.2254, 18.2474, 7.62, 5.08, 2.54, 0, 2.54, 5.08, 7.62, 10.16, 12.7, 15.24, 17.78, 20.32, 22.86, 25.4, 27.94, 17.0388, 
211.843, 216.923, 35.8581, 28.0207, 25.1973, 20.6991, 10.16, 7.62, 5.08, 2.54, 0, 2.54, 5.08, 7.62, 10.16, 12.7, 15.24, 17.78, 20.32, 22.86, 25.4, 18.3162, 
211.837, 216.917, 37.3389, 29.8922, 27.2633, 23.1698, 12.7, 10.16, 7.62, 5.08, 2.54, 0, 2.54, 5.08, 7.62, 10.16, 12.7, 15.24, 17.78, 20.32, 22.86, 19.838, 
211.862, 216.941, 38.9292, 31.8565, 29.4037, 25.654, 15.24, 12.7, 10.16, 7.62, 5.08, 2.54, 0, 2.54, 5.08, 7.62, 10.16, 12.7, 15.24, 17.78, 20.32, 21.5526, 
211.917, 216.995, 40.6162, 33.8973, 31.6034, 28.1482, 17.78, 15.24, 12.7, 10.16, 7.62, 5.08, 2.54, 0, 2.54, 5.08, 7.62, 10.16, 12.7, 15.24, 17.78, 23.4176, 
212.002, 217.078, 42.3883, 36.0018, 33.8507, 30.6499, 20.32, 17.78, 15.24, 12.7, 10.16, 7.62, 5.08, 2.54, 0, 2.54, 5.08, 7.62, 10.16, 12.7, 15.24, 25.4, 
212.117, 217.191, 44.2354, 38.1592, 36.1368, 33.1575, 22.86, 20.32, 17.78, 15.24, 12.7, 10.16, 7.62, 5.08, 2.54, 0, 2.54, 5.08, 7.62, 10.16, 12.7, 27.4743, 
212.263, 217.333, 46.1484, 40.3612, 38.4548, 35.6696, 25.4, 22.86, 20.32, 17.78, 15.24, 12.7, 10.16, 7.62, 5.08, 2.54, 0, 2.54, 5.08, 7.62, 10.16, 29.6212, 
212.44, 217.505, 48.1194, 42.6009, 40.7992, 38.1854, 27.94, 25.4, 22.86, 20.32, 17.78, 15.24, 12.7, 10.16, 7.62, 5.08, 2.54, 0, 2.54, 5.08, 7.62, 31.8261, 
212.646, 217.707, 50.1417, 44.8725, 43.1658, 40.7042, 30.48, 27.94, 25.4, 22.86, 20.32, 17.78, 15.24, 12.7, 10.16, 7.62, 5.08, 2.54, 0, 2.54, 5.08, 34.0777, 
212.882, 217.938, 52.2092, 47.1716, 45.5511, 43.2255, 33.02, 30.48, 27.94, 25.4, 22.86, 20.32, 17.78, 15.24, 12.7, 10.16, 7.62, 5.08, 2.54, 0, 2.54, 36.3673, 
213.149, 218.198, 54.3168, 49.4942, 47.9522, 45.7489, 35.56, 33.02, 30.48, 27.94, 25.4, 22.86, 20.32, 17.78, 15.24, 12.7, 10.16, 7.62, 5.08, 2.54, 0, 38.6881, 
196.958, 202.029, 46.0364, 36.1805, 32.0493, 22.606, 15.24, 15.4502, 16.0644, 17.0388, 18.3162, 19.838, 21.5526, 23.4176, 25.4, 27.4743, 29.6212, 31.8261, 34.0777, 36.3673, 38.6881, 0, 
Scaled Distances:
0, 1.41402e+17, 1.33608e+19, 1.27976e+19, 1.25583e+19, 1.19954e+19, 1.16702e+19, 1.16631e+19, 1.16577e+19, 1.1654e+19, 1.16519e+19, 1.16516e+19, 1.1653e+19, 1.1656e+19, 1.16608e+19, 1.16672e+19, 1.16753e+19, 1.16851e+19, 1.16966e+19, 1.17098e+19, 1.17246e+19, 1.08233e+19, 
1.41402e+17, 0, 1.36425e+19, 1.30792e+19, 1.28398e+19, 1.22768e+19, 1.19526e+19, 1.19457e+19, 1.19404e+19, 1.19367e+19, 1.19347e+19, 1.19344e+19, 1.19357e+19, 1.19387e+19, 1.19433e+19, 1.19496e+19, 1.19576e+19, 1.19671e+19, 1.19784e+19, 1.19912e+19, 1.20057e+19, 1.11056e+19, 
1.33608e+19, 1.36425e+19, 0, 4.24206e+17, 6.6459e+17, 1.2302e+18, 1.60249e+18, 1.65223e+18, 1.71145e+18, 1.77927e+18, 1.85482e+18, 1.93726e+18, 2.02579e+18, 2.1197e+18, 2.21836e+18, 2.32119e+18, 2.42768e+18, 2.53741e+18, 2.64999e+18, 2.76509e+18, 2.88242e+18, 2.42145e+18, 
1.27976e+19, 1.30792e+19, 4.24206e+17, 0, 9.89814e+16, 6.6459e+17, 1.07909e+18, 1.14916e+18, 1.23027e+18, 1.32059e+18, 1.41851e+18, 1.5227e+18, 1.63205e+18, 1.74567e+18, 1.86282e+18, 1.98293e+18, 2.10551e+18, 2.23019e+18, 2.35666e+18, 2.48464e+18, 2.61394e+18, 1.87277e+18, 
1.25583e+19, 1.28398e+19, 6.6459e+17, 9.89814e+16, 0, 4.24206e+17, 8.70487e+17, 9.53985e+17, 1.04848e+18, 1.15156e+18, 1.26133e+18, 1.37635e+18, 1.49551e+18, 1.61796e+18, 1.74307e+18, 1.87034e+18, 1.99938e+18, 2.1299e+18, 2.26164e+18, 2.39443e+18, 2.5281e+18, 1.64279e+18, 
1.19954e+19, 1.22768e+19, 1.2302e+18, 6.6459e+17, 4.24206e+17, 0, 4.78352e+17, 6.06961e+17, 7.395e+17, 8.74432e+17, 1.01092e+18, 1.14846e+18, 1.28676e+18, 1.42561e+18, 1.56488e+18, 1.70448e+18, 1.84433e+18, 1.98438e+18, 2.12461e+18, 2.26497e+18, 2.40544e+18, 1.11708e+18, 
1.16702e+19, 1.19526e+19, 1.60249e+18, 1.07909e+18, 8.70487e+17, 4.78352e+17, 0, 396, 1.41402e+17, 2.82804e+17, 4.24206e+17, 5.65608e+17, 7.0701e+17, 8.48412e+17, 9.89814e+17, 1.13122e+18, 1.27262e+18, 1.41402e+18, 1.55542e+18, 1.69682e+18, 1.83823e+18, 7.0701e+17, 
1.16631e+19, 1.19457e+19, 1.65223e+18, 1.14916e+18, 9.53985e+17, 6.06961e+17, 396, 0, 396, 1.41402e+17, 2.82804e+17, 4.24206e+17, 5.65608e+17, 7.0701e+17, 8.48412e+17, 9.89814e+17, 1.13122e+18, 1.27262e+18, 1.41402e+18, 1.55542e+18, 1.69682e+18, 7.18713e+17, 
1.16577e+19, 1.19404e+19, 1.71145e+18, 1.23027e+18, 1.04848e+18, 7.395e+17, 1.41402e+17, 396, 0, 396, 1.41402e+17, 2.82804e+17, 4.24206e+17, 5.65608e+17, 7.0701e+17, 8.48412e+17, 9.89814e+17, 1.13122e+18, 1.27262e+18, 1.41402e+18, 1.55542e+18, 7.52903e+17, 
1.1654e+19, 1.19367e+19, 1.77927e+18, 1.32059e+18, 1.15156e+18, 8.74432e+17, 2.82804e+17, 1.41402e+17, 396, 0, 396, 1.41402e+17, 2.82804e+17, 4.24206e+17, 5.65608e+17, 7.0701e+17, 8.48412e+17, 9.89814e+17, 1.13122e+18, 1.27262e+18, 1.41402e+18, 8.07152e+17, 
1.16519e+19, 1.19347e+19, 1.85482e+18, 1.41851e+18, 1.26133e+18, 1.01092e+18, 4.24206e+17, 2.82804e+17, 1.41402e+17, 396, 0, 396, 1.41402e+17, 2.82804e+17, 4.24206e+17, 5.65608e+17, 7.0701e+17, 8.48412e+17, 9.89814e+17, 1.13122e+18, 1.27262e+18, 8.78263e+17, 
1.16516e+19, 1.19344e+19, 1.93726e+18, 1.5227e+18, 1.37635e+18, 1.14846e+18, 5.65608e+17, 4.24206e+17, 2.82804e+17, 1.41402e+17, 396, 0, 396, 1.41402e+17, 2.82804e+17, 4.24206e+17, 5.65608e+17, 7.0701e+17, 8.48412e+17, 9.89814e+17, 1.13122e+18, 9.62983e+17, 
1.1653e+19, 1.19357e+19, 2.02579e+18, 1.63205e+18, 1.49551e+18, 1.28676e+18, 7.0701e+17, 5.65608e+17, 4.24206e+17, 2.82804e+17, 1.41402e+17, 396, 0, 791, 1.41402e+17, 2.82804e+17, 4.24206e+17, 5.65608e+17, 7.0701e+17, 8.48412e+17, 9.89814e+17, 1.05843e+18, 
1.1656e+19, 1.19387e+19, 2.1197e+18, 1.74567e+18, 1.61796e+18, 1.42561e+18, 8.48412e+17, 7.0701e+17, 5.65608e+17, 4.24206e+17, 2.82804e+17, 1.41402e+17, 791, 0, 396, 1.41402e+17, 2.82804e+17, 4.24206e+17, 5.65608e+17, 7.0701e+17, 8.48412e+17, 1.16226e+18, 
1.16608e+19, 1.19433e+19, 2.21836e+18, 1.86282e+18, 1.74307e+18, 1.56488e+18, 9.89814e+17, 8.48412e+17, 7.0701e+17, 5.65608e+17, 4.24206e+17, 2.82804e+17, 1.41402e+17, 396, 0, 0, 1.41402e+17, 2.82804e+17, 4.24206e+17, 5.65608e+17, 7.0701e+17, 1.27262e+18, 
1.16672e+19, 1.19496e+19, 2.32119e+18, 1.98293e+18, 1.87034e+18, 1.70448e+18, 1.13122e+18, 9.89814e+17, 8.48412e+17, 7.0701e+17, 5.65608e+17, 4.24206e+17, 2.82804e+17, 1.41402e+17, 0, 0, 791, 1.41402e+17, 2.82804e+17, 4.24206e+17, 5.65608e+17, 1.38809e+18, 
1.16753e+19, 1.19576e+19, 2.42768e+18, 2.10551e+18, 1.99938e+18, 1.84433e+18, 1.27262e+18, 1.13122e+18, 9.89814e+17, 8.48412e+17, 7.0701e+17, 5.65608e+17, 4.24206e+17, 2.82804e+17, 1.41402e+17, 791, 0, 791, 1.41402e+17, 2.82804e+17, 4.24206e+17, 1.50762e+18, 
1.16851e+19, 1.19671e+19, 2.53741e+18, 2.23019e+18, 2.1299e+18, 1.98438e+18, 1.41402e+18, 1.27262e+18, 1.13122e+18, 9.89814e+17, 8.48412e+17, 7.0701e+17, 5.65608e+17, 4.24206e+17, 2.82804e+17, 1.41402e+17, 791, 0, 0, 1.41402e+17, 2.82804e+17, 1.63036e+18, 
1.16966e+19, 1.19784e+19, 2.64999e+18, 2.35666e+18, 2.26164e+18, 2.12461e+18, 1.55542e+18, 1.41402e+18, 1.27262e+18, 1.13122e+18, 9.89814e+17, 8.48412e+17, 7.0701e+17, 5.65608e+17, 4.24206e+17, 2.82804e+17, 1.41402e+17, 0, 0, 791, 1.41402e+17, 1.75571e+18, 
1.17098e+19, 1.19912e+19, 2.76509e+18, 2.48464e+18, 2.39443e+18, 2.26497e+18, 1.69682e+18, 1.55542e+18, 1.41402e+18, 1.27262e+18, 1.13122e+18, 9.89814e+17, 8.48412e+17, 7.0701e+17, 5.65608e+17, 4.24206e+17, 2.82804e+17, 1.41402e+17, 791, 0, 0, 1.88317e+18, 
1.17246e+19, 1.20057e+19, 2.88242e+18, 2.61394e+18, 2.5281e+18, 2.40544e+18, 1.83823e+18, 1.69682e+18, 1.55542e+18, 1.41402e+18, 1.27262e+18, 1.13122e+18, 9.89814e+17, 8.48412e+17, 7.0701e+17, 5.65608e+17, 4.24206e+17, 2.82804e+17, 1.41402e+17, 0, 0, 2.01237e+18, 
1.08233e+19, 1.11056e+19, 2.42145e+18, 1.87277e+18, 1.64279e+18, 1.11708e+18, 7.0701e+17, 7.18713e+17, 7.52903e+17, 8.07152e+17, 8.78263e+17, 9.62983e+17, 1.05843e+18, 1.16226e+18, 1.27262e+18, 1.38809e+18, 1.50762e+18, 1.63036e+18, 1.75571e+18, 1.88317e+18, 2.01237e+18, 0, 
Optimal total distance (scaled) for 22 points: 1.44028e+19
Optimal total distance for 22 points: 312.056873
Corresponding path (0-indexed):
Point #2
Point #3
Point #4
Point #5
Point #6
Point #7
Point #8
Point #9
Point #10
Point #11
Point #12
Point #13
Point #14
Point #15
Point #16
Point #17
Point #18
Point #19
Point #20
Point #21
Point #0
Point #1
Execution time: 749 ms

Elapsed time: 749 ms


Execution #2/10000

Seed: 2
Estimated max possible cost 362.698203
for path: 
0 1 2 3 4 5 6 7 8 9 10 11 12 13 14 15 16 17 18 19 20 21 
Execution time: 709 ms

Elapsed time: 1458 ms


Execution #3/10000

Seed: 3
Estimated max possible cost 362.698203
for path: 
0 1 2 3 4 5 6 7 8 9 10 11 12 13 14 15 16 17 18 19 20 21 
Execution time: 656 ms

Elapsed time: 2114 ms


Execution #4/10000

Seed: 4
Estimated max possible cost 362.698203
for path: 
0 1 2 3 4 5 6 7 8 9 10 11 12 13 14 15 16 17 18 19 20 21 
Execution time: 669 ms

Elapsed time: 2783 ms


Execution #5/10000

Seed: 5
Estimated max possible cost 362.698203
for path: 
0 1 2 3 4 5 6 7 8 9 10 11 12 13 14 15 16 17 18 19 20 21 
Execution time: 766 ms

Elapsed time: 3549 ms


Execution #6/10000

Seed: 6
Estimated max possible cost 362.698203
for path: 
0 1 2 3 4 5 6 7 8 9 10 11 12 13 14 15 16 17 18 19 20 21 
Execution time: 647 ms

Elapsed time: 4196 ms


Execution #7/10000

Seed: 7
Estimated max possible cost 362.698203
for path: 
0 1 2 3 4 5 6 7 8 9 10 11 12 13 14 15 16 17 18 19 20 21 
Execution time: 642 ms

Elapsed time: 4838 ms


Execution #8/10000

Seed: 8
Estimated max possible cost 362.698203
for path: 
0 1 2 3 4 5 6 7 8 9 10 11 12 13 14 15 16 17 18 19 20 21 
Execution time: 666 ms

Elapsed time: 5504 ms


Execution #9/10000

Seed: 9
Estimated max possible cost 362.698203
for path: 
0 1 2 3 4 5 6 7 8 9 10 11 12 13 14 15 16 17 18 19 20 21 
Execution time: 647 ms

Elapsed time: 6151 ms


Execution #10/10000

Seed: 10
Estimated max possible cost 362.698203
for path: 
0 1 2 3 4 5 6 7 8 9 10 11 12 13 14 15 16 17 18 19 20 21 
Execution time: 660 ms

Elapsed time: 6811 ms


Execution #11/10000

Seed: 11
Estimated max possible cost 362.698203
for path: 
0 1 2 3 4 5 6 7 8 9 10 11 12 13 14 15 16 17 18 19 20 21 
Execution time: 662 ms

Elapsed time: 7473 ms


Execution #12/10000

Seed: 12
Estimated max possible cost 362.698203
for path: 
0 1 2 3 4 5 6 7 8 9 10 11 12 13 14 15 16 17 18 19 20 21 
Execution time: 693 ms

Elapsed time: 8166 ms


Execution #13/10000

Seed: 13
Estimated max possible cost 362.698203
for path: 
0 1 2 3 4 5 6 7 8 9 10 11 12 13 14 15 16 17 18 19 20 21 
Execution time: 641 ms

Elapsed time: 8807 ms


Execution #14/10000

Seed: 14
Estimated max possible cost 362.698203
for path: 
0 1 2 3 4 5 6 7 8 9 10 11 12 13 14 15 16 17 18 19 20 21 
Execution time: 625 ms

Elapsed time: 9432 ms


Execution #15/10000

Seed: 15
Estimated max possible cost 362.698203
for path: 
0 1 2 3 4 5 6 7 8 9 10 11 12 13 14 15 16 17 18 19 20 21 
Execution time: 586 ms

Elapsed time: 10018 ms


Execution #16/10000

Seed: 16
Estimated max possible cost 362.698203
for path: 
0 1 2 3 4 5 6 7 8 9 10 11 12 13 14 15 16 17 18 19 20 21 
Execution time: 685 ms

Elapsed time: 10703 ms


Execution #17/10000

Seed: 17
Estimated max possible cost 362.698203
for path: 
0 1 2 3 4 5 6 7 8 9 10 11 12 13 14 15 16 17 18 19 20 21 
Execution time: 653 ms

Elapsed time: 11356 ms


Execution #18/10000

Seed: 18
Estimated max possible cost 362.698203
for path: 
0 1 2 3 4 5 6 7 8 9 10 11 12 13 14 15 16 17 18 19 20 21 
Execution time: 622 ms

Elapsed time: 11978 ms


Execution #19/10000

Seed: 19
Estimated max possible cost 362.698203
for path: 
0 1 2 3 4 5 6 7 8 9 10 11 12 13 14 15 16 17 18 19 20 21 
Execution time: 712 ms

Elapsed time: 12690 ms


Execution #20/10000

Seed: 20
Estimated max possible cost 362.698203
for path: 
0 1 2 3 4 5 6 7 8 9 10 11 12 13 14 15 16 17 18 19 20 21 
Execution time: 581 ms

Elapsed time: 13271 ms


Execution #21/10000

Seed: 21
Estimated max possible cost 362.698203
for path: 
0 1 2 3 4 5 6 7 8 9 10 11 12 13 14 15 16 17 18 19 20 21 
Execution time: 753 ms

Elapsed time: 14024 ms


Execution #22/10000

Seed: 22
Estimated max possible cost 362.698203
for path: 
0 1 2 3 4 5 6 7 8 9 10 11 12 13 14 15 16 17 18 19 20 21 
Execution time: 717 ms

Elapsed time: 14741 ms


Execution #23/10000

Seed: 23
Estimated max possible cost 362.698203
for path: 
0 1 2 3 4 5 6 7 8 9 10 11 12 13 14 15 16 17 18 19 20 21 
Execution time: 685 ms

Elapsed time: 15426 ms


Execution #24/10000

Seed: 24
Estimated max possible cost 362.698203
for path: 
0 1 2 3 4 5 6 7 8 9 10 11 12 13 14 15 16 17 18 19 20 21 
Execution time: 646 ms

Elapsed time: 16072 ms


Execution #25/10000

Seed: 25
Estimated max possible cost 362.698203
for path: 
0 1 2 3 4 5 6 7 8 9 10 11 12 13 14 15 16 17 18 19 20 21 
Execution time: 672 ms

Elapsed time: 16744 ms


Execution #26/10000

Seed: 26
Estimated max possible cost 362.698203
for path: 
0 1 2 3 4 5 6 7 8 9 10 11 12 13 14 15 16 17 18 19 20 21 
Execution time: 563 ms

Elapsed time: 17307 ms


Execution #27/10000

Seed: 27
Estimated max possible cost 362.698203
for path: 
0 1 2 3 4 5 6 7 8 9 10 11 12 13 14 15 16 17 18 19 20 21 
Execution time: 644 ms

Elapsed time: 17951 ms


Execution #28/10000

Seed: 28
Estimated max possible cost 362.698203
for path: 
0 1 2 3 4 5 6 7 8 9 10 11 12 13 14 15 16 17 18 19 20 21 
Execution time: 619 ms

Elapsed time: 18570 ms


Execution #29/10000

Seed: 29
Estimated max possible cost 362.698203
for path: 
0 1 2 3 4 5 6 7 8 9 10 11 12 13 14 15 16 17 18 19 20 21 
Execution time: 604 ms

Elapsed time: 19174 ms


Execution #30/10000

Seed: 30
Estimated max possible cost 362.698203
for path: 
0 1 2 3 4 5 6 7 8 9 10 11 12 13 14 15 16 17 18 19 20 21 
Execution time: 673 ms

Elapsed time: 19847 ms


Execution #31/10000

Seed: 31
Estimated max possible cost 362.698203
for path: 
0 1 2 3 4 5 6 7 8 9 10 11 12 13 14 15 16 17 18 19 20 21 
Execution time: 631 ms

Elapsed time: 20478 ms


Execution #32/10000

Seed: 32
Estimated max possible cost 362.698203
for path: 
0 1 2 3 4 5 6 7 8 9 10 11 12 13 14 15 16 17 18 19 20 21 
Execution time: 724 ms

Elapsed time: 21202 ms


Execution #33/10000

Seed: 33
Estimated max possible cost 362.698203
for path: 
0 1 2 3 4 5 6 7 8 9 10 11 12 13 14 15 16 17 18 19 20 21 
Execution time: 736 ms

Elapsed time: 21938 ms


Execution #34/10000

Seed: 34
Estimated max possible cost 362.698203
for path: 
0 1 2 3 4 5 6 7 8 9 10 11 12 13 14 15 16 17 18 19 20 21 
Execution time: 621 ms

Elapsed time: 22559 ms


Execution #35/10000

Seed: 35
Estimated max possible cost 362.698203
for path: 
0 1 2 3 4 5 6 7 8 9 10 11 12 13 14 15 16 17 18 19 20 21 
Execution time: 690 ms

Elapsed time: 23249 ms


Execution #36/10000

Seed: 36
Estimated max possible cost 362.698203
for path: 
0 1 2 3 4 5 6 7 8 9 10 11 12 13 14 15 16 17 18 19 20 21 
Execution time: 618 ms

Elapsed time: 23867 ms


Execution #37/10000

Seed: 37
Estimated max possible cost 362.698203
for path: 
0 1 2 3 4 5 6 7 8 9 10 11 12 13 14 15 16 17 18 19 20 21 
Execution time: 727 ms

Elapsed time: 24594 ms


Execution #38/10000

Seed: 38
Estimated max possible cost 362.698203
for path: 
0 1 2 3 4 5 6 7 8 9 10 11 12 13 14 15 16 17 18 19 20 21 
Execution time: 682 ms

Elapsed time: 25276 ms


Execution #39/10000

Seed: 39
Estimated max possible cost 362.698203
for path: 
0 1 2 3 4 5 6 7 8 9 10 11 12 13 14 15 16 17 18 19 20 21 
Execution time: 665 ms

Elapsed time: 25941 ms


Execution #40/10000

Seed: 40
Estimated max possible cost 362.698203
for path: 
0 1 2 3 4 5 6 7 8 9 10 11 12 13 14 15 16 17 18 19 20 21 
Execution time: 577 ms

Elapsed time: 26518 ms


Execution #41/10000

Seed: 41
Estimated max possible cost 362.698203
for path: 
0 1 2 3 4 5 6 7 8 9 10 11 12 13 14 15 16 17 18 19 20 21 
Execution time: 634 ms

Elapsed time: 27152 ms


Execution #42/10000

Seed: 42
Estimated max possible cost 362.698203
for path: 
0 1 2 3 4 5 6 7 8 9 10 11 12 13 14 15 16 17 18 19 20 21 
Execution time: 657 ms

Elapsed time: 27809 ms


Execution #43/10000

Seed: 43
Estimated max possible cost 362.698203
for path: 
0 1 2 3 4 5 6 7 8 9 10 11 12 13 14 15 16 17 18 19 20 21 
Execution time: 738 ms

Elapsed time: 28547 ms


Execution #44/10000

Seed: 44
Estimated max possible cost 362.698203
for path: 
0 1 2 3 4 5 6 7 8 9 10 11 12 13 14 15 16 17 18 19 20 21 
Execution time: 688 ms

Elapsed time: 29235 ms


Execution #45/10000

Seed: 45
Estimated max possible cost 362.698203
for path: 
0 1 2 3 4 5 6 7 8 9 10 11 12 13 14 15 16 17 18 19 20 21 
Execution time: 602 ms

Elapsed time: 29837 ms


Execution #46/10000

Seed: 46
Estimated max possible cost 362.698203
for path: 
0 1 2 3 4 5 6 7 8 9 10 11 12 13 14 15 16 17 18 19 20 21 
Execution time: 662 ms

Elapsed time: 30499 ms


Execution #47/10000

Seed: 47
Estimated max possible cost 362.698203
for path: 
0 1 2 3 4 5 6 7 8 9 10 11 12 13 14 15 16 17 18 19 20 21 
Execution time: 700 ms

Elapsed time: 31199 ms


Execution #48/10000

Seed: 48
Estimated max possible cost 362.698203
for path: 
0 1 2 3 4 5 6 7 8 9 10 11 12 13 14 15 16 17 18 19 20 21 
Execution time: 582 ms

Elapsed time: 31781 ms


Execution #49/10000

Seed: 49
Estimated max possible cost 362.698203
for path: 
0 1 2 3 4 5 6 7 8 9 10 11 12 13 14 15 16 17 18 19 20 21 
Execution time: 643 ms

Elapsed time: 32424 ms


Execution #50/10000

Seed: 50
Estimated max possible cost 362.698203
for path: 
0 1 2 3 4 5 6 7 8 9 10 11 12 13 14 15 16 17 18 19 20 21 
Execution time: 633 ms

Elapsed time: 33057 ms


Execution #51/10000

Seed: 51
Estimated max possible cost 362.698203
for path: 
0 1 2 3 4 5 6 7 8 9 10 11 12 13 14 15 16 17 18 19 20 21 
Execution time: 692 ms

Elapsed time: 33749 ms


Execution #52/10000

Seed: 52
Estimated max possible cost 362.698203
for path: 
0 1 2 3 4 5 6 7 8 9 10 11 12 13 14 15 16 17 18 19 20 21 
Execution time: 736 ms

Elapsed time: 34485 ms


Execution #53/10000

Seed: 53
Estimated max possible cost 362.698203
for path: 
0 1 2 3 4 5 6 7 8 9 10 11 12 13 14 15 16 17 18 19 20 21 
Execution time: 668 ms

Elapsed time: 35153 ms


Execution #54/10000

Seed: 54
Estimated max possible cost 362.698203
for path: 
0 1 2 3 4 5 6 7 8 9 10 11 12 13 14 15 16 17 18 19 20 21 
Execution time: 694 ms

Elapsed time: 35847 ms


Execution #55/10000

Seed: 55
Estimated max possible cost 362.698203
for path: 
0 1 2 3 4 5 6 7 8 9 10 11 12 13 14 15 16 17 18 19 20 21 
Execution time: 620 ms

Elapsed time: 36467 ms


Execution #56/10000

Seed: 56
Estimated max possible cost 362.698203
for path: 
0 1 2 3 4 5 6 7 8 9 10 11 12 13 14 15 16 17 18 19 20 21 
Execution time: 655 ms

Elapsed time: 37122 ms


Execution #57/10000

Seed: 57
Estimated max possible cost 362.698203
for path: 
0 1 2 3 4 5 6 7 8 9 10 11 12 13 14 15 16 17 18 19 20 21 
Execution time: 658 ms

Elapsed time: 37780 ms


Execution #58/10000

Seed: 58
Estimated max possible cost 362.698203
for path: 
0 1 2 3 4 5 6 7 8 9 10 11 12 13 14 15 16 17 18 19 20 21 
Execution time: 633 ms

Elapsed time: 38413 ms


Execution #59/10000

Seed: 59
Estimated max possible cost 362.698203
for path: 
0 1 2 3 4 5 6 7 8 9 10 11 12 13 14 15 16 17 18 19 20 21 
Execution time: 653 ms

Elapsed time: 39066 ms


Execution #60/10000

Seed: 60
Estimated max possible cost 362.698203
for path: 
0 1 2 3 4 5 6 7 8 9 10 11 12 13 14 15 16 17 18 19 20 21 
Execution time: 661 ms

Elapsed time: 39727 ms


Execution #61/10000

Seed: 61
Estimated max possible cost 362.698203
for path: 
0 1 2 3 4 5 6 7 8 9 10 11 12 13 14 15 16 17 18 19 20 21 
Execution time: 675 ms

Elapsed time: 40402 ms


Execution #62/10000

Seed: 62
Estimated max possible cost 362.698203
for path: 
0 1 2 3 4 5 6 7 8 9 10 11 12 13 14 15 16 17 18 19 20 21 
Execution time: 738 ms

Elapsed time: 41140 ms


Execution #63/10000

Seed: 63
Estimated max possible cost 362.698203
for path: 
0 1 2 3 4 5 6 7 8 9 10 11 12 13 14 15 16 17 18 19 20 21 
Execution time: 649 ms

Elapsed time: 41789 ms


Execution #64/10000

Seed: 64
Estimated max possible cost 362.698203
for path: 
0 1 2 3 4 5 6 7 8 9 10 11 12 13 14 15 16 17 18 19 20 21 
Execution time: 578 ms

Elapsed time: 42367 ms


Execution #65/10000

Seed: 65
Estimated max possible cost 362.698203
for path: 
0 1 2 3 4 5 6 7 8 9 10 11 12 13 14 15 16 17 18 19 20 21 
Execution time: 646 ms

Elapsed time: 43013 ms


Execution #66/10000

Seed: 66
Estimated max possible cost 362.698203
for path: 
0 1 2 3 4 5 6 7 8 9 10 11 12 13 14 15 16 17 18 19 20 21 
Execution time: 629 ms

Elapsed time: 43642 ms


Execution #67/10000

Seed: 67
Estimated max possible cost 362.698203
for path: 
0 1 2 3 4 5 6 7 8 9 10 11 12 13 14 15 16 17 18 19 20 21 
Execution time: 766 ms

Elapsed time: 44408 ms


Execution #68/10000

Seed: 68
Estimated max possible cost 362.698203
for path: 
0 1 2 3 4 5 6 7 8 9 10 11 12 13 14 15 16 17 18 19 20 21 
Execution time: 742 ms

Elapsed time: 45150 ms


Execution #69/10000

Seed: 69
Estimated max possible cost 362.698203
for path: 
0 1 2 3 4 5 6 7 8 9 10 11 12 13 14 15 16 17 18 19 20 21 
Execution time: 684 ms

Elapsed time: 45834 ms


Execution #70/10000

Seed: 70
Estimated max possible cost 362.698203
for path: 
0 1 2 3 4 5 6 7 8 9 10 11 12 13 14 15 16 17 18 19 20 21 
Execution time: 696 ms

Elapsed time: 46530 ms


Execution #71/10000

Seed: 71
Estimated max possible cost 362.698203
for path: 
0 1 2 3 4 5 6 7 8 9 10 11 12 13 14 15 16 17 18 19 20 21 
Execution time: 654 ms

Elapsed time: 47184 ms


Execution #72/10000

Seed: 72
Estimated max possible cost 362.698203
for path: 
0 1 2 3 4 5 6 7 8 9 10 11 12 13 14 15 16 17 18 19 20 21 
Execution time: 684 ms

Elapsed time: 47868 ms


Execution #73/10000

Seed: 73
Estimated max possible cost 362.698203
for path: 
0 1 2 3 4 5 6 7 8 9 10 11 12 13 14 15 16 17 18 19 20 21 
Execution time: 733 ms

Elapsed time: 48601 ms


Execution #74/10000

Seed: 74
Estimated max possible cost 362.698203
for path: 
0 1 2 3 4 5 6 7 8 9 10 11 12 13 14 15 16 17 18 19 20 21 
Execution time: 722 ms

Elapsed time: 49323 ms


Execution #75/10000

Seed: 75
Estimated max possible cost 362.698203
for path: 
0 1 2 3 4 5 6 7 8 9 10 11 12 13 14 15 16 17 18 19 20 21 
Execution time: 677 ms

Elapsed time: 50000 ms


Execution #76/10000

Seed: 76
Estimated max possible cost 362.698203
for path: 
0 1 2 3 4 5 6 7 8 9 10 11 12 13 14 15 16 17 18 19 20 21 
Execution time: 681 ms

Elapsed time: 50681 ms


Execution #77/10000

Seed: 77
Estimated max possible cost 362.698203
for path: 
0 1 2 3 4 5 6 7 8 9 10 11 12 13 14 15 16 17 18 19 20 21 
Execution time: 737 ms

Elapsed time: 51418 ms


Execution #78/10000

Seed: 78
Estimated max possible cost 362.698203
for path: 
0 1 2 3 4 5 6 7 8 9 10 11 12 13 14 15 16 17 18 19 20 21 
Execution time: 657 ms

Elapsed time: 52075 ms


Execution #79/10000

Seed: 79
Estimated max possible cost 362.698203
for path: 
0 1 2 3 4 5 6 7 8 9 10 11 12 13 14 15 16 17 18 19 20 21 
Execution time: 741 ms

Elapsed time: 52816 ms


Execution #80/10000

Seed: 80
Estimated max possible cost 362.698203
for path: 
0 1 2 3 4 5 6 7 8 9 10 11 12 13 14 15 16 17 18 19 20 21 
Execution time: 657 ms

Elapsed time: 53473 ms


Execution #81/10000

Seed: 81
Estimated max possible cost 362.698203
for path: 
0 1 2 3 4 5 6 7 8 9 10 11 12 13 14 15 16 17 18 19 20 21 
Execution time: 633 ms

Elapsed time: 54106 ms


Execution #82/10000

Seed: 82
Estimated max possible cost 362.698203
for path: 
0 1 2 3 4 5 6 7 8 9 10 11 12 13 14 15 16 17 18 19 20 21 
Execution time: 639 ms

Elapsed time: 54745 ms


Execution #83/10000

Seed: 83
Estimated max possible cost 362.698203
for path: 
0 1 2 3 4 5 6 7 8 9 10 11 12 13 14 15 16 17 18 19 20 21 
Execution time: 613 ms

Elapsed time: 55358 ms


Execution #84/10000

Seed: 84
Estimated max possible cost 362.698203
for path: 
0 1 2 3 4 5 6 7 8 9 10 11 12 13 14 15 16 17 18 19 20 21 
Execution time: 675 ms

Elapsed time: 56033 ms


Execution #85/10000

Seed: 85
Estimated max possible cost 362.698203
for path: 
0 1 2 3 4 5 6 7 8 9 10 11 12 13 14 15 16 17 18 19 20 21 
Execution time: 664 ms

Elapsed time: 56697 ms


Execution #86/10000

Seed: 86
Estimated max possible cost 362.698203
for path: 
0 1 2 3 4 5 6 7 8 9 10 11 12 13 14 15 16 17 18 19 20 21 
Execution time: 768 ms

Elapsed time: 57465 ms


Execution #87/10000

Seed: 87
Estimated max possible cost 362.698203
for path: 
0 1 2 3 4 5 6 7 8 9 10 11 12 13 14 15 16 17 18 19 20 21 
Execution time: 571 ms

Elapsed time: 58036 ms


Execution #88/10000

Seed: 88
Estimated max possible cost 362.698203
for path: 
0 1 2 3 4 5 6 7 8 9 10 11 12 13 14 15 16 17 18 19 20 21 
Execution time: 684 ms

Elapsed time: 58720 ms


Execution #89/10000

Seed: 89
Estimated max possible cost 362.698203
for path: 
0 1 2 3 4 5 6 7 8 9 10 11 12 13 14 15 16 17 18 19 20 21 
Execution time: 649 ms

Elapsed time: 59369 ms


Execution #90/10000

Seed: 90
Estimated max possible cost 362.698203
for path: 
0 1 2 3 4 5 6 7 8 9 10 11 12 13 14 15 16 17 18 19 20 21 
Execution time: 628 ms

Elapsed time: 59997 ms


Execution #91/10000

Seed: 91
Estimated max possible cost 362.698203
for path: 
0 1 2 3 4 5 6 7 8 9 10 11 12 13 14 15 16 17 18 19 20 21 
Execution time: 686 ms

Elapsed time: 60683 ms


Execution #92/10000

Seed: 92
Estimated max possible cost 362.698203
for path: 
0 1 2 3 4 5 6 7 8 9 10 11 12 13 14 15 16 17 18 19 20 21 
Execution time: 674 ms

Elapsed time: 61357 ms


Execution #93/10000

Seed: 93
Estimated max possible cost 362.698203
for path: 
0 1 2 3 4 5 6 7 8 9 10 11 12 13 14 15 16 17 18 19 20 21 
Execution time: 685 ms

Elapsed time: 62042 ms


Execution #94/10000

Seed: 94
Estimated max possible cost 362.698203
for path: 
0 1 2 3 4 5 6 7 8 9 10 11 12 13 14 15 16 17 18 19 20 21 
Execution time: 660 ms

Elapsed time: 62702 ms


Execution #95/10000

Seed: 95
Estimated max possible cost 362.698203
for path: 
0 1 2 3 4 5 6 7 8 9 10 11 12 13 14 15 16 17 18 19 20 21 
Execution time: 693 ms

Elapsed time: 63395 ms


Execution #96/10000

Seed: 96
Estimated max possible cost 362.698203
for path: 
0 1 2 3 4 5 6 7 8 9 10 11 12 13 14 15 16 17 18 19 20 21 
Execution time: 704 ms

Elapsed time: 64099 ms


Execution #97/10000

Seed: 97
Estimated max possible cost 362.698203
for path: 
0 1 2 3 4 5 6 7 8 9 10 11 12 13 14 15 16 17 18 19 20 21 
Execution time: 705 ms

Elapsed time: 64804 ms


Execution #98/10000

Seed: 98
Estimated max possible cost 362.698203
for path: 
0 1 2 3 4 5 6 7 8 9 10 11 12 13 14 15 16 17 18 19 20 21 
Execution time: 660 ms

Elapsed time: 65464 ms


Execution #99/10000

Seed: 99
Estimated max possible cost 362.698203
for path: 
0 1 2 3 4 5 6 7 8 9 10 11 12 13 14 15 16 17 18 19 20 21 
Execution time: 699 ms

Elapsed time: 66163 ms


Execution #100/10000

Seed: 100
Estimated max possible cost 362.698203
for path: 
0 1 2 3 4 5 6 7 8 9 10 11 12 13 14 15 16 17 18 19 20 21 
Execution time: 637 ms

Elapsed time: 66800 ms


Execution #101/10000

Seed: 101
Estimated max possible cost 362.698203
for path: 
0 1 2 3 4 5 6 7 8 9 10 11 12 13 14 15 16 17 18 19 20 21 
Execution time: 624 ms

Elapsed time: 67424 ms


Execution #102/10000

Seed: 102
Estimated max possible cost 362.698203
for path: 
0 1 2 3 4 5 6 7 8 9 10 11 12 13 14 15 16 17 18 19 20 21 
Execution time: 655 ms

Elapsed time: 68079 ms


Execution #103/10000

Seed: 103
Estimated max possible cost 362.698203
for path: 
0 1 2 3 4 5 6 7 8 9 10 11 12 13 14 15 16 17 18 19 20 21 
Execution time: 612 ms

Elapsed time: 68691 ms


Execution #104/10000

Seed: 104
Estimated max possible cost 362.698203
for path: 
0 1 2 3 4 5 6 7 8 9 10 11 12 13 14 15 16 17 18 19 20 21 
Execution time: 596 ms

Elapsed time: 69287 ms


Execution #105/10000

Seed: 105
Estimated max possible cost 362.698203
for path: 
0 1 2 3 4 5 6 7 8 9 10 11 12 13 14 15 16 17 18 19 20 21 
Execution time: 625 ms

Elapsed time: 69912 ms


Execution #106/10000

Seed: 106
Estimated max possible cost 362.698203
for path: 
0 1 2 3 4 5 6 7 8 9 10 11 12 13 14 15 16 17 18 19 20 21 
Execution time: 712 ms

Elapsed time: 70624 ms


Execution #107/10000

Seed: 107
Estimated max possible cost 362.698203
for path: 
0 1 2 3 4 5 6 7 8 9 10 11 12 13 14 15 16 17 18 19 20 21 
Execution time: 631 ms

Elapsed time: 71255 ms


Execution #108/10000

Seed: 108
Estimated max possible cost 362.698203
for path: 
0 1 2 3 4 5 6 7 8 9 10 11 12 13 14 15 16 17 18 19 20 21 
Execution time: 676 ms

Elapsed time: 71931 ms


Execution #109/10000

Seed: 109
Estimated max possible cost 362.698203
for path: 
0 1 2 3 4 5 6 7 8 9 10 11 12 13 14 15 16 17 18 19 20 21 
Execution time: 710 ms

Elapsed time: 72641 ms


Execution #110/10000

Seed: 110
Estimated max possible cost 362.698203
for path: 
0 1 2 3 4 5 6 7 8 9 10 11 12 13 14 15 16 17 18 19 20 21 
Execution time: 681 ms

Elapsed time: 73322 ms


Execution #111/10000

Seed: 111
Estimated max possible cost 362.698203
for path: 
0 1 2 3 4 5 6 7 8 9 10 11 12 13 14 15 16 17 18 19 20 21 
Execution time: 610 ms

Elapsed time: 73932 ms


Execution #112/10000

Seed: 112
Estimated max possible cost 362.698203
for path: 
0 1 2 3 4 5 6 7 8 9 10 11 12 13 14 15 16 17 18 19 20 21 
Execution time: 659 ms

Elapsed time: 74591 ms


Execution #113/10000

Seed: 113
Estimated max possible cost 362.698203
for path: 
0 1 2 3 4 5 6 7 8 9 10 11 12 13 14 15 16 17 18 19 20 21 
Execution time: 660 ms

Elapsed time: 75251 ms


Execution #114/10000

Seed: 114
Estimated max possible cost 362.698203
for path: 
0 1 2 3 4 5 6 7 8 9 10 11 12 13 14 15 16 17 18 19 20 21 
Execution time: 721 ms

Elapsed time: 75972 ms


Execution #115/10000

Seed: 115
Estimated max possible cost 362.698203
for path: 
0 1 2 3 4 5 6 7 8 9 10 11 12 13 14 15 16 17 18 19 20 21 
Execution time: 557 ms

Elapsed time: 76529 ms


Execution #116/10000

Seed: 116
Estimated max possible cost 362.698203
for path: 
0 1 2 3 4 5 6 7 8 9 10 11 12 13 14 15 16 17 18 19 20 21 
Execution time: 674 ms

Elapsed time: 77203 ms


Execution #117/10000

Seed: 117
Estimated max possible cost 362.698203
for path: 
0 1 2 3 4 5 6 7 8 9 10 11 12 13 14 15 16 17 18 19 20 21 
Execution time: 672 ms

Elapsed time: 77875 ms


Execution #118/10000

Seed: 118
Estimated max possible cost 362.698203
for path: 
0 1 2 3 4 5 6 7 8 9 10 11 12 13 14 15 16 17 18 19 20 21 
Execution time: 700 ms

Elapsed time: 78575 ms


Execution #119/10000

Seed: 119
Estimated max possible cost 362.698203
for path: 
0 1 2 3 4 5 6 7 8 9 10 11 12 13 14 15 16 17 18 19 20 21 
Execution time: 702 ms

Elapsed time: 79277 ms


Execution #120/10000

Seed: 120
Estimated max possible cost 362.698203
for path: 
0 1 2 3 4 5 6 7 8 9 10 11 12 13 14 15 16 17 18 19 20 21 
Execution time: 711 ms

Elapsed time: 79988 ms


Execution #121/10000

Seed: 121
Estimated max possible cost 362.698203
for path: 
0 1 2 3 4 5 6 7 8 9 10 11 12 13 14 15 16 17 18 19 20 21 
Execution time: 702 ms

Elapsed time: 80690 ms


Execution #122/10000

Seed: 122
Estimated max possible cost 362.698203
for path: 
0 1 2 3 4 5 6 7 8 9 10 11 12 13 14 15 16 17 18 19 20 21 
Execution time: 753 ms

Elapsed time: 81443 ms


Execution #123/10000

Seed: 123
Estimated max possible cost 362.698203
for path: 
0 1 2 3 4 5 6 7 8 9 10 11 12 13 14 15 16 17 18 19 20 21 
Execution time: 707 ms

Elapsed time: 82150 ms


Execution #124/10000

Seed: 124
Estimated max possible cost 362.698203
for path: 
0 1 2 3 4 5 6 7 8 9 10 11 12 13 14 15 16 17 18 19 20 21 
Execution time: 663 ms

Elapsed time: 82813 ms


Execution #125/10000

Seed: 125
Estimated max possible cost 362.698203
for path: 
0 1 2 3 4 5 6 7 8 9 10 11 12 13 14 15 16 17 18 19 20 21 
Execution time: 809 ms

Elapsed time: 83622 ms


Execution #126/10000

Seed: 126
Estimated max possible cost 362.698203
for path: 
0 1 2 3 4 5 6 7 8 9 10 11 12 13 14 15 16 17 18 19 20 21 
Execution time: 705 ms

Elapsed time: 84327 ms


Execution #127/10000

Seed: 127
Estimated max possible cost 362.698203
for path: 
0 1 2 3 4 5 6 7 8 9 10 11 12 13 14 15 16 17 18 19 20 21 
Execution time: 684 ms

Elapsed time: 85011 ms


Execution #128/10000

Seed: 128
Estimated max possible cost 362.698203
for path: 
0 1 2 3 4 5 6 7 8 9 10 11 12 13 14 15 16 17 18 19 20 21 
Execution time: 691 ms

Elapsed time: 85702 ms


Execution #129/10000

Seed: 129
Estimated max possible cost 362.698203
for path: 
0 1 2 3 4 5 6 7 8 9 10 11 12 13 14 15 16 17 18 19 20 21 
Execution time: 659 ms

Elapsed time: 86361 ms


Execution #130/10000

Seed: 130
Estimated max possible cost 362.698203
for path: 
0 1 2 3 4 5 6 7 8 9 10 11 12 13 14 15 16 17 18 19 20 21 
Execution time: 704 ms

Elapsed time: 87065 ms


Execution #131/10000

Seed: 131
Estimated max possible cost 362.698203
for path: 
0 1 2 3 4 5 6 7 8 9 10 11 12 13 14 15 16 17 18 19 20 21 
Execution time: 714 ms

Elapsed time: 87779 ms


Execution #132/10000

Seed: 132
Estimated max possible cost 362.698203
for path: 
0 1 2 3 4 5 6 7 8 9 10 11 12 13 14 15 16 17 18 19 20 21 
Execution time: 684 ms

Elapsed time: 88463 ms


Execution #133/10000

Seed: 133
Estimated max possible cost 362.698203
for path: 
0 1 2 3 4 5 6 7 8 9 10 11 12 13 14 15 16 17 18 19 20 21 
Execution time: 658 ms

Elapsed time: 89121 ms


Execution #134/10000

Seed: 134
Estimated max possible cost 362.698203
for path: 
0 1 2 3 4 5 6 7 8 9 10 11 12 13 14 15 16 17 18 19 20 21 
Execution time: 665 ms

Elapsed time: 89786 ms


Execution #135/10000

Seed: 135
Estimated max possible cost 362.698203
for path: 
0 1 2 3 4 5 6 7 8 9 10 11 12 13 14 15 16 17 18 19 20 21 
Execution time: 630 ms

Elapsed time: 90416 ms


Execution #136/10000

Seed: 136
Estimated max possible cost 362.698203
for path: 
0 1 2 3 4 5 6 7 8 9 10 11 12 13 14 15 16 17 18 19 20 21 
Execution time: 651 ms

Elapsed time: 91067 ms


Execution #137/10000

Seed: 137
Estimated max possible cost 362.698203
for path: 
0 1 2 3 4 5 6 7 8 9 10 11 12 13 14 15 16 17 18 19 20 21 
Execution time: 713 ms

Elapsed time: 91780 ms


Execution #138/10000

Seed: 138
Estimated max possible cost 362.698203
for path: 
0 1 2 3 4 5 6 7 8 9 10 11 12 13 14 15 16 17 18 19 20 21 
Execution time: 626 ms

Elapsed time: 92406 ms


Execution #139/10000

Seed: 139
Estimated max possible cost 362.698203
for path: 
0 1 2 3 4 5 6 7 8 9 10 11 12 13 14 15 16 17 18 19 20 21 
Execution time: 667 ms

Elapsed time: 93073 ms


Execution #140/10000

Seed: 140
Estimated max possible cost 362.698203
for path: 
0 1 2 3 4 5 6 7 8 9 10 11 12 13 14 15 16 17 18 19 20 21 
Execution time: 651 ms

Elapsed time: 93724 ms


Execution #141/10000

Seed: 141
Estimated max possible cost 362.698203
for path: 
0 1 2 3 4 5 6 7 8 9 10 11 12 13 14 15 16 17 18 19 20 21 
Execution time: 737 ms

Elapsed time: 94461 ms


Execution #142/10000

Seed: 142
Estimated max possible cost 362.698203
for path: 
0 1 2 3 4 5 6 7 8 9 10 11 12 13 14 15 16 17 18 19 20 21 
Execution time: 709 ms

Elapsed time: 95170 ms


Execution #143/10000

Seed: 143
Estimated max possible cost 362.698203
for path: 
0 1 2 3 4 5 6 7 8 9 10 11 12 13 14 15 16 17 18 19 20 21 
Execution time: 723 ms

Elapsed time: 95893 ms


Execution #144/10000

Seed: 144
Estimated max possible cost 362.698203
for path: 
0 1 2 3 4 5 6 7 8 9 10 11 12 13 14 15 16 17 18 19 20 21 
Execution time: 685 ms

Elapsed time: 96578 ms


Execution #145/10000

Seed: 145
Estimated max possible cost 362.698203
for path: 
0 1 2 3 4 5 6 7 8 9 10 11 12 13 14 15 16 17 18 19 20 21 
Execution time: 691 ms

Elapsed time: 97269 ms


Execution #146/10000

Seed: 146
Estimated max possible cost 362.698203
for path: 
0 1 2 3 4 5 6 7 8 9 10 11 12 13 14 15 16 17 18 19 20 21 
Execution time: 629 ms

Elapsed time: 97898 ms


Execution #147/10000

Seed: 147
Estimated max possible cost 362.698203
for path: 
0 1 2 3 4 5 6 7 8 9 10 11 12 13 14 15 16 17 18 19 20 21 
Execution time: 650 ms

Elapsed time: 98548 ms


Execution #148/10000

Seed: 148
Estimated max possible cost 362.698203
for path: 
0 1 2 3 4 5 6 7 8 9 10 11 12 13 14 15 16 17 18 19 20 21 
Execution time: 694 ms

Elapsed time: 99242 ms


Execution #149/10000

Seed: 149
Estimated max possible cost 362.698203
for path: 
0 1 2 3 4 5 6 7 8 9 10 11 12 13 14 15 16 17 18 19 20 21 
Execution time: 740 ms

Elapsed time: 99982 ms


Execution #150/10000

Seed: 150
Estimated max possible cost 362.698203
for path: 
0 1 2 3 4 5 6 7 8 9 10 11 12 13 14 15 16 17 18 19 20 21 
Execution time: 723 ms

Elapsed time: 100705 ms


Execution #151/10000

Seed: 151
Estimated max possible cost 362.698203
for path: 
0 1 2 3 4 5 6 7 8 9 10 11 12 13 14 15 16 17 18 19 20 21 
Execution time: 662 ms

Elapsed time: 101367 ms


Execution #152/10000

Seed: 152
Estimated max possible cost 362.698203
for path: 
0 1 2 3 4 5 6 7 8 9 10 11 12 13 14 15 16 17 18 19 20 21 
Execution time: 746 ms

Elapsed time: 102113 ms


Execution #153/10000

Seed: 153
Estimated max possible cost 362.698203
for path: 
0 1 2 3 4 5 6 7 8 9 10 11 12 13 14 15 16 17 18 19 20 21 
Execution time: 773 ms

Elapsed time: 102886 ms


Execution #154/10000

Seed: 154
Estimated max possible cost 362.698203
for path: 
0 1 2 3 4 5 6 7 8 9 10 11 12 13 14 15 16 17 18 19 20 21 
Execution time: 682 ms

Elapsed time: 103568 ms


Execution #155/10000

Seed: 155
Estimated max possible cost 362.698203
for path: 
0 1 2 3 4 5 6 7 8 9 10 11 12 13 14 15 16 17 18 19 20 21 
Execution time: 679 ms

Elapsed time: 104247 ms


Execution #156/10000

Seed: 156
Estimated max possible cost 362.698203
for path: 
0 1 2 3 4 5 6 7 8 9 10 11 12 13 14 15 16 17 18 19 20 21 
Execution time: 679 ms

Elapsed time: 104926 ms


Execution #157/10000

Seed: 157
Estimated max possible cost 362.698203
for path: 
0 1 2 3 4 5 6 7 8 9 10 11 12 13 14 15 16 17 18 19 20 21 
Execution time: 673 ms

Elapsed time: 105599 ms


Execution #158/10000

Seed: 158
Estimated max possible cost 362.698203
for path: 
0 1 2 3 4 5 6 7 8 9 10 11 12 13 14 15 16 17 18 19 20 21 
Execution time: 632 ms

Elapsed time: 106231 ms


Execution #159/10000

Seed: 159
Estimated max possible cost 362.698203
for path: 
0 1 2 3 4 5 6 7 8 9 10 11 12 13 14 15 16 17 18 19 20 21 
Execution time: 706 ms

Elapsed time: 106937 ms


Execution #160/10000

Seed: 160
Estimated max possible cost 362.698203
for path: 
