Solving SHP


Execution #1/10000

Seed: 1
Estimated max possible cost 365.238203
for path: 
0 1 2 3 4 5 6 7 8 9 10 11 12 13 14 15 16 17 18 19 20 21 22 
Memory needed for path: 25248641 locs, for costs: 26313518 locs.
Desired precision: 1e+12
Mem constraint for cost_t: 64 bits
Rounded to pow of 2 bytes mem constraint (capped at 64bits) for cost_t: 64 bits
Bits needed for an int to preserve precision: 49
Bits used per cost_t: 49
Selected cost_t = (u)int64_t
Solving with cost_t = y
Memory [GB] needed: 0.219566
Distances:
0, 5.08, 242.54, 232.423, 228.124, 218.013, 212.172, 212.044, 211.947, 211.88, 211.843, 211.837, 211.862, 211.917, 212.002, 212.117, 212.263, 212.44, 212.646, 212.882, 213.149, 196.958, 196.821, 
5.08, 0, 247.599, 237.481, 233.181, 223.068, 217.244, 217.119, 217.024, 216.959, 216.923, 216.917, 216.941, 216.995, 217.078, 217.191, 217.333, 217.505, 217.707, 217.938, 218.198, 202.029, 201.895, 
242.54, 247.599, 0, 10.16, 14.478, 24.638, 31.3255, 32.219, 33.2827, 34.501, 35.8581, 37.3389, 38.9292, 40.6162, 42.3883, 44.2354, 46.1484, 48.1194, 50.1417, 52.2092, 54.3168, 46.0364, 46.649, 
232.423, 237.481, 10.16, 0, 4.318, 14.478, 21.9236, 23.1823, 24.6393, 26.2617, 28.0207, 29.8922, 31.8565, 33.8973, 36.0018, 38.1592, 40.3612, 42.6009, 44.8725, 47.1716, 49.4942, 36.1805, 36.9568, 
228.124, 233.181, 14.478, 4.318, 0, 10.16, 18.1765, 19.6764, 21.3738, 23.2254, 25.1973, 27.2633, 29.4037, 31.6034, 33.8507, 36.1368, 38.4548, 40.7992, 43.1658, 45.5511, 47.9522, 32.0493, 32.9231, 
218.013, 223.068, 24.638, 14.478, 10.16, 0, 11.1326, 13.4428, 15.8236, 18.2474, 20.6991, 23.1698, 25.654, 28.1482, 30.6499, 33.1575, 35.6696, 38.1854, 40.7042, 43.2255, 45.7489, 22.606, 23.8287, 
212.172, 217.244, 31.3255, 21.9236, 18.1765, 11.1326, 0, 2.54, 5.08, 7.62, 10.16, 12.7, 15.24, 17.78, 20.32, 22.86, 25.4, 27.94, 30.48, 33.02, 35.56, 15.24, 15.4502, 
212.044, 217.119, 32.219, 23.1823, 19.6764, 13.4428, 2.54, 0, 2.54, 5.08, 7.62, 10.16, 12.7, 15.24, 17.78, 20.32, 22.86, 25.4, 27.94, 30.48, 33.02, 15.4502, 15.24, 
211.947, 217.024, 33.2827, 24.6393, 21.3738, 15.8236, 5.08, 2.54, 0, 2.54, 5.08, 7.62, 10.16, 12.7, 15.24, 17.78, 20.32, 22.86, 25.4, 27.94, 30.48, 16.0644, 15.4502, 
211.88, 216.959, 34.501, 26.2617, 23.2254, 18.2474, 7.62, 5.08, 2.54, 0, 2.54, 5.08, 7.62, 10.16, 12.7, 15.24, 17.78, 20.32, 22.86, 25.4, 27.94, 17.0388, 16.0644, 
211.843, 216.923, 35.8581, 28.0207, 25.1973, 20.6991, 10.16, 7.62, 5.08, 2.54, 0, 2.54, 5.08, 7.62, 10.16, 12.7, 15.24, 17.78, 20.32, 22.86, 25.4, 18.3162, 17.0388, 
211.837, 216.917, 37.3389, 29.8922, 27.2633, 23.1698, 12.7, 10.16, 7.62, 5.08, 2.54, 0, 2.54, 5.08, 7.62, 10.16, 12.7, 15.24, 17.78, 20.32, 22.86, 19.838, 18.3162, 
211.862, 216.941, 38.9292, 31.8565, 29.4037, 25.654, 15.24, 12.7, 10.16, 7.62, 5.08, 2.54, 0, 2.54, 5.08, 7.62, 10.16, 12.7, 15.24, 17.78, 20.32, 21.5526, 19.838, 
211.917, 216.995, 40.6162, 33.8973, 31.6034, 28.1482, 17.78, 15.24, 12.7, 10.16, 7.62, 5.08, 2.54, 0, 2.54, 5.08, 7.62, 10.16, 12.7, 15.24, 17.78, 23.4176, 21.5526, 
212.002, 217.078, 42.3883, 36.0018, 33.8507, 30.6499, 20.32, 17.78, 15.24, 12.7, 10.16, 7.62, 5.08, 2.54, 0, 2.54, 5.08, 7.62, 10.16, 12.7, 15.24, 25.4, 23.4176, 
212.117, 217.191, 44.2354, 38.1592, 36.1368, 33.1575, 22.86, 20.32, 17.78, 15.24, 12.7, 10.16, 7.62, 5.08, 2.54, 0, 2.54, 5.08, 7.62, 10.16, 12.7, 27.4743, 25.4, 
212.263, 217.333, 46.1484, 40.3612, 38.4548, 35.6696, 25.4, 22.86, 20.32, 17.78, 15.24, 12.7, 10.16, 7.62, 5.08, 2.54, 0, 2.54, 5.08, 7.62, 10.16, 29.6212, 27.4743, 
212.44, 217.505, 48.1194, 42.6009, 40.7992, 38.1854, 27.94, 25.4, 22.86, 20.32, 17.78, 15.24, 12.7, 10.16, 7.62, 5.08, 2.54, 0, 2.54, 5.08, 7.62, 31.8261, 29.6212, 
212.646, 217.707, 50.1417, 44.8725, 43.1658, 40.7042, 30.48, 27.94, 25.4, 22.86, 20.32, 17.78, 15.24, 12.7, 10.16, 7.62, 5.08, 2.54, 0, 2.54, 5.08, 34.0777, 31.8261, 
212.882, 217.938, 52.2092, 47.1716, 45.5511, 43.2255, 33.02, 30.48, 27.94, 25.4, 22.86, 20.32, 17.78, 15.24, 12.7, 10.16, 7.62, 5.08, 2.54, 0, 2.54, 36.3673, 34.0777, 
213.149, 218.198, 54.3168, 49.4942, 47.9522, 45.7489, 35.56, 33.02, 30.48, 27.94, 25.4, 22.86, 20.32, 17.78, 15.24, 12.7, 10.16, 7.62, 5.08, 2.54, 0, 38.6881, 36.3673, 
196.958, 202.029, 46.0364, 36.1805, 32.0493, 22.606, 15.24, 15.4502, 16.0644, 17.0388, 18.3162, 19.838, 21.5526, 23.4176, 25.4, 27.4743, 29.6212, 31.8261, 34.0777, 36.3673, 38.6881, 0, 2.54, 
196.821, 201.895, 46.649, 36.9568, 32.9231, 23.8287, 15.4502, 15.24, 15.4502, 16.0644, 17.0388, 18.3162, 19.838, 21.5526, 23.4176, 25.4, 27.4743, 29.6212, 31.8261, 34.0777, 36.3673, 2.54, 0, 
Scaled Distances:
0, 1.40977e+17, 1.33206e+19, 1.27591e+19, 1.25205e+19, 1.19593e+19, 1.16351e+19, 1.1628e+19, 1.16226e+19, 1.16189e+19, 1.16169e+19, 1.16165e+19, 1.16179e+19, 1.16209e+19, 1.16257e+19, 1.16321e+19, 1.16402e+19, 1.165e+19, 1.16614e+19, 1.16746e+19, 1.16893e+19, 1.07907e+19, 1.07831e+19, 
1.40977e+17, 0, 1.36014e+19, 1.30398e+19, 1.28012e+19, 1.22399e+19, 1.19166e+19, 1.19097e+19, 1.19044e+19, 1.19008e+19, 1.18988e+19, 1.18985e+19, 1.18998e+19, 1.19028e+19, 1.19074e+19, 1.19137e+19, 1.19216e+19, 1.19311e+19, 1.19423e+19, 1.19552e+19, 1.19696e+19, 1.10722e+19, 1.10647e+19, 
1.33206e+19, 1.36014e+19, 0, 4.2293e+17, 6.6259e+17, 1.2265e+18, 1.59767e+18, 1.64726e+18, 1.7063e+18, 1.77392e+18, 1.84924e+18, 1.93143e+18, 2.01969e+18, 2.11333e+18, 2.21169e+18, 2.3142e+18, 2.42038e+18, 2.52978e+18, 2.64202e+18, 2.75677e+18, 2.87375e+18, 2.41416e+18, 2.44816e+18, 
1.27591e+19, 1.30398e+19, 4.2293e+17, 0, 9.86836e+16, 6.6259e+17, 1.07584e+18, 1.1457e+18, 1.22657e+18, 1.31662e+18, 1.41425e+18, 1.51812e+18, 1.62714e+18, 1.74041e+18, 1.85721e+18, 1.97696e+18, 2.09918e+18, 2.22348e+18, 2.34957e+18, 2.47717e+18, 2.60608e+18, 1.86714e+18, 1.91022e+18, 
1.25205e+19, 1.28012e+19, 6.6259e+17, 9.86836e+16, 0, 4.2293e+17, 8.67868e+17, 9.51114e+17, 1.04532e+18, 1.14809e+18, 1.25754e+18, 1.37221e+18, 1.49101e+18, 1.61309e+18, 1.73782e+18, 1.86471e+18, 1.99336e+18, 2.12349e+18, 2.25484e+18, 2.38723e+18, 2.5205e+18, 1.63784e+18, 1.68634e+18, 
1.19593e+19, 1.22399e+19, 1.2265e+18, 6.6259e+17, 4.2293e+17, 0, 4.76913e+17, 6.05135e+17, 7.37275e+17, 8.71801e+17, 1.00787e+18, 1.14501e+18, 1.28289e+18, 1.42132e+18, 1.56017e+18, 1.69935e+18, 1.83878e+18, 1.97841e+18, 2.11821e+18, 2.25815e+18, 2.39821e+18, 1.11372e+18, 1.18158e+18, 
1.16351e+19, 1.19166e+19, 1.59767e+18, 1.07584e+18, 8.67868e+17, 4.76913e+17, 0, 394, 1.40977e+17, 2.81953e+17, 4.2293e+17, 5.63906e+17, 7.04883e+17, 8.4586e+17, 9.86836e+17, 1.12781e+18, 1.26879e+18, 1.40977e+18, 1.55074e+18, 1.69172e+18, 1.8327e+18, 7.04883e+17, 7.16551e+17, 
1.1628e+19, 1.19097e+19, 1.64726e+18, 1.1457e+18, 9.51114e+17, 6.05135e+17, 394, 0, 394, 1.40977e+17, 2.81953e+17, 4.2293e+17, 5.63906e+17, 7.04883e+17, 8.4586e+17, 9.86836e+17, 1.12781e+18, 1.26879e+18, 1.40977e+18, 1.55074e+18, 1.69172e+18, 7.16551e+17, 7.04883e+17, 
1.16226e+19, 1.19044e+19, 1.7063e+18, 1.22657e+18, 1.04532e+18, 7.37275e+17, 1.40977e+17, 394, 0, 394, 1.40977e+17, 2.81953e+17, 4.2293e+17, 5.63906e+17, 7.04883e+17, 8.4586e+17, 9.86836e+17, 1.12781e+18, 1.26879e+18, 1.40977e+18, 1.55074e+18, 7.50638e+17, 7.16551e+17, 
1.16189e+19, 1.19008e+19, 1.77392e+18, 1.31662e+18, 1.14809e+18, 8.71801e+17, 2.81953e+17, 1.40977e+17, 394, 0, 394, 1.40977e+17, 2.81953e+17, 4.2293e+17, 5.63906e+17, 7.04883e+17, 8.4586e+17, 9.86836e+17, 1.12781e+18, 1.26879e+18, 1.40977e+18, 8.04723e+17, 7.50638e+17, 
1.16169e+19, 1.18988e+19, 1.84924e+18, 1.41425e+18, 1.25754e+18, 1.00787e+18, 4.2293e+17, 2.81953e+17, 1.40977e+17, 394, 0, 394, 1.40977e+17, 2.81953e+17, 4.2293e+17, 5.63906e+17, 7.04883e+17, 8.4586e+17, 9.86836e+17, 1.12781e+18, 1.26879e+18, 8.7562e+17, 8.04723e+17, 
1.16165e+19, 1.18985e+19, 1.93143e+18, 1.51812e+18, 1.37221e+18, 1.14501e+18, 5.63906e+17, 4.2293e+17, 2.81953e+17, 1.40977e+17, 394, 0, 394, 1.40977e+17, 2.81953e+17, 4.2293e+17, 5.63906e+17, 7.04883e+17, 8.4586e+17, 9.86836e+17, 1.12781e+18, 9.60086e+17, 8.7562e+17, 
1.16179e+19, 1.18998e+19, 2.01969e+18, 1.62714e+18, 1.49101e+18, 1.28289e+18, 7.04883e+17, 5.63906e+17, 4.2293e+17, 2.81953e+17, 1.40977e+17, 394, 0, 789, 1.40977e+17, 2.81953e+17, 4.2293e+17, 5.63906e+17, 7.04883e+17, 8.4586e+17, 9.86836e+17, 1.05525e+18, 9.60086e+17, 
1.16209e+19, 1.19028e+19, 2.11333e+18, 1.74041e+18, 1.61309e+18, 1.42132e+18, 8.4586e+17, 7.04883e+17, 5.63906e+17, 4.2293e+17, 2.81953e+17, 1.40977e+17, 789, 0, 394, 1.40977e+17, 2.81953e+17, 4.2293e+17, 5.63906e+17, 7.04883e+17, 8.4586e+17, 1.15876e+18, 1.05525e+18, 
1.16257e+19, 1.19074e+19, 2.21169e+18, 1.85721e+18, 1.73782e+18, 1.56017e+18, 9.86836e+17, 8.4586e+17, 7.04883e+17, 5.63906e+17, 4.2293e+17, 2.81953e+17, 1.40977e+17, 394, 0, 0, 1.40977e+17, 2.81953e+17, 4.2293e+17, 5.63906e+17, 7.04883e+17, 1.26879e+18, 1.15876e+18, 
1.16321e+19, 1.19137e+19, 2.3142e+18, 1.97696e+18, 1.86471e+18, 1.69935e+18, 1.12781e+18, 9.86836e+17, 8.4586e+17, 7.04883e+17, 5.63906e+17, 4.2293e+17, 2.81953e+17, 1.40977e+17, 0, 0, 789, 1.40977e+17, 2.81953e+17, 4.2293e+17, 5.63906e+17, 1.38392e+18, 1.26879e+18, 
1.16402e+19, 1.19216e+19, 2.42038e+18, 2.09918e+18, 1.99336e+18, 1.83878e+18, 1.26879e+18, 1.12781e+18, 9.86836e+17, 8.4586e+17, 7.04883e+17, 5.63906e+17, 4.2293e+17, 2.81953e+17, 1.40977e+17, 789, 0, 789, 1.40977e+17, 2.81953e+17, 4.2293e+17, 1.50308e+18, 1.38392e+18, 
1.165e+19, 1.19311e+19, 2.52978e+18, 2.22348e+18, 2.12349e+18, 1.97841e+18, 1.40977e+18, 1.26879e+18, 1.12781e+18, 9.86836e+17, 8.4586e+17, 7.04883e+17, 5.63906e+17, 4.2293e+17, 2.81953e+17, 1.40977e+17, 789, 0, 0, 1.40977e+17, 2.81953e+17, 1.62546e+18, 1.50308e+18, 
1.16614e+19, 1.19423e+19, 2.64202e+18, 2.34957e+18, 2.25484e+18, 2.11821e+18, 1.55074e+18, 1.40977e+18, 1.26879e+18, 1.12781e+18, 9.86836e+17, 8.4586e+17, 7.04883e+17, 5.63906e+17, 4.2293e+17, 2.81953e+17, 1.40977e+17, 0, 0, 789, 1.40977e+17, 1.75042e+18, 1.62546e+18, 
1.16746e+19, 1.19552e+19, 2.75677e+18, 2.47717e+18, 2.38723e+18, 2.25815e+18, 1.69172e+18, 1.55074e+18, 1.40977e+18, 1.26879e+18, 1.12781e+18, 9.86836e+17, 8.4586e+17, 7.04883e+17, 5.63906e+17, 4.2293e+17, 2.81953e+17, 1.40977e+17, 789, 0, 0, 1.8775e+18, 1.75042e+18, 
1.16893e+19, 1.19696e+19, 2.87375e+18, 2.60608e+18, 2.5205e+18, 2.39821e+18, 1.8327e+18, 1.69172e+18, 1.55074e+18, 1.40977e+18, 1.26879e+18, 1.12781e+18, 9.86836e+17, 8.4586e+17, 7.04883e+17, 5.63906e+17, 4.2293e+17, 2.81953e+17, 1.40977e+17, 0, 0, 2.00632e+18, 1.8775e+18, 
1.07907e+19, 1.10722e+19, 2.41416e+18, 1.86714e+18, 1.63784e+18, 1.11372e+18, 7.04883e+17, 7.16551e+17, 7.50638e+17, 8.04723e+17, 8.7562e+17, 9.60086e+17, 1.05525e+18, 1.15876e+18, 1.26879e+18, 1.38392e+18, 1.50308e+18, 1.62546e+18, 1.75042e+18, 1.8775e+18, 2.00632e+18, 0, 394, 
1.07831e+19, 1.10647e+19, 2.44816e+18, 1.91022e+18, 1.68634e+18, 1.18158e+18, 7.16551e+17, 7.04883e+17, 7.16551e+17, 7.50638e+17, 8.04723e+17, 8.7562e+17, 9.60086e+17, 1.05525e+18, 1.15876e+18, 1.26879e+18, 1.38392e+18, 1.50308e+18, 1.62546e+18, 1.75042e+18, 1.8775e+18, 394, 0, 
Optimal total distance (scaled) for 23 points: 1.42306e+19
Optimal total distance for 23 points: 312.276011
Corresponding path (0-indexed):
Point #2
Point #3
Point #4
Point #5
Point #6
Point #7
Point #8
Point #9
Point #10
Point #11
Point #12
Point #13
Point #14
Point #15
Point #16
Point #17
Point #18
Point #19
Point #20
Point #22
Point #21
Point #0
Point #1
Execution time: 1777 ms

Elapsed time: 1777 ms


Execution #2/10000

Seed: 2
Estimated max possible cost 365.238203
for path: 
0 1 2 3 4 5 6 7 8 9 10 11 12 13 14 15 16 17 18 19 20 21 22 
Execution time: 1650 ms

Elapsed time: 3427 ms


Execution #3/10000

Seed: 3
Estimated max possible cost 365.238203
for path: 
0 1 2 3 4 5 6 7 8 9 10 11 12 13 14 15 16 17 18 19 20 21 22 
Execution time: 1658 ms

Elapsed time: 5085 ms


Execution #4/10000

Seed: 4
Estimated max possible cost 365.238203
for path: 
0 1 2 3 4 5 6 7 8 9 10 11 12 13 14 15 16 17 18 19 20 21 22 
Execution time: 1664 ms

Elapsed time: 6749 ms


Execution #5/10000

Seed: 5
Estimated max possible cost 365.238203
for path: 
0 1 2 3 4 5 6 7 8 9 10 11 12 13 14 15 16 17 18 19 20 21 22 
Execution time: 1571 ms

Elapsed time: 8320 ms


Execution #6/10000

Seed: 6
Estimated max possible cost 365.238203
for path: 
0 1 2 3 4 5 6 7 8 9 10 11 12 13 14 15 16 17 18 19 20 21 22 
Execution time: 1713 ms

Elapsed time: 10033 ms


Execution #7/10000

Seed: 7
Estimated max possible cost 365.238203
for path: 
0 1 2 3 4 5 6 7 8 9 10 11 12 13 14 15 16 17 18 19 20 21 22 
Execution time: 1750 ms

Elapsed time: 11783 ms


Execution #8/10000

Seed: 8
Estimated max possible cost 365.238203
for path: 
0 1 2 3 4 5 6 7 8 9 10 11 12 13 14 15 16 17 18 19 20 21 22 
Execution time: 1583 ms

Elapsed time: 13366 ms


Execution #9/10000

Seed: 9
Estimated max possible cost 365.238203
for path: 
0 1 2 3 4 5 6 7 8 9 10 11 12 13 14 15 16 17 18 19 20 21 22 
Execution time: 1690 ms

Elapsed time: 15056 ms


Execution #10/10000

Seed: 10
Estimated max possible cost 365.238203
for path: 
0 1 2 3 4 5 6 7 8 9 10 11 12 13 14 15 16 17 18 19 20 21 22 
Execution time: 1788 ms

Elapsed time: 16844 ms


Execution #11/10000

Seed: 11
Estimated max possible cost 365.238203
for path: 
0 1 2 3 4 5 6 7 8 9 10 11 12 13 14 15 16 17 18 19 20 21 22 
Execution time: 1599 ms

Elapsed time: 18443 ms


Execution #12/10000

Seed: 12
Estimated max possible cost 365.238203
for path: 
0 1 2 3 4 5 6 7 8 9 10 11 12 13 14 15 16 17 18 19 20 21 22 
Execution time: 1703 ms

Elapsed time: 20146 ms


Execution #13/10000

Seed: 13
Estimated max possible cost 365.238203
for path: 
0 1 2 3 4 5 6 7 8 9 10 11 12 13 14 15 16 17 18 19 20 21 22 
Execution time: 1574 ms

Elapsed time: 21720 ms


Execution #14/10000

Seed: 14
Estimated max possible cost 365.238203
for path: 
0 1 2 3 4 5 6 7 8 9 10 11 12 13 14 15 16 17 18 19 20 21 22 
Execution time: 1566 ms

Elapsed time: 23286 ms


Execution #15/10000

Seed: 15
Estimated max possible cost 365.238203
for path: 
0 1 2 3 4 5 6 7 8 9 10 11 12 13 14 15 16 17 18 19 20 21 22 
Execution time: 1557 ms

Elapsed time: 24843 ms


Execution #16/10000

Seed: 16
Estimated max possible cost 365.238203
for path: 
0 1 2 3 4 5 6 7 8 9 10 11 12 13 14 15 16 17 18 19 20 21 22 
Execution time: 1619 ms

Elapsed time: 26462 ms


Execution #17/10000

Seed: 17
Estimated max possible cost 365.238203
for path: 
0 1 2 3 4 5 6 7 8 9 10 11 12 13 14 15 16 17 18 19 20 21 22 
Execution time: 1549 ms

Elapsed time: 28011 ms


Execution #18/10000

Seed: 18
Estimated max possible cost 365.238203
for path: 
0 1 2 3 4 5 6 7 8 9 10 11 12 13 14 15 16 17 18 19 20 21 22 
Execution time: 1619 ms

Elapsed time: 29630 ms


Execution #19/10000

Seed: 19
Estimated max possible cost 365.238203
for path: 
0 1 2 3 4 5 6 7 8 9 10 11 12 13 14 15 16 17 18 19 20 21 22 
Execution time: 1711 ms

Elapsed time: 31341 ms


Execution #20/10000

Seed: 20
Estimated max possible cost 365.238203
for path: 
0 1 2 3 4 5 6 7 8 9 10 11 12 13 14 15 16 17 18 19 20 21 22 
Execution time: 1541 ms

Elapsed time: 32882 ms


Execution #21/10000

Seed: 21
Estimated max possible cost 365.238203
for path: 
0 1 2 3 4 5 6 7 8 9 10 11 12 13 14 15 16 17 18 19 20 21 22 
Execution time: 1690 ms

Elapsed time: 34572 ms


Execution #22/10000

Seed: 22
Estimated max possible cost 365.238203
for path: 
0 1 2 3 4 5 6 7 8 9 10 11 12 13 14 15 16 17 18 19 20 21 22 
Execution time: 1540 ms

Elapsed time: 36112 ms


Execution #23/10000

Seed: 23
Estimated max possible cost 365.238203
for path: 
0 1 2 3 4 5 6 7 8 9 10 11 12 13 14 15 16 17 18 19 20 21 22 
Execution time: 1720 ms

Elapsed time: 37832 ms


Execution #24/10000

Seed: 24
Estimated max possible cost 365.238203
for path: 
0 1 2 3 4 5 6 7 8 9 10 11 12 13 14 15 16 17 18 19 20 21 22 
Execution time: 1469 ms

Elapsed time: 39301 ms


Execution #25/10000

Seed: 25
Estimated max possible cost 365.238203
for path: 
0 1 2 3 4 5 6 7 8 9 10 11 12 13 14 15 16 17 18 19 20 21 22 
Execution time: 1578 ms

Elapsed time: 40879 ms


Execution #26/10000

Seed: 26
Estimated max possible cost 365.238203
for path: 
0 1 2 3 4 5 6 7 8 9 10 11 12 13 14 15 16 17 18 19 20 21 22 
Execution time: 1712 ms

Elapsed time: 42591 ms


Execution #27/10000

Seed: 27
Estimated max possible cost 365.238203
for path: 
0 1 2 3 4 5 6 7 8 9 10 11 12 13 14 15 16 17 18 19 20 21 22 
Execution time: 1672 ms

Elapsed time: 44263 ms


Execution #28/10000

Seed: 28
Estimated max possible cost 365.238203
for path: 
0 1 2 3 4 5 6 7 8 9 10 11 12 13 14 15 16 17 18 19 20 21 22 
Execution time: 1550 ms

Elapsed time: 45813 ms


Execution #29/10000

Seed: 29
Estimated max possible cost 365.238203
for path: 
0 1 2 3 4 5 6 7 8 9 10 11 12 13 14 15 16 17 18 19 20 21 22 
Execution time: 1556 ms

Elapsed time: 47369 ms


Execution #30/10000

Seed: 30
Estimated max possible cost 365.238203
for path: 
0 1 2 3 4 5 6 7 8 9 10 11 12 13 14 15 16 17 18 19 20 21 22 
Execution time: 1595 ms

Elapsed time: 48964 ms


Execution #31/10000

Seed: 31
Estimated max possible cost 365.238203
for path: 
0 1 2 3 4 5 6 7 8 9 10 11 12 13 14 15 16 17 18 19 20 21 22 
Execution time: 1617 ms

Elapsed time: 50581 ms


Execution #32/10000

Seed: 32
Estimated max possible cost 365.238203
for path: 
0 1 2 3 4 5 6 7 8 9 10 11 12 13 14 15 16 17 18 19 20 21 22 
Execution time: 1675 ms

Elapsed time: 52256 ms


Execution #33/10000

Seed: 33
Estimated max possible cost 365.238203
for path: 
0 1 2 3 4 5 6 7 8 9 10 11 12 13 14 15 16 17 18 19 20 21 22 
Execution time: 1718 ms

Elapsed time: 53974 ms


Execution #34/10000

Seed: 34
Estimated max possible cost 365.238203
for path: 
0 1 2 3 4 5 6 7 8 9 10 11 12 13 14 15 16 17 18 19 20 21 22 
Execution time: 1628 ms

Elapsed time: 55602 ms


Execution #35/10000

Seed: 35
Estimated max possible cost 365.238203
for path: 
0 1 2 3 4 5 6 7 8 9 10 11 12 13 14 15 16 17 18 19 20 21 22 
Execution time: 1577 ms

Elapsed time: 57179 ms


Execution #36/10000

Seed: 36
Estimated max possible cost 365.238203
for path: 
0 1 2 3 4 5 6 7 8 9 10 11 12 13 14 15 16 17 18 19 20 21 22 
Execution time: 1643 ms

Elapsed time: 58822 ms


Execution #37/10000

Seed: 37
Estimated max possible cost 365.238203
for path: 
0 1 2 3 4 5 6 7 8 9 10 11 12 13 14 15 16 17 18 19 20 21 22 
Execution time: 1630 ms

Elapsed time: 60452 ms


Execution #38/10000

Seed: 38
Estimated max possible cost 365.238203
for path: 
0 1 2 3 4 5 6 7 8 9 10 11 12 13 14 15 16 17 18 19 20 21 22 
Execution time: 1583 ms

Elapsed time: 62035 ms


Execution #39/10000

Seed: 39
Estimated max possible cost 365.238203
for path: 
0 1 2 3 4 5 6 7 8 9 10 11 12 13 14 15 16 17 18 19 20 21 22 
Execution time: 1671 ms

Elapsed time: 63706 ms


Execution #40/10000

Seed: 40
Estimated max possible cost 365.238203
for path: 
0 1 2 3 4 5 6 7 8 9 10 11 12 13 14 15 16 17 18 19 20 21 22 
Execution time: 1655 ms

Elapsed time: 65361 ms


Execution #41/10000

Seed: 41
Estimated max possible cost 365.238203
for path: 
0 1 2 3 4 5 6 7 8 9 10 11 12 13 14 15 16 17 18 19 20 21 22 
Execution time: 1699 ms

Elapsed time: 67060 ms


Execution #42/10000

Seed: 42
Estimated max possible cost 365.238203
for path: 
0 1 2 3 4 5 6 7 8 9 10 11 12 13 14 15 16 17 18 19 20 21 22 
Execution time: 1670 ms

Elapsed time: 68730 ms


Execution #43/10000

Seed: 43
Estimated max possible cost 365.238203
for path: 
0 1 2 3 4 5 6 7 8 9 10 11 12 13 14 15 16 17 18 19 20 21 22 
Execution time: 1608 ms

Elapsed time: 70338 ms


Execution #44/10000

Seed: 44
Estimated max possible cost 365.238203
for path: 
0 1 2 3 4 5 6 7 8 9 10 11 12 13 14 15 16 17 18 19 20 21 22 
Execution time: 1685 ms

Elapsed time: 72023 ms


Execution #45/10000

Seed: 45
Estimated max possible cost 365.238203
for path: 
0 1 2 3 4 5 6 7 8 9 10 11 12 13 14 15 16 17 18 19 20 21 22 
Execution time: 1544 ms

Elapsed time: 73567 ms


Execution #46/10000

Seed: 46
Estimated max possible cost 365.238203
for path: 
0 1 2 3 4 5 6 7 8 9 10 11 12 13 14 15 16 17 18 19 20 21 22 
Execution time: 1764 ms

Elapsed time: 75331 ms


Execution #47/10000

Seed: 47
Estimated max possible cost 365.238203
for path: 
0 1 2 3 4 5 6 7 8 9 10 11 12 13 14 15 16 17 18 19 20 21 22 
Execution time: 1597 ms

Elapsed time: 76928 ms


Execution #48/10000

Seed: 48
Estimated max possible cost 365.238203
for path: 
0 1 2 3 4 5 6 7 8 9 10 11 12 13 14 15 16 17 18 19 20 21 22 
Execution time: 1680 ms

Elapsed time: 78608 ms


Execution #49/10000

Seed: 49
Estimated max possible cost 365.238203
for path: 
0 1 2 3 4 5 6 7 8 9 10 11 12 13 14 15 16 17 18 19 20 21 22 
Execution time: 1628 ms

Elapsed time: 80236 ms


Execution #50/10000

Seed: 50
Estimated max possible cost 365.238203
for path: 
0 1 2 3 4 5 6 7 8 9 10 11 12 13 14 15 16 17 18 19 20 21 22 
Execution time: 1636 ms

Elapsed time: 81872 ms


Execution #51/10000

Seed: 51
Estimated max possible cost 365.238203
for path: 
0 1 2 3 4 5 6 7 8 9 10 11 12 13 14 15 16 17 18 19 20 21 22 
Execution time: 1669 ms

Elapsed time: 83541 ms


Execution #52/10000

Seed: 52
Estimated max possible cost 365.238203
for path: 
0 1 2 3 4 5 6 7 8 9 10 11 12 13 14 15 16 17 18 19 20 21 22 
Execution time: 1611 ms

Elapsed time: 85152 ms


Execution #53/10000

Seed: 53
Estimated max possible cost 365.238203
for path: 
0 1 2 3 4 5 6 7 8 9 10 11 12 13 14 15 16 17 18 19 20 21 22 
Execution time: 1570 ms

Elapsed time: 86722 ms


Execution #54/10000

Seed: 54
Estimated max possible cost 365.238203
for path: 
0 1 2 3 4 5 6 7 8 9 10 11 12 13 14 15 16 17 18 19 20 21 22 
Execution time: 1572 ms

Elapsed time: 88294 ms


Execution #55/10000

Seed: 55
Estimated max possible cost 365.238203
for path: 
0 1 2 3 4 5 6 7 8 9 10 11 12 13 14 15 16 17 18 19 20 21 22 
Execution time: 1597 ms

Elapsed time: 89891 ms


Execution #56/10000

Seed: 56
Estimated max possible cost 365.238203
for path: 
0 1 2 3 4 5 6 7 8 9 10 11 12 13 14 15 16 17 18 19 20 21 22 
Execution time: 1679 ms

Elapsed time: 91570 ms


Execution #57/10000

Seed: 57
Estimated max possible cost 365.238203
for path: 
0 1 2 3 4 5 6 7 8 9 10 11 12 13 14 15 16 17 18 19 20 21 22 
Execution time: 1744 ms

Elapsed time: 93314 ms


Execution #58/10000

Seed: 58
Estimated max possible cost 365.238203
for path: 
0 1 2 3 4 5 6 7 8 9 10 11 12 13 14 15 16 17 18 19 20 21 22 
Execution time: 1626 ms

Elapsed time: 94940 ms


Execution #59/10000

Seed: 59
Estimated max possible cost 365.238203
for path: 
0 1 2 3 4 5 6 7 8 9 10 11 12 13 14 15 16 17 18 19 20 21 22 
Execution time: 1609 ms

Elapsed time: 96549 ms


Execution #60/10000

Seed: 60
Estimated max possible cost 365.238203
for path: 
0 1 2 3 4 5 6 7 8 9 10 11 12 13 14 15 16 17 18 19 20 21 22 
Execution time: 1679 ms

Elapsed time: 98228 ms


Execution #61/10000

Seed: 61
Estimated max possible cost 365.238203
for path: 
0 1 2 3 4 5 6 7 8 9 10 11 12 13 14 15 16 17 18 19 20 21 22 
Execution time: 1608 ms

Elapsed time: 99836 ms


Execution #62/10000

Seed: 62
Estimated max possible cost 365.238203
for path: 
0 1 2 3 4 5 6 7 8 9 10 11 12 13 14 15 16 17 18 19 20 21 22 
Execution time: 1612 ms

Elapsed time: 101448 ms


Execution #63/10000

Seed: 63
Estimated max possible cost 365.238203
for path: 
0 1 2 3 4 5 6 7 8 9 10 11 12 13 14 15 16 17 18 19 20 21 22 
Execution time: 1752 ms

Elapsed time: 103200 ms


Execution #64/10000

Seed: 64
Estimated max possible cost 365.238203
for path: 
0 1 2 3 4 5 6 7 8 9 10 11 12 13 14 15 16 17 18 19 20 21 22 
Execution time: 1669 ms

Elapsed time: 104869 ms


Execution #65/10000

Seed: 65
Estimated max possible cost 365.238203
for path: 
0 1 2 3 4 5 6 7 8 9 10 11 12 13 14 15 16 17 18 19 20 21 22 
Execution time: 1544 ms

Elapsed time: 106413 ms


Execution #66/10000

Seed: 66
Estimated max possible cost 365.238203
for path: 
0 1 2 3 4 5 6 7 8 9 10 11 12 13 14 15 16 17 18 19 20 21 22 
Execution time: 1612 ms

Elapsed time: 108025 ms


Execution #67/10000

Seed: 67
Estimated max possible cost 365.238203
for path: 
0 1 2 3 4 5 6 7 8 9 10 11 12 13 14 15 16 17 18 19 20 21 22 
Execution time: 1666 ms

Elapsed time: 109691 ms


Execution #68/10000

Seed: 68
Estimated max possible cost 365.238203
for path: 
0 1 2 3 4 5 6 7 8 9 10 11 12 13 14 15 16 17 18 19 20 21 22 
Execution time: 1685 ms

Elapsed time: 111376 ms


Execution #69/10000

Seed: 69
Estimated max possible cost 365.238203
for path: 
0 1 2 3 4 5 6 7 8 9 10 11 12 13 14 15 16 17 18 19 20 21 22 
Execution time: 1713 ms

Elapsed time: 113089 ms


Execution #70/10000

Seed: 70
Estimated max possible cost 365.238203
for path: 
0 1 2 3 4 5 6 7 8 9 10 11 12 13 14 15 16 17 18 19 20 21 22 
Execution time: 1611 ms

Elapsed time: 114700 ms


Execution #71/10000

Seed: 71
Estimated max possible cost 365.238203
for path: 
0 1 2 3 4 5 6 7 8 9 10 11 12 13 14 15 16 17 18 19 20 21 22 
Execution time: 1686 ms

Elapsed time: 116386 ms


Execution #72/10000

Seed: 72
Estimated max possible cost 365.238203
for path: 
0 1 2 3 4 5 6 7 8 9 10 11 12 13 14 15 16 17 18 19 20 21 22 
Execution time: 1645 ms

Elapsed time: 118031 ms


Execution #73/10000

Seed: 73
Estimated max possible cost 365.238203
for path: 
0 1 2 3 4 5 6 7 8 9 10 11 12 13 14 15 16 17 18 19 20 21 22 
Execution time: 1730 ms

Elapsed time: 119761 ms


Execution #74/10000

Seed: 74
Estimated max possible cost 365.238203
for path: 
0 1 2 3 4 5 6 7 8 9 10 11 12 13 14 15 16 17 18 19 20 21 22 
Execution time: 1636 ms

Elapsed time: 121397 ms


Execution #75/10000

Seed: 75
Estimated max possible cost 365.238203
for path: 
0 1 2 3 4 5 6 7 8 9 10 11 12 13 14 15 16 17 18 19 20 21 22 
Execution time: 1682 ms

Elapsed time: 123079 ms


Execution #76/10000

Seed: 76
Estimated max possible cost 365.238203
for path: 
0 1 2 3 4 5 6 7 8 9 10 11 12 13 14 15 16 17 18 19 20 21 22 
Execution time: 1571 ms

Elapsed time: 124650 ms


Execution #77/10000

Seed: 77
Estimated max possible cost 365.238203
for path: 
0 1 2 3 4 5 6 7 8 9 10 11 12 13 14 15 16 17 18 19 20 21 22 
Execution time: 1609 ms

Elapsed time: 126259 ms


Execution #78/10000

Seed: 78
Estimated max possible cost 365.238203
for path: 
0 1 2 3 4 5 6 7 8 9 10 11 12 13 14 15 16 17 18 19 20 21 22 
Execution time: 1647 ms

Elapsed time: 127906 ms


Execution #79/10000

Seed: 79
Estimated max possible cost 365.238203
for path: 
0 1 2 3 4 5 6 7 8 9 10 11 12 13 14 15 16 17 18 19 20 21 22 
Execution time: 1676 ms

Elapsed time: 129582 ms


Execution #80/10000

Seed: 80
Estimated max possible cost 365.238203
for path: 
0 1 2 3 4 5 6 7 8 9 10 11 12 13 14 15 16 17 18 19 20 21 22 
Execution time: 1647 ms

Elapsed time: 131229 ms


Execution #81/10000

Seed: 81
Estimated max possible cost 365.238203
for path: 
0 1 2 3 4 5 6 7 8 9 10 11 12 13 14 15 16 17 18 19 20 21 22 
Execution time: 1719 ms

Elapsed time: 132948 ms


Execution #82/10000

Seed: 82
Estimated max possible cost 365.238203
for path: 
0 1 2 3 4 5 6 7 8 9 10 11 12 13 14 15 16 17 18 19 20 21 22 
Execution time: 1636 ms

Elapsed time: 134584 ms


Execution #83/10000

Seed: 83
Estimated max possible cost 365.238203
for path: 
0 1 2 3 4 5 6 7 8 9 10 11 12 13 14 15 16 17 18 19 20 21 22 
Execution time: 1693 ms

Elapsed time: 136277 ms


Execution #84/10000

Seed: 84
Estimated max possible cost 365.238203
for path: 
0 1 2 3 4 5 6 7 8 9 10 11 12 13 14 15 16 17 18 19 20 21 22 
Execution time: 1580 ms

Elapsed time: 137857 ms


Execution #85/10000

Seed: 85
Estimated max possible cost 365.238203
for path: 
0 1 2 3 4 5 6 7 8 9 10 11 12 13 14 15 16 17 18 19 20 21 22 
Execution time: 1618 ms

Elapsed time: 139475 ms


Execution #86/10000

Seed: 86
Estimated max possible cost 365.238203
for path: 
0 1 2 3 4 5 6 7 8 9 10 11 12 13 14 15 16 17 18 19 20 21 22 
Execution time: 1588 ms

Elapsed time: 141063 ms


Execution #87/10000

Seed: 87
Estimated max possible cost 365.238203
for path: 
0 1 2 3 4 5 6 7 8 9 10 11 12 13 14 15 16 17 18 19 20 21 22 
Execution time: 1652 ms

Elapsed time: 142715 ms


Execution #88/10000

Seed: 88
Estimated max possible cost 365.238203
for path: 
0 1 2 3 4 5 6 7 8 9 10 11 12 13 14 15 16 17 18 19 20 21 22 
Execution time: 1638 ms

Elapsed time: 144353 ms


Execution #89/10000

Seed: 89
Estimated max possible cost 365.238203
for path: 
0 1 2 3 4 5 6 7 8 9 10 11 12 13 14 15 16 17 18 19 20 21 22 
Execution time: 1550 ms

Elapsed time: 145903 ms


Execution #90/10000

Seed: 90
Estimated max possible cost 365.238203
for path: 
0 1 2 3 4 5 6 7 8 9 10 11 12 13 14 15 16 17 18 19 20 21 22 
Execution time: 1674 ms

Elapsed time: 147577 ms


Execution #91/10000

Seed: 91
Estimated max possible cost 365.238203
for path: 
0 1 2 3 4 5 6 7 8 9 10 11 12 13 14 15 16 17 18 19 20 21 22 
Execution time: 1661 ms

Elapsed time: 149238 ms


Execution #92/10000

Seed: 92
Estimated max possible cost 365.238203
for path: 
0 1 2 3 4 5 6 7 8 9 10 11 12 13 14 15 16 17 18 19 20 21 22 
Execution time: 1733 ms

Elapsed time: 150971 ms


Execution #93/10000

Seed: 93
Estimated max possible cost 365.238203
for path: 
0 1 2 3 4 5 6 7 8 9 10 11 12 13 14 15 16 17 18 19 20 21 22 
Execution time: 1664 ms

Elapsed time: 152635 ms


Execution #94/10000

Seed: 94
Estimated max possible cost 365.238203
for path: 
0 1 2 3 4 5 6 7 8 9 10 11 12 13 14 15 16 17 18 19 20 21 22 
Execution time: 1680 ms

Elapsed time: 154315 ms


Execution #95/10000

Seed: 95
Estimated max possible cost 365.238203
for path: 
0 1 2 3 4 5 6 7 8 9 10 11 12 13 14 15 16 17 18 19 20 21 22 
Execution time: 1630 ms

Elapsed time: 155945 ms


Execution #96/10000

Seed: 96
Estimated max possible cost 365.238203
for path: 
0 1 2 3 4 5 6 7 8 9 10 11 12 13 14 15 16 17 18 19 20 21 22 
Execution time: 1618 ms

Elapsed time: 157563 ms


Execution #97/10000

Seed: 97
Estimated max possible cost 365.238203
for path: 
0 1 2 3 4 5 6 7 8 9 10 11 12 13 14 15 16 17 18 19 20 21 22 
Execution time: 1589 ms

Elapsed time: 159152 ms


Execution #98/10000

Seed: 98
Estimated max possible cost 365.238203
for path: 
0 1 2 3 4 5 6 7 8 9 10 11 12 13 14 15 16 17 18 19 20 21 22 
Execution time: 1612 ms

Elapsed time: 160764 ms


Execution #99/10000

Seed: 99
Estimated max possible cost 365.238203
for path: 
0 1 2 3 4 5 6 7 8 9 10 11 12 13 14 15 16 17 18 19 20 21 22 
Execution time: 1577 ms

Elapsed time: 162341 ms


Execution #100/10000

Seed: 100
Estimated max possible cost 365.238203
for path: 
0 1 2 3 4 5 6 7 8 9 10 11 12 13 14 15 16 17 18 19 20 21 22 
Execution time: 1708 ms

Elapsed time: 164049 ms


Execution #101/10000

Seed: 101
Estimated max possible cost 365.238203
for path: 
0 1 2 3 4 5 6 7 8 9 10 11 12 13 14 15 16 17 18 19 20 21 22 
Execution time: 1637 ms

Elapsed time: 165686 ms


Execution #102/10000

Seed: 102
Estimated max possible cost 365.238203
for path: 
0 1 2 3 4 5 6 7 8 9 10 11 12 13 14 15 16 17 18 19 20 21 22 
Execution time: 1647 ms

Elapsed time: 167333 ms


Execution #103/10000

Seed: 103
Estimated max possible cost 365.238203
for path: 
0 1 2 3 4 5 6 7 8 9 10 11 12 13 14 15 16 17 18 19 20 21 22 
Execution time: 1677 ms

Elapsed time: 169010 ms


Execution #104/10000

Seed: 104
Estimated max possible cost 365.238203
for path: 
0 1 2 3 4 5 6 7 8 9 10 11 12 13 14 15 16 17 18 19 20 21 22 
Execution time: 1702 ms

Elapsed time: 170712 ms


Execution #105/10000

Seed: 105
Estimated max possible cost 365.238203
for path: 
0 1 2 3 4 5 6 7 8 9 10 11 12 13 14 15 16 17 18 19 20 21 22 
Execution time: 1602 ms

Elapsed time: 172314 ms


Execution #106/10000

Seed: 106
Estimated max possible cost 365.238203
for path: 
0 1 2 3 4 5 6 7 8 9 10 11 12 13 14 15 16 17 18 19 20 21 22 
Execution time: 1656 ms

Elapsed time: 173970 ms


Execution #107/10000

Seed: 107
Estimated max possible cost 365.238203
for path: 
0 1 2 3 4 5 6 7 8 9 10 11 12 13 14 15 16 17 18 19 20 21 22 
Execution time: 1807 ms

Elapsed time: 175777 ms


Execution #108/10000

Seed: 108
Estimated max possible cost 365.238203
for path: 
0 1 2 3 4 5 6 7 8 9 10 11 12 13 14 15 16 17 18 19 20 21 22 
Execution time: 1678 ms

Elapsed time: 177455 ms


Execution #109/10000

Seed: 109
Estimated max possible cost 365.238203
for path: 
0 1 2 3 4 5 6 7 8 9 10 11 12 13 14 15 16 17 18 19 20 21 22 
Execution time: 1629 ms

Elapsed time: 179084 ms


Execution #110/10000

Seed: 110
Estimated max possible cost 365.238203
for path: 
0 1 2 3 4 5 6 7 8 9 10 11 12 13 14 15 16 17 18 19 20 21 22 
Execution time: 1692 ms

Elapsed time: 180776 ms


Execution #111/10000

Seed: 111
Estimated max possible cost 365.238203
for path: 
0 1 2 3 4 5 6 7 8 9 10 11 12 13 14 15 16 17 18 19 20 21 22 
Execution time: 1704 ms

Elapsed time: 182480 ms


Execution #112/10000

Seed: 112
Estimated max possible cost 365.238203
for path: 
0 1 2 3 4 5 6 7 8 9 10 11 12 13 14 15 16 17 18 19 20 21 22 
Execution time: 1640 ms

Elapsed time: 184120 ms


Execution #113/10000

Seed: 113
Estimated max possible cost 365.238203
for path: 
0 1 2 3 4 5 6 7 8 9 10 11 12 13 14 15 16 17 18 19 20 21 22 
Execution time: 1617 ms

Elapsed time: 185737 ms


Execution #114/10000

Seed: 114
Estimated max possible cost 365.238203
for path: 
0 1 2 3 4 5 6 7 8 9 10 11 12 13 14 15 16 17 18 19 20 21 22 
Execution time: 1792 ms

Elapsed time: 187529 ms


Execution #115/10000

Seed: 115
Estimated max possible cost 365.238203
for path: 
0 1 2 3 4 5 6 7 8 9 10 11 12 13 14 15 16 17 18 19 20 21 22 
Execution time: 1595 ms

Elapsed time: 189124 ms


Execution #116/10000

Seed: 116
Estimated max possible cost 365.238203
for path: 
0 1 2 3 4 5 6 7 8 9 10 11 12 13 14 15 16 17 18 19 20 21 22 
Execution time: 1592 ms

Elapsed time: 190716 ms


Execution #117/10000

Seed: 117
Estimated max possible cost 365.238203
for path: 
0 1 2 3 4 5 6 7 8 9 10 11 12 13 14 15 16 17 18 19 20 21 22 
Execution time: 1631 ms

Elapsed time: 192347 ms


Execution #118/10000

Seed: 118
Estimated max possible cost 365.238203
for path: 
0 1 2 3 4 5 6 7 8 9 10 11 12 13 14 15 16 17 18 19 20 21 22 
Execution time: 1668 ms

Elapsed time: 194015 ms


Execution #119/10000

Seed: 119
Estimated max possible cost 365.238203
for path: 
0 1 2 3 4 5 6 7 8 9 10 11 12 13 14 15 16 17 18 19 20 21 22 
Execution time: 1693 ms

Elapsed time: 195708 ms


Execution #120/10000

Seed: 120
Estimated max possible cost 365.238203
for path: 
0 1 2 3 4 5 6 7 8 9 10 11 12 13 14 15 16 17 18 19 20 21 22 
Execution time: 1665 ms

Elapsed time: 197373 ms


Execution #121/10000

Seed: 121
Estimated max possible cost 365.238203
for path: 
0 1 2 3 4 5 6 7 8 9 10 11 12 13 14 15 16 17 18 19 20 21 22 
Execution time: 1761 ms

Elapsed time: 199134 ms


Execution #122/10000

Seed: 122
Estimated max possible cost 365.238203
for path: 
0 1 2 3 4 5 6 7 8 9 10 11 12 13 14 15 16 17 18 19 20 21 22 
Execution time: 1717 ms

Elapsed time: 200851 ms


Execution #123/10000

Seed: 123
Estimated max possible cost 365.238203
for path: 
0 1 2 3 4 5 6 7 8 9 10 11 12 13 14 15 16 17 18 19 20 21 22 
Execution time: 1725 ms

Elapsed time: 202576 ms


Execution #124/10000

Seed: 124
Estimated max possible cost 365.238203
for path: 
0 1 2 3 4 5 6 7 8 9 10 11 12 13 14 15 16 17 18 19 20 21 22 
Execution time: 1654 ms

Elapsed time: 204230 ms


Execution #125/10000

Seed: 125
Estimated max possible cost 365.238203
for path: 
0 1 2 3 4 5 6 7 8 9 10 11 12 13 14 15 16 17 18 19 20 21 22 
Execution time: 1699 ms

Elapsed time: 205929 ms


Execution #126/10000

Seed: 126
Estimated max possible cost 365.238203
for path: 
0 1 2 3 4 5 6 7 8 9 10 11 12 13 14 15 16 17 18 19 20 21 22 
Execution time: 1582 ms

Elapsed time: 207511 ms


Execution #127/10000

Seed: 127
Estimated max possible cost 365.238203
for path: 
0 1 2 3 4 5 6 7 8 9 10 11 12 13 14 15 16 17 18 19 20 21 22 
Execution time: 1685 ms

Elapsed time: 209196 ms


Execution #128/10000

Seed: 128
Estimated max possible cost 365.238203
for path: 
0 1 2 3 4 5 6 7 8 9 10 11 12 13 14 15 16 17 18 19 20 21 22 
Execution time: 1613 ms

Elapsed time: 210809 ms


Execution #129/10000

Seed: 129
Estimated max possible cost 365.238203
for path: 
0 1 2 3 4 5 6 7 8 9 10 11 12 13 14 15 16 17 18 19 20 21 22 
Execution time: 1632 ms

Elapsed time: 212441 ms


Execution #130/10000

Seed: 130
Estimated max possible cost 365.238203
for path: 
0 1 2 3 4 5 6 7 8 9 10 11 12 13 14 15 16 17 18 19 20 21 22 
Execution time: 1748 ms

Elapsed time: 214189 ms


Execution #131/10000

Seed: 131
Estimated max possible cost 365.238203
for path: 
0 1 2 3 4 5 6 7 8 9 10 11 12 13 14 15 16 17 18 19 20 21 22 
Execution time: 1719 ms

Elapsed time: 215908 ms


Execution #132/10000

Seed: 132
Estimated max possible cost 365.238203
for path: 
0 1 2 3 4 5 6 7 8 9 10 11 12 13 14 15 16 17 18 19 20 21 22 
Execution time: 1615 ms

Elapsed time: 217523 ms


Execution #133/10000

Seed: 133
Estimated max possible cost 365.238203
for path: 
0 1 2 3 4 5 6 7 8 9 10 11 12 13 14 15 16 17 18 19 20 21 22 
Execution time: 1552 ms

Elapsed time: 219075 ms


Execution #134/10000

Seed: 134
Estimated max possible cost 365.238203
for path: 
0 1 2 3 4 5 6 7 8 9 10 11 12 13 14 15 16 17 18 19 20 21 22 
Execution time: 1650 ms

Elapsed time: 220725 ms


Execution #135/10000

Seed: 135
Estimated max possible cost 365.238203
for path: 
0 1 2 3 4 5 6 7 8 9 10 11 12 13 14 15 16 17 18 19 20 21 22 
Execution time: 1493 ms

Elapsed time: 222218 ms


Execution #136/10000

Seed: 136
Estimated max possible cost 365.238203
for path: 
0 1 2 3 4 5 6 7 8 9 10 11 12 13 14 15 16 17 18 19 20 21 22 
Execution time: 1663 ms

Elapsed time: 223881 ms


Execution #137/10000

Seed: 137
Estimated max possible cost 365.238203
for path: 
0 1 2 3 4 5 6 7 8 9 10 11 12 13 14 15 16 17 18 19 20 21 22 
Execution time: 1704 ms

Elapsed time: 225585 ms


Execution #138/10000

Seed: 138
Estimated max possible cost 365.238203
for path: 
0 1 2 3 4 5 6 7 8 9 10 11 12 13 14 15 16 17 18 19 20 21 22 
Execution time: 1688 ms

Elapsed time: 227273 ms


Execution #139/10000

Seed: 139
Estimated max possible cost 365.238203
for path: 
0 1 2 3 4 5 6 7 8 9 10 11 12 13 14 15 16 17 18 19 20 21 22 
Execution time: 1616 ms

Elapsed time: 228889 ms


Execution #140/10000

Seed: 140
Estimated max possible cost 365.238203
for path: 
0 1 2 3 4 5 6 7 8 9 10 11 12 13 14 15 16 17 18 19 20 21 22 
Execution time: 1747 ms

Elapsed time: 230636 ms


Execution #141/10000

Seed: 141
Estimated max possible cost 365.238203
for path: 
0 1 2 3 4 5 6 7 8 9 10 11 12 13 14 15 16 17 18 19 20 21 22 
Execution time: 1750 ms

Elapsed time: 232386 ms


Execution #142/10000

Seed: 142
Estimated max possible cost 365.238203
for path: 
0 1 2 3 4 5 6 7 8 9 10 11 12 13 14 15 16 17 18 19 20 21 22 
Execution time: 1677 ms

Elapsed time: 234063 ms


Execution #143/10000

Seed: 143
Estimated max possible cost 365.238203
for path: 
0 1 2 3 4 5 6 7 8 9 10 11 12 13 14 15 16 17 18 19 20 21 22 
Execution time: 1521 ms

Elapsed time: 235584 ms


Execution #144/10000

Seed: 144
Estimated max possible cost 365.238203
for path: 
0 1 2 3 4 5 6 7 8 9 10 11 12 13 14 15 16 17 18 19 20 21 22 
Execution time: 1658 ms

Elapsed time: 237242 ms


Execution #145/10000

Seed: 145
Estimated max possible cost 365.238203
for path: 
0 1 2 3 4 5 6 7 8 9 10 11 12 13 14 15 16 17 18 19 20 21 22 
Execution time: 1742 ms

Elapsed time: 238984 ms


Execution #146/10000

Seed: 146
Estimated max possible cost 365.238203
for path: 
0 1 2 3 4 5 6 7 8 9 10 11 12 13 14 15 16 17 18 19 20 21 22 
Execution time: 1672 ms

Elapsed time: 240656 ms


Execution #147/10000

Seed: 147
Estimated max possible cost 365.238203
for path: 
0 1 2 3 4 5 6 7 8 9 10 11 12 13 14 15 16 17 18 19 20 21 22 
Execution time: 1631 ms

Elapsed time: 242287 ms


Execution #148/10000

Seed: 148
Estimated max possible cost 365.238203
for path: 
0 1 2 3 4 5 6 7 8 9 10 11 12 13 14 15 16 17 18 19 20 21 22 
Execution time: 1690 ms

Elapsed time: 243977 ms


Execution #149/10000

Seed: 149
Estimated max possible cost 365.238203
for path: 
0 1 2 3 4 5 6 7 8 9 10 11 12 13 14 15 16 17 18 19 20 21 22 
Execution time: 1703 ms

Elapsed time: 245680 ms


Execution #150/10000

Seed: 150
Estimated max possible cost 365.238203
for path: 
0 1 2 3 4 5 6 7 8 9 10 11 12 13 14 15 16 17 18 19 20 21 22 
Execution time: 1727 ms

Elapsed time: 247407 ms


Execution #151/10000

Seed: 151
Estimated max possible cost 365.238203
for path: 
0 1 2 3 4 5 6 7 8 9 10 11 12 13 14 15 16 17 18 19 20 21 22 
Execution time: 1540 ms

