Solving SHP


Execution #1/10000

Seed: 1
Estimated max possible cost 367.778203
for path: 
0 1 2 3 4 5 6 7 8 9 10 11 12 13 14 15 16 17 18 19 20 21 22 23 
Memory needed for path: 68212848 locs, for costs: 59907456 locs.
Desired precision: 1e+12
Mem constraint for cost_t: 64 bits
Rounded to pow of 2 bytes mem constraint (capped at 64bits) for cost_t: 64 bits
Bits needed for an int to preserve precision: 49
Bits used per cost_t: 49
Selected cost_t = (u)int64_t
Solving with cost_t = y
Memory [GB] needed: 0.509873
Distances:
0, 5.08, 242.54, 232.423, 228.124, 218.013, 212.172, 212.044, 211.947, 211.88, 211.843, 211.837, 211.862, 211.917, 212.002, 212.117, 212.263, 212.44, 212.646, 212.882, 213.149, 196.958, 196.821, 196.716, 
5.08, 0, 247.599, 237.481, 233.181, 223.068, 217.244, 217.119, 217.024, 216.959, 216.923, 216.917, 216.941, 216.995, 217.078, 217.191, 217.333, 217.505, 217.707, 217.938, 218.198, 202.029, 201.895, 201.793, 
242.54, 247.599, 0, 10.16, 14.478, 24.638, 31.3255, 32.219, 33.2827, 34.501, 35.8581, 37.3389, 38.9292, 40.6162, 42.3883, 44.2354, 46.1484, 48.1194, 50.1417, 52.2092, 54.3168, 46.0364, 46.649, 47.3899, 
232.423, 237.481, 10.16, 0, 4.318, 14.478, 21.9236, 23.1823, 24.6393, 26.2617, 28.0207, 29.8922, 31.8565, 33.8973, 36.0018, 38.1592, 40.3612, 42.6009, 44.8725, 47.1716, 49.4942, 36.1805, 36.9568, 37.8877, 
228.124, 233.181, 14.478, 4.318, 0, 10.16, 18.1765, 19.6764, 21.3738, 23.2254, 25.1973, 27.2633, 29.4037, 31.6034, 33.8507, 36.1368, 38.4548, 40.7992, 43.1658, 45.5511, 47.9522, 32.0493, 32.9231, 33.9648, 
218.013, 223.068, 24.638, 14.478, 10.16, 0, 11.1326, 13.4428, 15.8236, 18.2474, 20.6991, 23.1698, 25.654, 28.1482, 30.6499, 33.1575, 35.6696, 38.1854, 40.7042, 43.2255, 45.7489, 22.606, 23.8287, 25.2484, 
212.172, 217.244, 31.3255, 21.9236, 18.1765, 11.1326, 0, 2.54, 5.08, 7.62, 10.16, 12.7, 15.24, 17.78, 20.32, 22.86, 25.4, 27.94, 30.48, 33.02, 35.56, 15.24, 15.4502, 16.0644, 
212.044, 217.119, 32.219, 23.1823, 19.6764, 13.4428, 2.54, 0, 2.54, 5.08, 7.62, 10.16, 12.7, 15.24, 17.78, 20.32, 22.86, 25.4, 27.94, 30.48, 33.02, 15.4502, 15.24, 15.4502, 
211.947, 217.024, 33.2827, 24.6393, 21.3738, 15.8236, 5.08, 2.54, 0, 2.54, 5.08, 7.62, 10.16, 12.7, 15.24, 17.78, 20.32, 22.86, 25.4, 27.94, 30.48, 16.0644, 15.4502, 15.24, 
211.88, 216.959, 34.501, 26.2617, 23.2254, 18.2474, 7.62, 5.08, 2.54, 0, 2.54, 5.08, 7.62, 10.16, 12.7, 15.24, 17.78, 20.32, 22.86, 25.4, 27.94, 17.0388, 16.0644, 15.4502, 
211.843, 216.923, 35.8581, 28.0207, 25.1973, 20.6991, 10.16, 7.62, 5.08, 2.54, 0, 2.54, 5.08, 7.62, 10.16, 12.7, 15.24, 17.78, 20.32, 22.86, 25.4, 18.3162, 17.0388, 16.0644, 
211.837, 216.917, 37.3389, 29.8922, 27.2633, 23.1698, 12.7, 10.16, 7.62, 5.08, 2.54, 0, 2.54, 5.08, 7.62, 10.16, 12.7, 15.24, 17.78, 20.32, 22.86, 19.838, 18.3162, 17.0388, 
211.862, 216.941, 38.9292, 31.8565, 29.4037, 25.654, 15.24, 12.7, 10.16, 7.62, 5.08, 2.54, 0, 2.54, 5.08, 7.62, 10.16, 12.7, 15.24, 17.78, 20.32, 21.5526, 19.838, 18.3162, 
211.917, 216.995, 40.6162, 33.8973, 31.6034, 28.1482, 17.78, 15.24, 12.7, 10.16, 7.62, 5.08, 2.54, 0, 2.54, 5.08, 7.62, 10.16, 12.7, 15.24, 17.78, 23.4176, 21.5526, 19.838, 
212.002, 217.078, 42.3883, 36.0018, 33.8507, 30.6499, 20.32, 17.78, 15.24, 12.7, 10.16, 7.62, 5.08, 2.54, 0, 2.54, 5.08, 7.62, 10.16, 12.7, 15.24, 25.4, 23.4176, 21.5526, 
212.117, 217.191, 44.2354, 38.1592, 36.1368, 33.1575, 22.86, 20.32, 17.78, 15.24, 12.7, 10.16, 7.62, 5.08, 2.54, 0, 2.54, 5.08, 7.62, 10.16, 12.7, 27.4743, 25.4, 23.4176, 
212.263, 217.333, 46.1484, 40.3612, 38.4548, 35.6696, 25.4, 22.86, 20.32, 17.78, 15.24, 12.7, 10.16, 7.62, 5.08, 2.54, 0, 2.54, 5.08, 7.62, 10.16, 29.6212, 27.4743, 25.4, 
212.44, 217.505, 48.1194, 42.6009, 40.7992, 38.1854, 27.94, 25.4, 22.86, 20.32, 17.78, 15.24, 12.7, 10.16, 7.62, 5.08, 2.54, 0, 2.54, 5.08, 7.62, 31.8261, 29.6212, 27.4743, 
212.646, 217.707, 50.1417, 44.8725, 43.1658, 40.7042, 30.48, 27.94, 25.4, 22.86, 20.32, 17.78, 15.24, 12.7, 10.16, 7.62, 5.08, 2.54, 0, 2.54, 5.08, 34.0777, 31.8261, 29.6212, 
212.882, 217.938, 52.2092, 47.1716, 45.5511, 43.2255, 33.02, 30.48, 27.94, 25.4, 22.86, 20.32, 17.78, 15.24, 12.7, 10.16, 7.62, 5.08, 2.54, 0, 2.54, 36.3673, 34.0777, 31.8261, 
213.149, 218.198, 54.3168, 49.4942, 47.9522, 45.7489, 35.56, 33.02, 30.48, 27.94, 25.4, 22.86, 20.32, 17.78, 15.24, 12.7, 10.16, 7.62, 5.08, 2.54, 0, 38.6881, 36.3673, 34.0777, 
196.958, 202.029, 46.0364, 36.1805, 32.0493, 22.606, 15.24, 15.4502, 16.0644, 17.0388, 18.3162, 19.838, 21.5526, 23.4176, 25.4, 27.4743, 29.6212, 31.8261, 34.0777, 36.3673, 38.6881, 0, 2.54, 5.08, 
196.821, 201.895, 46.649, 36.9568, 32.9231, 23.8287, 15.4502, 15.24, 15.4502, 16.0644, 17.0388, 18.3162, 19.838, 21.5526, 23.4176, 25.4, 27.4743, 29.6212, 31.8261, 34.0777, 36.3673, 2.54, 0, 2.54, 
196.716, 201.793, 47.3899, 37.8877, 33.9648, 25.2484, 16.0644, 15.4502, 15.24, 15.4502, 16.0644, 17.0388, 18.3162, 19.838, 21.5526, 23.4176, 25.4, 27.4743, 29.6212, 31.8261, 34.0777, 5.08, 2.54, 0, 
Scaled Distances:
0, 1.40554e+17, 1.32806e+19, 1.27208e+19, 1.2483e+19, 1.19234e+19, 1.16002e+19, 1.15932e+19, 1.15878e+19, 1.15841e+19, 1.1582e+19, 1.15817e+19, 1.1583e+19, 1.15861e+19, 1.15908e+19, 1.15972e+19, 1.16053e+19, 1.1615e+19, 1.16264e+19, 1.16395e+19, 1.16543e+19, 1.07583e+19, 1.07507e+19, 1.07449e+19, 
1.40554e+17, 0, 1.35606e+19, 1.30007e+19, 1.27628e+19, 1.22032e+19, 1.18809e+19, 1.1874e+19, 1.18687e+19, 1.18651e+19, 1.18631e+19, 1.18628e+19, 1.18641e+19, 1.18671e+19, 1.18717e+19, 1.18779e+19, 1.18858e+19, 1.18953e+19, 1.19065e+19, 1.19193e+19, 1.19337e+19, 1.10389e+19, 1.10315e+19, 1.10259e+19, 
1.32806e+19, 1.35606e+19, 0, 4.21661e+17, 6.60602e+17, 1.22282e+18, 1.59288e+18, 1.64232e+18, 1.70118e+18, 1.7686e+18, 1.84369e+18, 1.92563e+18, 2.01364e+18, 2.10699e+18, 2.20505e+18, 2.30726e+18, 2.41312e+18, 2.52219e+18, 2.63409e+18, 2.7485e+18, 2.86513e+18, 2.40692e+18, 2.44082e+18, 2.48182e+18, 
1.27208e+19, 1.30007e+19, 4.21661e+17, 0, 9.83876e+16, 6.60602e+17, 1.07261e+18, 1.14226e+18, 1.22289e+18, 1.31267e+18, 1.41e+18, 1.51357e+18, 1.62226e+18, 1.73519e+18, 1.85164e+18, 1.97103e+18, 2.09288e+18, 2.21681e+18, 2.34252e+18, 2.46974e+18, 2.59826e+18, 1.86154e+18, 1.90449e+18, 1.95601e+18, 
1.2483e+19, 1.27628e+19, 6.60602e+17, 9.83876e+16, 0, 4.21661e+17, 8.65265e+17, 9.48261e+17, 1.04219e+18, 1.14465e+18, 1.25376e+18, 1.36809e+18, 1.48653e+18, 1.60825e+18, 1.73261e+18, 1.85912e+18, 1.98738e+18, 2.11712e+18, 2.24807e+18, 2.38006e+18, 2.51293e+18, 1.63293e+18, 1.68128e+18, 1.73893e+18, 
1.19234e+19, 1.22032e+19, 1.22282e+18, 6.60602e+17, 4.21661e+17, 0, 4.75482e+17, 6.03319e+17, 7.35063e+17, 8.69186e+17, 1.00485e+18, 1.14157e+18, 1.27904e+18, 1.41706e+18, 1.55549e+18, 1.69425e+18, 1.83326e+18, 1.97248e+18, 2.11186e+18, 2.25138e+18, 2.39101e+18, 1.11037e+18, 1.17803e+18, 1.2566e+18, 
1.16002e+19, 1.18809e+19, 1.59288e+18, 1.07261e+18, 8.65265e+17, 4.75482e+17, 0, 393, 1.40554e+17, 2.81107e+17, 4.21661e+17, 5.62215e+17, 7.02769e+17, 8.43322e+17, 9.83876e+17, 1.12443e+18, 1.26498e+18, 1.40554e+18, 1.54609e+18, 1.68664e+18, 1.8272e+18, 7.02769e+17, 7.14401e+17, 7.48386e+17, 
1.15932e+19, 1.1874e+19, 1.64232e+18, 1.14226e+18, 9.48261e+17, 6.03319e+17, 393, 0, 393, 1.40554e+17, 2.81107e+17, 4.21661e+17, 5.62215e+17, 7.02769e+17, 8.43322e+17, 9.83876e+17, 1.12443e+18, 1.26498e+18, 1.40554e+18, 1.54609e+18, 1.68664e+18, 7.14401e+17, 7.02769e+17, 7.14401e+17, 
1.15878e+19, 1.18687e+19, 1.70118e+18, 1.22289e+18, 1.04219e+18, 7.35063e+17, 1.40554e+17, 393, 0, 393, 1.40554e+17, 2.81107e+17, 4.21661e+17, 5.62215e+17, 7.02769e+17, 8.43322e+17, 9.83876e+17, 1.12443e+18, 1.26498e+18, 1.40554e+18, 1.54609e+18, 7.48386e+17, 7.14401e+17, 7.02769e+17, 
1.15841e+19, 1.18651e+19, 1.7686e+18, 1.31267e+18, 1.14465e+18, 8.69186e+17, 2.81107e+17, 1.40554e+17, 393, 0, 393, 1.40554e+17, 2.81107e+17, 4.21661e+17, 5.62215e+17, 7.02769e+17, 8.43322e+17, 9.83876e+17, 1.12443e+18, 1.26498e+18, 1.40554e+18, 8.02309e+17, 7.48386e+17, 7.14401e+17, 
1.1582e+19, 1.18631e+19, 1.84369e+18, 1.41e+18, 1.25376e+18, 1.00485e+18, 4.21661e+17, 2.81107e+17, 1.40554e+17, 393, 0, 393, 1.40554e+17, 2.81107e+17, 4.21661e+17, 5.62215e+17, 7.02769e+17, 8.43322e+17, 9.83876e+17, 1.12443e+18, 1.26498e+18, 8.72993e+17, 8.02309e+17, 7.48386e+17, 
1.15817e+19, 1.18628e+19, 1.92563e+18, 1.51357e+18, 1.36809e+18, 1.14157e+18, 5.62215e+17, 4.21661e+17, 2.81107e+17, 1.40554e+17, 393, 0, 393, 1.40554e+17, 2.81107e+17, 4.21661e+17, 5.62215e+17, 7.02769e+17, 8.43322e+17, 9.83876e+17, 1.12443e+18, 9.57206e+17, 8.72993e+17, 8.02309e+17, 
1.1583e+19, 1.18641e+19, 2.01364e+18, 1.62226e+18, 1.48653e+18, 1.27904e+18, 7.02769e+17, 5.62215e+17, 4.21661e+17, 2.81107e+17, 1.40554e+17, 393, 0, 786, 1.40554e+17, 2.81107e+17, 4.21661e+17, 5.62215e+17, 7.02769e+17, 8.43322e+17, 9.83876e+17, 1.05208e+18, 9.57206e+17, 8.72993e+17, 
1.15861e+19, 1.18671e+19, 2.10699e+18, 1.73519e+18, 1.60825e+18, 1.41706e+18, 8.43322e+17, 7.02769e+17, 5.62215e+17, 4.21661e+17, 2.81107e+17, 1.40554e+17, 786, 0, 393, 1.40554e+17, 2.81107e+17, 4.21661e+17, 5.62215e+17, 7.02769e+17, 8.43322e+17, 1.15529e+18, 1.05208e+18, 9.57206e+17, 
1.15908e+19, 1.18717e+19, 2.20505e+18, 1.85164e+18, 1.73261e+18, 1.55549e+18, 9.83876e+17, 8.43322e+17, 7.02769e+17, 5.62215e+17, 4.21661e+17, 2.81107e+17, 1.40554e+17, 393, 0, 0, 1.40554e+17, 2.81107e+17, 4.21661e+17, 5.62215e+17, 7.02769e+17, 1.26498e+18, 1.15529e+18, 1.05208e+18, 
1.15972e+19, 1.18779e+19, 2.30726e+18, 1.97103e+18, 1.85912e+18, 1.69425e+18, 1.12443e+18, 9.83876e+17, 8.43322e+17, 7.02769e+17, 5.62215e+17, 4.21661e+17, 2.81107e+17, 1.40554e+17, 0, 0, 786, 1.40554e+17, 2.81107e+17, 4.21661e+17, 5.62215e+17, 1.37977e+18, 1.26498e+18, 1.15529e+18, 
1.16053e+19, 1.18858e+19, 2.41312e+18, 2.09288e+18, 1.98738e+18, 1.83326e+18, 1.26498e+18, 1.12443e+18, 9.83876e+17, 8.43322e+17, 7.02769e+17, 5.62215e+17, 4.21661e+17, 2.81107e+17, 1.40554e+17, 786, 0, 786, 1.40554e+17, 2.81107e+17, 4.21661e+17, 1.49857e+18, 1.37977e+18, 1.26498e+18, 
1.1615e+19, 1.18953e+19, 2.52219e+18, 2.21681e+18, 2.11712e+18, 1.97248e+18, 1.40554e+18, 1.26498e+18, 1.12443e+18, 9.83876e+17, 8.43322e+17, 7.02769e+17, 5.62215e+17, 4.21661e+17, 2.81107e+17, 1.40554e+17, 786, 0, 0, 1.40554e+17, 2.81107e+17, 1.62058e+18, 1.49857e+18, 1.37977e+18, 
1.16264e+19, 1.19065e+19, 2.63409e+18, 2.34252e+18, 2.24807e+18, 2.11186e+18, 1.54609e+18, 1.40554e+18, 1.26498e+18, 1.12443e+18, 9.83876e+17, 8.43322e+17, 7.02769e+17, 5.62215e+17, 4.21661e+17, 2.81107e+17, 1.40554e+17, 0, 0, 786, 1.40554e+17, 1.74517e+18, 1.62058e+18, 1.49857e+18, 
1.16395e+19, 1.19193e+19, 2.7485e+18, 2.46974e+18, 2.38006e+18, 2.25138e+18, 1.68664e+18, 1.54609e+18, 1.40554e+18, 1.26498e+18, 1.12443e+18, 9.83876e+17, 8.43322e+17, 7.02769e+17, 5.62215e+17, 4.21661e+17, 2.81107e+17, 1.40554e+17, 786, 0, 0, 1.87187e+18, 1.74517e+18, 1.62058e+18, 
1.16543e+19, 1.19337e+19, 2.86513e+18, 2.59826e+18, 2.51293e+18, 2.39101e+18, 1.8272e+18, 1.68664e+18, 1.54609e+18, 1.40554e+18, 1.26498e+18, 1.12443e+18, 9.83876e+17, 8.43322e+17, 7.02769e+17, 5.62215e+17, 4.21661e+17, 2.81107e+17, 1.40554e+17, 0, 0, 2.0003e+18, 1.87187e+18, 1.74517e+18, 
1.07583e+19, 1.10389e+19, 2.40692e+18, 1.86154e+18, 1.63293e+18, 1.11037e+18, 7.02769e+17, 7.14401e+17, 7.48386e+17, 8.02309e+17, 8.72993e+17, 9.57206e+17, 1.05208e+18, 1.15529e+18, 1.26498e+18, 1.37977e+18, 1.49857e+18, 1.62058e+18, 1.74517e+18, 1.87187e+18, 2.0003e+18, 0, 393, 1.40554e+17, 
1.07507e+19, 1.10315e+19, 2.44082e+18, 1.90449e+18, 1.68128e+18, 1.17803e+18, 7.14401e+17, 7.02769e+17, 7.14401e+17, 7.48386e+17, 8.02309e+17, 8.72993e+17, 9.57206e+17, 1.05208e+18, 1.15529e+18, 1.26498e+18, 1.37977e+18, 1.49857e+18, 1.62058e+18, 1.74517e+18, 1.87187e+18, 393, 0, 393, 
1.07449e+19, 1.10259e+19, 2.48182e+18, 1.95601e+18, 1.73893e+18, 1.2566e+18, 7.48386e+17, 7.14401e+17, 7.02769e+17, 7.14401e+17, 7.48386e+17, 8.02309e+17, 8.72993e+17, 9.57206e+17, 1.05208e+18, 1.15529e+18, 1.26498e+18, 1.37977e+18, 1.49857e+18, 1.62058e+18, 1.74517e+18, 1.40554e+17, 393, 0, 
Optimal total distance (scaled) for 24 points: 1.40613e+19
Optimal total distance for 24 points: 312.526421
Corresponding path (0-indexed):
Point #2
Point #3
Point #4
Point #5
Point #6
Point #7
Point #8
Point #9
Point #10
Point #11
Point #12
Point #13
Point #14
Point #15
Point #16
Point #17
Point #18
Point #19
Point #20
Point #23
Point #22
Point #21
Point #0
Point #1
Execution time: 3480 ms

Elapsed time: 3480 ms


Execution #2/10000

Seed: 2
Estimated max possible cost 367.778203
for path: 
0 1 2 3 4 5 6 7 8 9 10 11 12 13 14 15 16 17 18 19 20 21 22 23 
Execution time: 3398 ms

Elapsed time: 6878 ms


Execution #3/10000

Seed: 3
Estimated max possible cost 367.778203
for path: 
0 1 2 3 4 5 6 7 8 9 10 11 12 13 14 15 16 17 18 19 20 21 22 23 
Execution time: 3197 ms

Elapsed time: 10075 ms


Execution #4/10000

Seed: 4
Estimated max possible cost 367.778203
for path: 
0 1 2 3 4 5 6 7 8 9 10 11 12 13 14 15 16 17 18 19 20 21 22 23 
Execution time: 3484 ms

Elapsed time: 13559 ms


Execution #5/10000

Seed: 5
Estimated max possible cost 367.778203
for path: 
0 1 2 3 4 5 6 7 8 9 10 11 12 13 14 15 16 17 18 19 20 21 22 23 
Execution time: 3328 ms

Elapsed time: 16887 ms


Execution #6/10000

Seed: 6
Estimated max possible cost 367.778203
for path: 
0 1 2 3 4 5 6 7 8 9 10 11 12 13 14 15 16 17 18 19 20 21 22 23 
Execution time: 3289 ms

Elapsed time: 20176 ms


Execution #7/10000

Seed: 7
Estimated max possible cost 367.778203
for path: 
0 1 2 3 4 5 6 7 8 9 10 11 12 13 14 15 16 17 18 19 20 21 22 23 
Execution time: 3076 ms

Elapsed time: 23252 ms


Execution #8/10000

Seed: 8
Estimated max possible cost 367.778203
for path: 
0 1 2 3 4 5 6 7 8 9 10 11 12 13 14 15 16 17 18 19 20 21 22 23 
Execution time: 3293 ms

Elapsed time: 26545 ms


Execution #9/10000

Seed: 9
Estimated max possible cost 367.778203
for path: 
0 1 2 3 4 5 6 7 8 9 10 11 12 13 14 15 16 17 18 19 20 21 22 23 
Execution time: 3034 ms

Elapsed time: 29579 ms


Execution #10/10000

Seed: 10
Estimated max possible cost 367.778203
for path: 
0 1 2 3 4 5 6 7 8 9 10 11 12 13 14 15 16 17 18 19 20 21 22 23 
Execution time: 3166 ms

Elapsed time: 32745 ms


Execution #11/10000

Seed: 11
Estimated max possible cost 367.778203
for path: 
0 1 2 3 4 5 6 7 8 9 10 11 12 13 14 15 16 17 18 19 20 21 22 23 
Execution time: 3284 ms

Elapsed time: 36029 ms


Execution #12/10000

Seed: 12
Estimated max possible cost 367.778203
for path: 
0 1 2 3 4 5 6 7 8 9 10 11 12 13 14 15 16 17 18 19 20 21 22 23 
Execution time: 3183 ms

Elapsed time: 39212 ms


Execution #13/10000

Seed: 13
Estimated max possible cost 367.778203
for path: 
0 1 2 3 4 5 6 7 8 9 10 11 12 13 14 15 16 17 18 19 20 21 22 23 
Execution time: 3237 ms

Elapsed time: 42449 ms


Execution #14/10000

Seed: 14
Estimated max possible cost 367.778203
for path: 
0 1 2 3 4 5 6 7 8 9 10 11 12 13 14 15 16 17 18 19 20 21 22 23 
Execution time: 3458 ms

Elapsed time: 45907 ms


Execution #15/10000

Seed: 15
Estimated max possible cost 367.778203
for path: 
0 1 2 3 4 5 6 7 8 9 10 11 12 13 14 15 16 17 18 19 20 21 22 23 
Execution time: 3269 ms

Elapsed time: 49176 ms


Execution #16/10000

Seed: 16
Estimated max possible cost 367.778203
for path: 
0 1 2 3 4 5 6 7 8 9 10 11 12 13 14 15 16 17 18 19 20 21 22 23 
Execution time: 3386 ms

Elapsed time: 52562 ms


Execution #17/10000

Seed: 17
Estimated max possible cost 367.778203
for path: 
0 1 2 3 4 5 6 7 8 9 10 11 12 13 14 15 16 17 18 19 20 21 22 23 
Execution time: 3355 ms

Elapsed time: 55917 ms


Execution #18/10000

Seed: 18
Estimated max possible cost 367.778203
for path: 
0 1 2 3 4 5 6 7 8 9 10 11 12 13 14 15 16 17 18 19 20 21 22 23 
Execution time: 3201 ms

Elapsed time: 59118 ms


Execution #19/10000

Seed: 19
Estimated max possible cost 367.778203
for path: 
0 1 2 3 4 5 6 7 8 9 10 11 12 13 14 15 16 17 18 19 20 21 22 23 
Execution time: 3318 ms

Elapsed time: 62436 ms


Execution #20/10000

Seed: 20
Estimated max possible cost 367.778203
for path: 
0 1 2 3 4 5 6 7 8 9 10 11 12 13 14 15 16 17 18 19 20 21 22 23 
Execution time: 3302 ms

Elapsed time: 65738 ms


Execution #21/10000

Seed: 21
Estimated max possible cost 367.778203
for path: 
0 1 2 3 4 5 6 7 8 9 10 11 12 13 14 15 16 17 18 19 20 21 22 23 
Execution time: 3365 ms

Elapsed time: 69103 ms


Execution #22/10000

Seed: 22
Estimated max possible cost 367.778203
for path: 
0 1 2 3 4 5 6 7 8 9 10 11 12 13 14 15 16 17 18 19 20 21 22 23 
Execution time: 3302 ms

Elapsed time: 72405 ms


Execution #23/10000

Seed: 23
Estimated max possible cost 367.778203
for path: 
0 1 2 3 4 5 6 7 8 9 10 11 12 13 14 15 16 17 18 19 20 21 22 23 
Execution time: 3197 ms

Elapsed time: 75602 ms


Execution #24/10000

Seed: 24
Estimated max possible cost 367.778203
for path: 
0 1 2 3 4 5 6 7 8 9 10 11 12 13 14 15 16 17 18 19 20 21 22 23 
Execution time: 3307 ms

Elapsed time: 78909 ms


Execution #25/10000

Seed: 25
Estimated max possible cost 367.778203
for path: 
0 1 2 3 4 5 6 7 8 9 10 11 12 13 14 15 16 17 18 19 20 21 22 23 
Execution time: 3106 ms

Elapsed time: 82015 ms


Execution #26/10000

Seed: 26
Estimated max possible cost 367.778203
for path: 
0 1 2 3 4 5 6 7 8 9 10 11 12 13 14 15 16 17 18 19 20 21 22 23 
Execution time: 3253 ms

Elapsed time: 85268 ms


Execution #27/10000

Seed: 27
Estimated max possible cost 367.778203
for path: 
0 1 2 3 4 5 6 7 8 9 10 11 12 13 14 15 16 17 18 19 20 21 22 23 
Execution time: 3324 ms

Elapsed time: 88592 ms


Execution #28/10000

Seed: 28
Estimated max possible cost 367.778203
for path: 
0 1 2 3 4 5 6 7 8 9 10 11 12 13 14 15 16 17 18 19 20 21 22 23 
Execution time: 3288 ms

Elapsed time: 91880 ms


Execution #29/10000

Seed: 29
Estimated max possible cost 367.778203
for path: 
0 1 2 3 4 5 6 7 8 9 10 11 12 13 14 15 16 17 18 19 20 21 22 23 
Execution time: 3076 ms

Elapsed time: 94956 ms


Execution #30/10000

Seed: 30
Estimated max possible cost 367.778203
for path: 
0 1 2 3 4 5 6 7 8 9 10 11 12 13 14 15 16 17 18 19 20 21 22 23 
Execution time: 3308 ms

Elapsed time: 98264 ms


Execution #31/10000

Seed: 31
Estimated max possible cost 367.778203
for path: 
0 1 2 3 4 5 6 7 8 9 10 11 12 13 14 15 16 17 18 19 20 21 22 23 
Execution time: 3220 ms

Elapsed time: 101484 ms


Execution #32/10000

Seed: 32
Estimated max possible cost 367.778203
for path: 
0 1 2 3 4 5 6 7 8 9 10 11 12 13 14 15 16 17 18 19 20 21 22 23 
Execution time: 3391 ms

Elapsed time: 104875 ms


Execution #33/10000

Seed: 33
Estimated max possible cost 367.778203
for path: 
0 1 2 3 4 5 6 7 8 9 10 11 12 13 14 15 16 17 18 19 20 21 22 23 
Execution time: 3239 ms

Elapsed time: 108114 ms


Execution #34/10000

Seed: 34
Estimated max possible cost 367.778203
for path: 
0 1 2 3 4 5 6 7 8 9 10 11 12 13 14 15 16 17 18 19 20 21 22 23 
Execution time: 3531 ms

Elapsed time: 111645 ms


Execution #35/10000

Seed: 35
Estimated max possible cost 367.778203
for path: 
0 1 2 3 4 5 6 7 8 9 10 11 12 13 14 15 16 17 18 19 20 21 22 23 
Execution time: 3261 ms

Elapsed time: 114906 ms


Execution #36/10000

Seed: 36
Estimated max possible cost 367.778203
for path: 
0 1 2 3 4 5 6 7 8 9 10 11 12 13 14 15 16 17 18 19 20 21 22 23 
Execution time: 3243 ms

Elapsed time: 118149 ms


Execution #37/10000

Seed: 37
Estimated max possible cost 367.778203
for path: 
0 1 2 3 4 5 6 7 8 9 10 11 12 13 14 15 16 17 18 19 20 21 22 23 
Execution time: 3309 ms

Elapsed time: 121458 ms


Execution #38/10000

Seed: 38
Estimated max possible cost 367.778203
for path: 
0 1 2 3 4 5 6 7 8 9 10 11 12 13 14 15 16 17 18 19 20 21 22 23 
Execution time: 3329 ms

Elapsed time: 124787 ms


Execution #39/10000

Seed: 39
Estimated max possible cost 367.778203
for path: 
0 1 2 3 4 5 6 7 8 9 10 11 12 13 14 15 16 17 18 19 20 21 22 23 
Execution time: 3298 ms

Elapsed time: 128085 ms


Execution #40/10000

Seed: 40
Estimated max possible cost 367.778203
for path: 
0 1 2 3 4 5 6 7 8 9 10 11 12 13 14 15 16 17 18 19 20 21 22 23 
Execution time: 3292 ms

Elapsed time: 131377 ms


Execution #41/10000

Seed: 41
Estimated max possible cost 367.778203
for path: 
0 1 2 3 4 5 6 7 8 9 10 11 12 13 14 15 16 17 18 19 20 21 22 23 
Execution time: 3314 ms

Elapsed time: 134691 ms


Execution #42/10000

Seed: 42
Estimated max possible cost 367.778203
for path: 
0 1 2 3 4 5 6 7 8 9 10 11 12 13 14 15 16 17 18 19 20 21 22 23 
Execution time: 3343 ms

Elapsed time: 138034 ms


Execution #43/10000

Seed: 43
Estimated max possible cost 367.778203
for path: 
0 1 2 3 4 5 6 7 8 9 10 11 12 13 14 15 16 17 18 19 20 21 22 23 
Execution time: 3241 ms

Elapsed time: 141275 ms


Execution #44/10000

Seed: 44
Estimated max possible cost 367.778203
for path: 
0 1 2 3 4 5 6 7 8 9 10 11 12 13 14 15 16 17 18 19 20 21 22 23 
Execution time: 3237 ms

Elapsed time: 144512 ms


Execution #45/10000

Seed: 45
Estimated max possible cost 367.778203
for path: 
0 1 2 3 4 5 6 7 8 9 10 11 12 13 14 15 16 17 18 19 20 21 22 23 
Execution time: 3140 ms

Elapsed time: 147652 ms


Execution #46/10000

Seed: 46
Estimated max possible cost 367.778203
for path: 
0 1 2 3 4 5 6 7 8 9 10 11 12 13 14 15 16 17 18 19 20 21 22 23 
Execution time: 3375 ms

Elapsed time: 151027 ms


Execution #47/10000

Seed: 47
Estimated max possible cost 367.778203
for path: 
0 1 2 3 4 5 6 7 8 9 10 11 12 13 14 15 16 17 18 19 20 21 22 23 
Execution time: 3306 ms

Elapsed time: 154333 ms


Execution #48/10000

Seed: 48
Estimated max possible cost 367.778203
for path: 
0 1 2 3 4 5 6 7 8 9 10 11 12 13 14 15 16 17 18 19 20 21 22 23 
Execution time: 3244 ms

Elapsed time: 157577 ms


Execution #49/10000

Seed: 49
Estimated max possible cost 367.778203
for path: 
0 1 2 3 4 5 6 7 8 9 10 11 12 13 14 15 16 17 18 19 20 21 22 23 
Execution time: 3292 ms

Elapsed time: 160869 ms


Execution #50/10000

Seed: 50
Estimated max possible cost 367.778203
for path: 
0 1 2 3 4 5 6 7 8 9 10 11 12 13 14 15 16 17 18 19 20 21 22 23 
Execution time: 3253 ms

Elapsed time: 164122 ms


Execution #51/10000

Seed: 51
Estimated max possible cost 367.778203
for path: 
0 1 2 3 4 5 6 7 8 9 10 11 12 13 14 15 16 17 18 19 20 21 22 23 
Execution time: 3233 ms

Elapsed time: 167355 ms


Execution #52/10000

Seed: 52
Estimated max possible cost 367.778203
for path: 
0 1 2 3 4 5 6 7 8 9 10 11 12 13 14 15 16 17 18 19 20 21 22 23 
Execution time: 3308 ms

Elapsed time: 170663 ms


Execution #53/10000

Seed: 53
Estimated max possible cost 367.778203
for path: 
0 1 2 3 4 5 6 7 8 9 10 11 12 13 14 15 16 17 18 19 20 21 22 23 
Execution time: 3290 ms

Elapsed time: 173953 ms


Execution #54/10000

Seed: 54
Estimated max possible cost 367.778203
for path: 
0 1 2 3 4 5 6 7 8 9 10 11 12 13 14 15 16 17 18 19 20 21 22 23 
Execution time: 3329 ms

Elapsed time: 177282 ms


Execution #55/10000

Seed: 55
Estimated max possible cost 367.778203
for path: 
0 1 2 3 4 5 6 7 8 9 10 11 12 13 14 15 16 17 18 19 20 21 22 23 
Execution time: 3323 ms

Elapsed time: 180605 ms


Execution #56/10000

Seed: 56
Estimated max possible cost 367.778203
for path: 
0 1 2 3 4 5 6 7 8 9 10 11 12 13 14 15 16 17 18 19 20 21 22 23 
Execution time: 3314 ms

Elapsed time: 183919 ms


Execution #57/10000

Seed: 57
Estimated max possible cost 367.778203
for path: 
0 1 2 3 4 5 6 7 8 9 10 11 12 13 14 15 16 17 18 19 20 21 22 23 
Execution time: 3328 ms

Elapsed time: 187247 ms


Execution #58/10000

Seed: 58
Estimated max possible cost 367.778203
for path: 
0 1 2 3 4 5 6 7 8 9 10 11 12 13 14 15 16 17 18 19 20 21 22 23 
Execution time: 3333 ms

Elapsed time: 190580 ms


Execution #59/10000

Seed: 59
Estimated max possible cost 367.778203
for path: 
0 1 2 3 4 5 6 7 8 9 10 11 12 13 14 15 16 17 18 19 20 21 22 23 
Execution time: 3306 ms

Elapsed time: 193886 ms


Execution #60/10000

Seed: 60
Estimated max possible cost 367.778203
for path: 
0 1 2 3 4 5 6 7 8 9 10 11 12 13 14 15 16 17 18 19 20 21 22 23 
Execution time: 3323 ms

Elapsed time: 197209 ms


Execution #61/10000

Seed: 61
Estimated max possible cost 367.778203
for path: 
0 1 2 3 4 5 6 7 8 9 10 11 12 13 14 15 16 17 18 19 20 21 22 23 
Execution time: 3468 ms

Elapsed time: 200677 ms


Execution #62/10000

Seed: 62
Estimated max possible cost 367.778203
for path: 
0 1 2 3 4 5 6 7 8 9 10 11 12 13 14 15 16 17 18 19 20 21 22 23 
Execution time: 3364 ms

Elapsed time: 204041 ms


Execution #63/10000

Seed: 63
Estimated max possible cost 367.778203
for path: 
0 1 2 3 4 5 6 7 8 9 10 11 12 13 14 15 16 17 18 19 20 21 22 23 
Execution time: 3382 ms

Elapsed time: 207423 ms


Execution #64/10000

Seed: 64
Estimated max possible cost 367.778203
for path: 
0 1 2 3 4 5 6 7 8 9 10 11 12 13 14 15 16 17 18 19 20 21 22 23 
Execution time: 3342 ms

Elapsed time: 210765 ms


Execution #65/10000

Seed: 65
Estimated max possible cost 367.778203
for path: 
0 1 2 3 4 5 6 7 8 9 10 11 12 13 14 15 16 17 18 19 20 21 22 23 
Execution time: 3263 ms

Elapsed time: 214028 ms


Execution #66/10000

Seed: 66
Estimated max possible cost 367.778203
for path: 
0 1 2 3 4 5 6 7 8 9 10 11 12 13 14 15 16 17 18 19 20 21 22 23 
Execution time: 3316 ms

Elapsed time: 217344 ms


Execution #67/10000

Seed: 67
Estimated max possible cost 367.778203
for path: 
0 1 2 3 4 5 6 7 8 9 10 11 12 13 14 15 16 17 18 19 20 21 22 23 
Execution time: 3211 ms

Elapsed time: 220555 ms


Execution #68/10000

Seed: 68
Estimated max possible cost 367.778203
for path: 
0 1 2 3 4 5 6 7 8 9 10 11 12 13 14 15 16 17 18 19 20 21 22 23 
Execution time: 3024 ms

Elapsed time: 223579 ms


Execution #69/10000

Seed: 69
Estimated max possible cost 367.778203
for path: 
0 1 2 3 4 5 6 7 8 9 10 11 12 13 14 15 16 17 18 19 20 21 22 23 
Execution time: 3420 ms

Elapsed time: 226999 ms


Execution #70/10000

Seed: 70
Estimated max possible cost 367.778203
for path: 
0 1 2 3 4 5 6 7 8 9 10 11 12 13 14 15 16 17 18 19 20 21 22 23 
Execution time: 3336 ms

Elapsed time: 230335 ms


Execution #71/10000

Seed: 71
Estimated max possible cost 367.778203
for path: 
0 1 2 3 4 5 6 7 8 9 10 11 12 13 14 15 16 17 18 19 20 21 22 23 
Execution time: 3379 ms

Elapsed time: 233714 ms


Execution #72/10000

Seed: 72
Estimated max possible cost 367.778203
for path: 
0 1 2 3 4 5 6 7 8 9 10 11 12 13 14 15 16 17 18 19 20 21 22 23 
Execution time: 3156 ms

Elapsed time: 236870 ms


Execution #73/10000

Seed: 73
Estimated max possible cost 367.778203
for path: 
0 1 2 3 4 5 6 7 8 9 10 11 12 13 14 15 16 17 18 19 20 21 22 23 
Execution time: 3227 ms

Elapsed time: 240097 ms


Execution #74/10000

Seed: 74
Estimated max possible cost 367.778203
for path: 
0 1 2 3 4 5 6 7 8 9 10 11 12 13 14 15 16 17 18 19 20 21 22 23 
Execution time: 3301 ms

Elapsed time: 243398 ms


Execution #75/10000

Seed: 75
Estimated max possible cost 367.778203
for path: 
0 1 2 3 4 5 6 7 8 9 10 11 12 13 14 15 16 17 18 19 20 21 22 23 
Execution time: 3242 ms

Elapsed time: 246640 ms


Execution #76/10000

Seed: 76
Estimated max possible cost 367.778203
for path: 
0 1 2 3 4 5 6 7 8 9 10 11 12 13 14 15 16 17 18 19 20 21 22 23 
Execution time: 3218 ms

Elapsed time: 249858 ms


Execution #77/10000

Seed: 77
Estimated max possible cost 367.778203
for path: 
0 1 2 3 4 5 6 7 8 9 10 11 12 13 14 15 16 17 18 19 20 21 22 23 
Execution time: 3196 ms

Elapsed time: 253054 ms


Execution #78/10000

Seed: 78
Estimated max possible cost 367.778203
for path: 
0 1 2 3 4 5 6 7 8 9 10 11 12 13 14 15 16 17 18 19 20 21 22 23 
Execution time: 3350 ms

Elapsed time: 256404 ms


Execution #79/10000

Seed: 79
Estimated max possible cost 367.778203
for path: 
0 1 2 3 4 5 6 7 8 9 10 11 12 13 14 15 16 17 18 19 20 21 22 23 
Execution time: 3436 ms

Elapsed time: 259840 ms


Execution #80/10000

Seed: 80
Estimated max possible cost 367.778203
for path: 
0 1 2 3 4 5 6 7 8 9 10 11 12 13 14 15 16 17 18 19 20 21 22 23 
Execution time: 3339 ms

Elapsed time: 263179 ms


Execution #81/10000

Seed: 81
Estimated max possible cost 367.778203
for path: 
0 1 2 3 4 5 6 7 8 9 10 11 12 13 14 15 16 17 18 19 20 21 22 23 
Execution time: 3369 ms

Elapsed time: 266548 ms


Execution #82/10000

Seed: 82
Estimated max possible cost 367.778203
for path: 
0 1 2 3 4 5 6 7 8 9 10 11 12 13 14 15 16 17 18 19 20 21 22 23 
Execution time: 3418 ms

Elapsed time: 269966 ms


Execution #83/10000

Seed: 83
Estimated max possible cost 367.778203
for path: 
0 1 2 3 4 5 6 7 8 9 10 11 12 13 14 15 16 17 18 19 20 21 22 23 
Execution time: 3292 ms

Elapsed time: 273258 ms


Execution #84/10000

Seed: 84
Estimated max possible cost 367.778203
for path: 
0 1 2 3 4 5 6 7 8 9 10 11 12 13 14 15 16 17 18 19 20 21 22 23 
Execution time: 3232 ms

Elapsed time: 276490 ms


Execution #85/10000

Seed: 85
Estimated max possible cost 367.778203
for path: 
0 1 2 3 4 5 6 7 8 9 10 11 12 13 14 15 16 17 18 19 20 21 22 23 
Execution time: 3299 ms

Elapsed time: 279789 ms


Execution #86/10000

Seed: 86
Estimated max possible cost 367.778203
for path: 
0 1 2 3 4 5 6 7 8 9 10 11 12 13 14 15 16 17 18 19 20 21 22 23 
Execution time: 3132 ms

Elapsed time: 282921 ms


Execution #87/10000

Seed: 87
Estimated max possible cost 367.778203
for path: 
0 1 2 3 4 5 6 7 8 9 10 11 12 13 14 15 16 17 18 19 20 21 22 23 
Execution time: 3247 ms

Elapsed time: 286168 ms


Execution #88/10000

Seed: 88
Estimated max possible cost 367.778203
for path: 
0 1 2 3 4 5 6 7 8 9 10 11 12 13 14 15 16 17 18 19 20 21 22 23 
Execution time: 3285 ms

Elapsed time: 289453 ms


Execution #89/10000

Seed: 89
Estimated max possible cost 367.778203
for path: 
0 1 2 3 4 5 6 7 8 9 10 11 12 13 14 15 16 17 18 19 20 21 22 23 
Execution time: 3371 ms

Elapsed time: 292824 ms


Execution #90/10000

Seed: 90
Estimated max possible cost 367.778203
for path: 
0 1 2 3 4 5 6 7 8 9 10 11 12 13 14 15 16 17 18 19 20 21 22 23 
Execution time: 3350 ms

Elapsed time: 296174 ms


Execution #91/10000

Seed: 91
Estimated max possible cost 367.778203
for path: 
0 1 2 3 4 5 6 7 8 9 10 11 12 13 14 15 16 17 18 19 20 21 22 23 
Execution time: 3224 ms

Elapsed time: 299398 ms


Execution #92/10000

Seed: 92
Estimated max possible cost 367.778203
for path: 
0 1 2 3 4 5 6 7 8 9 10 11 12 13 14 15 16 17 18 19 20 21 22 23 
Execution time: 3012 ms

Elapsed time: 302410 ms


Terminating due to timeout: 302410 ms >= 300000 ms

Executed runs: 91/10000
Total execution time: 302.41 s
Avg execution time: 3323.19 ms
