Solving SHP


Execution #1/10000

Seed: 1
Estimated max possible cost 370.318203
for path: 
0 1 2 3 4 5 6 7 8 9 10 11 12 13 14 15 16 17 18 19 20 21 22 23 24 
Memory needed for path: 113509025 locs, for costs: 111435000 locs.
Desired precision: 1e+06
Mem constraint for cost_t: 64 bits
Rounded to pow of 2 bytes mem constraint (capped at 64bits) for cost_t: 64 bits
Bits needed for an int to preserve precision: 29
Bits used per cost_t: 29
Selected cost_t = (u)int32_t
Solving with cost_t = j
Memory [GB] needed: 0.520841
Distances:
0, 5.08, 242.54, 232.423, 228.124, 218.013, 212.172, 212.044, 211.947, 211.88, 211.843, 211.837, 211.862, 211.917, 212.002, 212.117, 212.263, 212.44, 212.646, 212.882, 213.149, 196.958, 196.821, 196.716, 196.643, 
5.08, 0, 247.599, 237.481, 233.181, 223.068, 217.244, 217.119, 217.024, 216.959, 216.923, 216.917, 216.941, 216.995, 217.078, 217.191, 217.333, 217.505, 217.707, 217.938, 218.198, 202.029, 201.895, 201.793, 201.722, 
242.54, 247.599, 0, 10.16, 14.478, 24.638, 31.3255, 32.219, 33.2827, 34.501, 35.8581, 37.3389, 38.9292, 40.6162, 42.3883, 44.2354, 46.1484, 48.1194, 50.1417, 52.2092, 54.3168, 46.0364, 46.649, 47.3899, 48.2533, 
232.423, 237.481, 10.16, 0, 4.318, 14.478, 21.9236, 23.1823, 24.6393, 26.2617, 28.0207, 29.8922, 31.8565, 33.8973, 36.0018, 38.1592, 40.3612, 42.6009, 44.8725, 47.1716, 49.4942, 36.1805, 36.9568, 37.8877, 38.9623, 
228.124, 233.181, 14.478, 4.318, 0, 10.16, 18.1765, 19.6764, 21.3738, 23.2254, 25.1973, 27.2633, 29.4037, 31.6034, 33.8507, 36.1368, 38.4548, 40.7992, 43.1658, 45.5511, 47.9522, 32.0493, 32.9231, 33.9648, 35.1595, 
218.013, 223.068, 24.638, 14.478, 10.16, 0, 11.1326, 13.4428, 15.8236, 18.2474, 20.6991, 23.1698, 25.654, 28.1482, 30.6499, 33.1575, 35.6696, 38.1854, 40.7042, 43.2255, 45.7489, 22.606, 23.8287, 25.2484, 26.834, 
212.172, 217.244, 31.3255, 21.9236, 18.1765, 11.1326, 0, 2.54, 5.08, 7.62, 10.16, 12.7, 15.24, 17.78, 20.32, 22.86, 25.4, 27.94, 30.48, 33.02, 35.56, 15.24, 15.4502, 16.0644, 17.0388, 
212.044, 217.119, 32.219, 23.1823, 19.6764, 13.4428, 2.54, 0, 2.54, 5.08, 7.62, 10.16, 12.7, 15.24, 17.78, 20.32, 22.86, 25.4, 27.94, 30.48, 33.02, 15.4502, 15.24, 15.4502, 16.0644, 
211.947, 217.024, 33.2827, 24.6393, 21.3738, 15.8236, 5.08, 2.54, 0, 2.54, 5.08, 7.62, 10.16, 12.7, 15.24, 17.78, 20.32, 22.86, 25.4, 27.94, 30.48, 16.0644, 15.4502, 15.24, 15.4502, 
211.88, 216.959, 34.501, 26.2617, 23.2254, 18.2474, 7.62, 5.08, 2.54, 0, 2.54, 5.08, 7.62, 10.16, 12.7, 15.24, 17.78, 20.32, 22.86, 25.4, 27.94, 17.0388, 16.0644, 15.4502, 15.24, 
211.843, 216.923, 35.8581, 28.0207, 25.1973, 20.6991, 10.16, 7.62, 5.08, 2.54, 0, 2.54, 5.08, 7.62, 10.16, 12.7, 15.24, 17.78, 20.32, 22.86, 25.4, 18.3162, 17.0388, 16.0644, 15.4502, 
211.837, 216.917, 37.3389, 29.8922, 27.2633, 23.1698, 12.7, 10.16, 7.62, 5.08, 2.54, 0, 2.54, 5.08, 7.62, 10.16, 12.7, 15.24, 17.78, 20.32, 22.86, 19.838, 18.3162, 17.0388, 16.0644, 
211.862, 216.941, 38.9292, 31.8565, 29.4037, 25.654, 15.24, 12.7, 10.16, 7.62, 5.08, 2.54, 0, 2.54, 5.08, 7.62, 10.16, 12.7, 15.24, 17.78, 20.32, 21.5526, 19.838, 18.3162, 17.0388, 
211.917, 216.995, 40.6162, 33.8973, 31.6034, 28.1482, 17.78, 15.24, 12.7, 10.16, 7.62, 5.08, 2.54, 0, 2.54, 5.08, 7.62, 10.16, 12.7, 15.24, 17.78, 23.4176, 21.5526, 19.838, 18.3162, 
212.002, 217.078, 42.3883, 36.0018, 33.8507, 30.6499, 20.32, 17.78, 15.24, 12.7, 10.16, 7.62, 5.08, 2.54, 0, 2.54, 5.08, 7.62, 10.16, 12.7, 15.24, 25.4, 23.4176, 21.5526, 19.838, 
212.117, 217.191, 44.2354, 38.1592, 36.1368, 33.1575, 22.86, 20.32, 17.78, 15.24, 12.7, 10.16, 7.62, 5.08, 2.54, 0, 2.54, 5.08, 7.62, 10.16, 12.7, 27.4743, 25.4, 23.4176, 21.5526, 
212.263, 217.333, 46.1484, 40.3612, 38.4548, 35.6696, 25.4, 22.86, 20.32, 17.78, 15.24, 12.7, 10.16, 7.62, 5.08, 2.54, 0, 2.54, 5.08, 7.62, 10.16, 29.6212, 27.4743, 25.4, 23.4176, 
212.44, 217.505, 48.1194, 42.6009, 40.7992, 38.1854, 27.94, 25.4, 22.86, 20.32, 17.78, 15.24, 12.7, 10.16, 7.62, 5.08, 2.54, 0, 2.54, 5.08, 7.62, 31.8261, 29.6212, 27.4743, 25.4, 
212.646, 217.707, 50.1417, 44.8725, 43.1658, 40.7042, 30.48, 27.94, 25.4, 22.86, 20.32, 17.78, 15.24, 12.7, 10.16, 7.62, 5.08, 2.54, 0, 2.54, 5.08, 34.0777, 31.8261, 29.6212, 27.4743, 
212.882, 217.938, 52.2092, 47.1716, 45.5511, 43.2255, 33.02, 30.48, 27.94, 25.4, 22.86, 20.32, 17.78, 15.24, 12.7, 10.16, 7.62, 5.08, 2.54, 0, 2.54, 36.3673, 34.0777, 31.8261, 29.6212, 
213.149, 218.198, 54.3168, 49.4942, 47.9522, 45.7489, 35.56, 33.02, 30.48, 27.94, 25.4, 22.86, 20.32, 17.78, 15.24, 12.7, 10.16, 7.62, 5.08, 2.54, 0, 38.6881, 36.3673, 34.0777, 31.8261, 
196.958, 202.029, 46.0364, 36.1805, 32.0493, 22.606, 15.24, 15.4502, 16.0644, 17.0388, 18.3162, 19.838, 21.5526, 23.4176, 25.4, 27.4743, 29.6212, 31.8261, 34.0777, 36.3673, 38.6881, 0, 2.54, 5.08, 7.62, 
196.821, 201.895, 46.649, 36.9568, 32.9231, 23.8287, 15.4502, 15.24, 15.4502, 16.0644, 17.0388, 18.3162, 19.838, 21.5526, 23.4176, 25.4, 27.4743, 29.6212, 31.8261, 34.0777, 36.3673, 2.54, 0, 2.54, 5.08, 
196.716, 201.793, 47.3899, 37.8877, 33.9648, 25.2484, 16.0644, 15.4502, 15.24, 15.4502, 16.0644, 17.0388, 18.3162, 19.838, 21.5526, 23.4176, 25.4, 27.4743, 29.6212, 31.8261, 34.0777, 5.08, 2.54, 0, 2.54, 
196.643, 201.722, 48.2533, 38.9623, 35.1595, 26.834, 17.0388, 16.0644, 15.4502, 15.24, 15.4502, 16.0644, 17.0388, 18.3162, 19.838, 21.5526, 23.4176, 25.4, 27.4743, 29.6212, 31.8261, 7.62, 5.08, 2.54, 0, 
Scaled Distances:
0, 3.26273e+07, 3.08289e+09, 2.95294e+09, 2.89772e+09, 2.76784e+09, 2.69281e+09, 2.69117e+09, 2.68992e+09, 2.68906e+09, 2.68859e+09, 2.68851e+09, 2.68882e+09, 2.68953e+09, 2.69062e+09, 2.69211e+09, 2.69398e+09, 2.69624e+09, 2.6989e+09, 2.70193e+09, 2.70536e+09, 2.49738e+09, 2.49561e+09, 2.49426e+09, 2.49334e+09, 
3.26273e+07, 0, 3.14789e+09, 3.01791e+09, 2.96268e+09, 2.83277e+09, 2.75796e+09, 2.75636e+09, 2.75514e+09, 2.7543e+09, 2.75384e+09, 2.75376e+09, 2.75407e+09, 2.75476e+09, 2.75583e+09, 2.75728e+09, 2.75911e+09, 2.76132e+09, 2.76391e+09, 2.76688e+09, 2.77022e+09, 2.56252e+09, 2.56079e+09, 2.55948e+09, 2.55858e+09, 
3.08289e+09, 3.14789e+09, 0, 9.7882e+07, 1.53348e+08, 2.83858e+08, 3.69762e+08, 3.81239e+08, 3.94903e+08, 4.10552e+08, 4.27985e+08, 4.47006e+08, 4.67434e+08, 4.89104e+08, 5.11868e+08, 5.35594e+08, 5.60167e+08, 5.85486e+08, 6.11463e+08, 6.38021e+08, 6.65094e+08, 5.58729e+08, 5.66597e+08, 5.76115e+08, 5.87206e+08, 
2.95294e+09, 3.01791e+09, 9.7882e+07, 0, 2.28391e+07, 1.53348e+08, 2.4899e+08, 2.65159e+08, 2.83875e+08, 3.04715e+08, 3.2731e+08, 3.51351e+08, 3.76582e+08, 4.02798e+08, 4.2983e+08, 4.57543e+08, 4.85829e+08, 5.14598e+08, 5.43779e+08, 5.73311e+08, 6.03145e+08, 4.32126e+08, 4.42098e+08, 4.54056e+08, 4.67859e+08, 
2.89772e+09, 2.96268e+09, 1.53348e+08, 2.28391e+07, 0, 9.7882e+07, 2.00858e+08, 2.20124e+08, 2.41927e+08, 2.65712e+08, 2.91042e+08, 3.17581e+08, 3.45075e+08, 3.73331e+08, 4.02198e+08, 4.31565e+08, 4.6134e+08, 4.91455e+08, 5.21855e+08, 5.52495e+08, 5.83338e+08, 3.79059e+08, 3.90284e+08, 4.03665e+08, 4.19011e+08, 
2.76784e+09, 2.83277e+09, 2.83858e+08, 1.53348e+08, 9.7882e+07, 0, 1.10376e+08, 1.40051e+08, 1.70633e+08, 2.01768e+08, 2.3326e+08, 2.64998e+08, 2.96909e+08, 3.28948e+08, 3.61083e+08, 3.93294e+08, 4.25563e+08, 4.5788e+08, 4.90235e+08, 5.22622e+08, 5.55036e+08, 2.57756e+08, 2.73462e+08, 2.91699e+08, 3.12066e+08, 
2.69281e+09, 2.75796e+09, 3.69762e+08, 2.4899e+08, 2.00858e+08, 1.10376e+08, 0, 0, 3.26273e+07, 6.52547e+07, 9.7882e+07, 1.30509e+08, 1.63137e+08, 1.95764e+08, 2.28391e+08, 2.61019e+08, 2.93646e+08, 3.26273e+08, 3.58901e+08, 3.91528e+08, 4.24155e+08, 1.63137e+08, 1.65837e+08, 1.73726e+08, 1.86243e+08, 
2.69117e+09, 2.75636e+09, 3.81239e+08, 2.65159e+08, 2.20124e+08, 1.40051e+08, 0, 0, 0, 3.26273e+07, 6.52547e+07, 9.7882e+07, 1.30509e+08, 1.63137e+08, 1.95764e+08, 2.28391e+08, 2.61019e+08, 2.93646e+08, 3.26273e+08, 3.58901e+08, 3.91528e+08, 1.65837e+08, 1.63137e+08, 1.65837e+08, 1.73726e+08, 
2.68992e+09, 2.75514e+09, 3.94903e+08, 2.83875e+08, 2.41927e+08, 1.70633e+08, 3.26273e+07, 0, 0, 0, 3.26273e+07, 6.52547e+07, 9.7882e+07, 1.30509e+08, 1.63137e+08, 1.95764e+08, 2.28391e+08, 2.61019e+08, 2.93646e+08, 3.26273e+08, 3.58901e+08, 1.73726e+08, 1.65837e+08, 1.63137e+08, 1.65837e+08, 
2.68906e+09, 2.7543e+09, 4.10552e+08, 3.04715e+08, 2.65712e+08, 2.01768e+08, 6.52547e+07, 3.26273e+07, 0, 0, 0, 3.26273e+07, 6.52547e+07, 9.7882e+07, 1.30509e+08, 1.63137e+08, 1.95764e+08, 2.28391e+08, 2.61019e+08, 2.93646e+08, 3.26273e+08, 1.86243e+08, 1.73726e+08, 1.65837e+08, 1.63137e+08, 
2.68859e+09, 2.75384e+09, 4.27985e+08, 3.2731e+08, 2.91042e+08, 2.3326e+08, 9.7882e+07, 6.52547e+07, 3.26273e+07, 0, 0, 0, 3.26273e+07, 6.52547e+07, 9.7882e+07, 1.30509e+08, 1.63137e+08, 1.95764e+08, 2.28391e+08, 2.61019e+08, 2.93646e+08, 2.02652e+08, 1.86243e+08, 1.73726e+08, 1.65837e+08, 
2.68851e+09, 2.75376e+09, 4.47006e+08, 3.51351e+08, 3.17581e+08, 2.64998e+08, 1.30509e+08, 9.7882e+07, 6.52547e+07, 3.26273e+07, 0, 0, 0, 3.26273e+07, 6.52547e+07, 9.7882e+07, 1.30509e+08, 1.63137e+08, 1.95764e+08, 2.28391e+08, 2.61019e+08, 2.222e+08, 2.02652e+08, 1.86243e+08, 1.73726e+08, 
2.68882e+09, 2.75407e+09, 4.67434e+08, 3.76582e+08, 3.45075e+08, 2.96909e+08, 1.63137e+08, 1.30509e+08, 9.7882e+07, 6.52547e+07, 3.26273e+07, 0, 0, 0, 3.26273e+07, 6.52547e+07, 9.7882e+07, 1.30509e+08, 1.63137e+08, 1.95764e+08, 2.28391e+08, 2.44225e+08, 2.222e+08, 2.02652e+08, 1.86243e+08, 
2.68953e+09, 2.75476e+09, 4.89104e+08, 4.02798e+08, 3.73331e+08, 3.28948e+08, 1.95764e+08, 1.63137e+08, 1.30509e+08, 9.7882e+07, 6.52547e+07, 3.26273e+07, 0, 0, 0, 3.26273e+07, 6.52547e+07, 9.7882e+07, 1.30509e+08, 1.63137e+08, 1.95764e+08, 2.68182e+08, 2.44225e+08, 2.222e+08, 2.02652e+08, 
2.69062e+09, 2.75583e+09, 5.11868e+08, 4.2983e+08, 4.02198e+08, 3.61083e+08, 2.28391e+08, 1.95764e+08, 1.63137e+08, 1.30509e+08, 9.7882e+07, 6.52547e+07, 3.26273e+07, 0, 0, 0, 3.26273e+07, 6.52547e+07, 9.7882e+07, 1.30509e+08, 1.63137e+08, 2.93646e+08, 2.68182e+08, 2.44225e+08, 2.222e+08, 
2.69211e+09, 2.75728e+09, 5.35594e+08, 4.57543e+08, 4.31565e+08, 3.93294e+08, 2.61019e+08, 2.28391e+08, 1.95764e+08, 1.63137e+08, 1.30509e+08, 9.7882e+07, 6.52547e+07, 3.26273e+07, 0, 0, 0, 3.26273e+07, 6.52547e+07, 9.7882e+07, 1.30509e+08, 3.20291e+08, 2.93646e+08, 2.68182e+08, 2.44225e+08, 
2.69398e+09, 2.75911e+09, 5.60167e+08, 4.85829e+08, 4.6134e+08, 4.25563e+08, 2.93646e+08, 2.61019e+08, 2.28391e+08, 1.95764e+08, 1.63137e+08, 1.30509e+08, 9.7882e+07, 6.52547e+07, 3.26273e+07, 0, 0, 0, 3.26273e+07, 6.52547e+07, 9.7882e+07, 3.4787e+08, 3.20291e+08, 2.93646e+08, 2.68182e+08, 
2.69624e+09, 2.76132e+09, 5.85486e+08, 5.14598e+08, 4.91455e+08, 4.5788e+08, 3.26273e+08, 2.93646e+08, 2.61019e+08, 2.28391e+08, 1.95764e+08, 1.63137e+08, 1.30509e+08, 9.7882e+07, 6.52547e+07, 3.26273e+07, 0, 0, 0, 3.26273e+07, 6.52547e+07, 3.76192e+08, 3.4787e+08, 3.20291e+08, 2.93646e+08, 
2.6989e+09, 2.76391e+09, 6.11463e+08, 5.43779e+08, 5.21855e+08, 4.90235e+08, 3.58901e+08, 3.26273e+08, 2.93646e+08, 2.61019e+08, 2.28391e+08, 1.95764e+08, 1.63137e+08, 1.30509e+08, 9.7882e+07, 6.52547e+07, 3.26273e+07, 0, 0, 0, 3.26273e+07, 4.05114e+08, 3.76192e+08, 3.4787e+08, 3.20291e+08, 
2.70193e+09, 2.76688e+09, 6.38021e+08, 5.73311e+08, 5.52495e+08, 5.22622e+08, 3.91528e+08, 3.58901e+08, 3.26273e+08, 2.93646e+08, 2.61019e+08, 2.28391e+08, 1.95764e+08, 1.63137e+08, 1.30509e+08, 9.7882e+07, 6.52547e+07, 3.26273e+07, 0, 0, 0, 4.34525e+08, 4.05114e+08, 3.76192e+08, 3.4787e+08, 
2.70536e+09, 2.77022e+09, 6.65094e+08, 6.03145e+08, 5.83338e+08, 5.55036e+08, 4.24155e+08, 3.91528e+08, 3.58901e+08, 3.26273e+08, 2.93646e+08, 2.61019e+08, 2.28391e+08, 1.95764e+08, 1.63137e+08, 1.30509e+08, 9.7882e+07, 6.52547e+07, 3.26273e+07, 0, 0, 4.64337e+08, 4.34525e+08, 4.05114e+08, 3.76192e+08, 
2.49738e+09, 2.56252e+09, 5.58729e+08, 4.32126e+08, 3.79059e+08, 2.57756e+08, 1.63137e+08, 1.65837e+08, 1.73726e+08, 1.86243e+08, 2.02652e+08, 2.222e+08, 2.44225e+08, 2.68182e+08, 2.93646e+08, 3.20291e+08, 3.4787e+08, 3.76192e+08, 4.05114e+08, 4.34525e+08, 4.64337e+08, 0, 0, 3.26273e+07, 6.52547e+07, 
2.49561e+09, 2.56079e+09, 5.66597e+08, 4.42098e+08, 3.90284e+08, 2.73462e+08, 1.65837e+08, 1.63137e+08, 1.65837e+08, 1.73726e+08, 1.86243e+08, 2.02652e+08, 2.222e+08, 2.44225e+08, 2.68182e+08, 2.93646e+08, 3.20291e+08, 3.4787e+08, 3.76192e+08, 4.05114e+08, 4.34525e+08, 0, 0, 0, 3.26273e+07, 
2.49426e+09, 2.55948e+09, 5.76115e+08, 4.54056e+08, 4.03665e+08, 2.91699e+08, 1.73726e+08, 1.65837e+08, 1.63137e+08, 1.65837e+08, 1.73726e+08, 1.86243e+08, 2.02652e+08, 2.222e+08, 2.44225e+08, 2.68182e+08, 2.93646e+08, 3.20291e+08, 3.4787e+08, 3.76192e+08, 4.05114e+08, 3.26273e+07, 0, 0, 0, 
2.49334e+09, 2.55858e+09, 5.87206e+08, 4.67859e+08, 4.19011e+08, 3.12066e+08, 1.86243e+08, 1.73726e+08, 1.65837e+08, 1.63137e+08, 1.65837e+08, 1.73726e+08, 1.86243e+08, 2.02652e+08, 2.222e+08, 2.44225e+08, 2.68182e+08, 2.93646e+08, 3.20291e+08, 3.4787e+08, 3.76192e+08, 6.52547e+07, 3.26273e+07, 0, 0, 
Optimal total distance (scaled) for 25 points: 3.23518e+09
Optimal total distance for 25 points: 312.814854
Corresponding path (0-indexed):
Point #2
Point #3
Point #4
Point #5
Point #6
Point #7
Point #8
Point #9
Point #10
Point #11
Point #12
Point #13
Point #14
Point #15
Point #16
Point #17
Point #18
Point #19
Point #20
Point #24
Point #23
Point #22
Point #21
Point #0
Point #1
Execution time: 8571 ms

Elapsed time: 8571 ms


Execution #2/10000

Seed: 2
Estimated max possible cost 370.318203
for path: 
0 1 2 3 4 5 6 7 8 9 10 11 12 13 14 15 16 17 18 19 20 21 22 23 24 
Execution time: 8543 ms

Elapsed time: 17114 ms


Execution #3/10000

Seed: 3
Estimated max possible cost 370.318203
for path: 
0 1 2 3 4 5 6 7 8 9 10 11 12 13 14 15 16 17 18 19 20 21 22 23 24 
Execution time: 8288 ms

Elapsed time: 25402 ms


Execution #4/10000

Seed: 4
Estimated max possible cost 370.318203
for path: 
0 1 2 3 4 5 6 7 8 9 10 11 12 13 14 15 16 17 18 19 20 21 22 23 24 
Execution time: 8232 ms

Elapsed time: 33634 ms


Execution #5/10000

Seed: 5
Estimated max possible cost 370.318203
for path: 
0 1 2 3 4 5 6 7 8 9 10 11 12 13 14 15 16 17 18 19 20 21 22 23 24 
Execution time: 8559 ms

Elapsed time: 42193 ms


Execution #6/10000

Seed: 6
Estimated max possible cost 370.318203
for path: 
0 1 2 3 4 5 6 7 8 9 10 11 12 13 14 15 16 17 18 19 20 21 22 23 24 
Execution time: 8852 ms

Elapsed time: 51045 ms


Execution #7/10000

Seed: 7
Estimated max possible cost 370.318203
for path: 
0 1 2 3 4 5 6 7 8 9 10 11 12 13 14 15 16 17 18 19 20 21 22 23 24 
Execution time: 8465 ms

Elapsed time: 59510 ms


Execution #8/10000

Seed: 8
Estimated max possible cost 370.318203
for path: 
0 1 2 3 4 5 6 7 8 9 10 11 12 13 14 15 16 17 18 19 20 21 22 23 24 
Execution time: 8747 ms

Elapsed time: 68257 ms


Execution #9/10000

Seed: 9
Estimated max possible cost 370.318203
for path: 
0 1 2 3 4 5 6 7 8 9 10 11 12 13 14 15 16 17 18 19 20 21 22 23 24 
Execution time: 8650 ms

Elapsed time: 76907 ms


Execution #10/10000

Seed: 10
Estimated max possible cost 370.318203
for path: 
0 1 2 3 4 5 6 7 8 9 10 11 12 13 14 15 16 17 18 19 20 21 22 23 24 
Execution time: 8605 ms

Elapsed time: 85512 ms


Execution #11/10000

Seed: 11
Estimated max possible cost 370.318203
for path: 
0 1 2 3 4 5 6 7 8 9 10 11 12 13 14 15 16 17 18 19 20 21 22 23 24 
Execution time: 8330 ms

Elapsed time: 93842 ms


Execution #12/10000

Seed: 12
Estimated max possible cost 370.318203
for path: 
0 1 2 3 4 5 6 7 8 9 10 11 12 13 14 15 16 17 18 19 20 21 22 23 24 
Execution time: 8527 ms

Elapsed time: 102369 ms


Execution #13/10000

Seed: 13
Estimated max possible cost 370.318203
for path: 
0 1 2 3 4 5 6 7 8 9 10 11 12 13 14 15 16 17 18 19 20 21 22 23 24 
Execution time: 8555 ms

Elapsed time: 110924 ms


Execution #14/10000

Seed: 14
Estimated max possible cost 370.318203
for path: 
0 1 2 3 4 5 6 7 8 9 10 11 12 13 14 15 16 17 18 19 20 21 22 23 24 
Execution time: 8714 ms

Elapsed time: 119638 ms


Execution #15/10000

Seed: 15
Estimated max possible cost 370.318203
for path: 
0 1 2 3 4 5 6 7 8 9 10 11 12 13 14 15 16 17 18 19 20 21 22 23 24 
Execution time: 8591 ms

Elapsed time: 128229 ms


Execution #16/10000

Seed: 16
Estimated max possible cost 370.318203
for path: 
0 1 2 3 4 5 6 7 8 9 10 11 12 13 14 15 16 17 18 19 20 21 22 23 24 
Execution time: 8586 ms

Elapsed time: 136815 ms


Execution #17/10000

Seed: 17
Estimated max possible cost 370.318203
for path: 
0 1 2 3 4 5 6 7 8 9 10 11 12 13 14 15 16 17 18 19 20 21 22 23 24 
Execution time: 8637 ms

Elapsed time: 145452 ms


Execution #18/10000

Seed: 18
Estimated max possible cost 370.318203
for path: 
0 1 2 3 4 5 6 7 8 9 10 11 12 13 14 15 16 17 18 19 20 21 22 23 24 
Execution time: 8676 ms

Elapsed time: 154128 ms


Execution #19/10000

Seed: 19
Estimated max possible cost 370.318203
for path: 
0 1 2 3 4 5 6 7 8 9 10 11 12 13 14 15 16 17 18 19 20 21 22 23 24 
Execution time: 8593 ms

Elapsed time: 162721 ms


Execution #20/10000

Seed: 20
Estimated max possible cost 370.318203
for path: 
0 1 2 3 4 5 6 7 8 9 10 11 12 13 14 15 16 17 18 19 20 21 22 23 24 
Execution time: 8661 ms

Elapsed time: 171382 ms


Execution #21/10000

Seed: 21
Estimated max possible cost 370.318203
for path: 
0 1 2 3 4 5 6 7 8 9 10 11 12 13 14 15 16 17 18 19 20 21 22 23 24 
Execution time: 8317 ms

Elapsed time: 179699 ms


Execution #22/10000

Seed: 22
Estimated max possible cost 370.318203
for path: 
0 1 2 3 4 5 6 7 8 9 10 11 12 13 14 15 16 17 18 19 20 21 22 23 24 
Execution time: 8674 ms

Elapsed time: 188373 ms


Execution #23/10000

Seed: 23
Estimated max possible cost 370.318203
for path: 
0 1 2 3 4 5 6 7 8 9 10 11 12 13 14 15 16 17 18 19 20 21 22 23 24 
Execution time: 8302 ms

Elapsed time: 196675 ms


Execution #24/10000

Seed: 24
Estimated max possible cost 370.318203
for path: 
0 1 2 3 4 5 6 7 8 9 10 11 12 13 14 15 16 17 18 19 20 21 22 23 24 
Execution time: 8331 ms

Elapsed time: 205006 ms


Execution #25/10000

Seed: 25
Estimated max possible cost 370.318203
for path: 
0 1 2 3 4 5 6 7 8 9 10 11 12 13 14 15 16 17 18 19 20 21 22 23 24 
Execution time: 8323 ms

Elapsed time: 213329 ms


Execution #26/10000

Seed: 26
Estimated max possible cost 370.318203
for path: 
0 1 2 3 4 5 6 7 8 9 10 11 12 13 14 15 16 17 18 19 20 21 22 23 24 
Execution time: 8501 ms

Elapsed time: 221830 ms


Execution #27/10000

Seed: 27
Estimated max possible cost 370.318203
for path: 
0 1 2 3 4 5 6 7 8 9 10 11 12 13 14 15 16 17 18 19 20 21 22 23 24 
Execution time: 8542 ms

Elapsed time: 230372 ms


Execution #28/10000

Seed: 28
Estimated max possible cost 370.318203
for path: 
0 1 2 3 4 5 6 7 8 9 10 11 12 13 14 15 16 17 18 19 20 21 22 23 24 
Execution time: 8733 ms

Elapsed time: 239105 ms


Execution #29/10000

Seed: 29
Estimated max possible cost 370.318203
for path: 
0 1 2 3 4 5 6 7 8 9 10 11 12 13 14 15 16 17 18 19 20 21 22 23 24 
Execution time: 8623 ms

Elapsed time: 247728 ms


Execution #30/10000

Seed: 30
Estimated max possible cost 370.318203
for path: 
0 1 2 3 4 5 6 7 8 9 10 11 12 13 14 15 16 17 18 19 20 21 22 23 24 
Execution time: 8559 ms

Elapsed time: 256287 ms


Execution #31/10000

Seed: 31
Estimated max possible cost 370.318203
for path: 
0 1 2 3 4 5 6 7 8 9 10 11 12 13 14 15 16 17 18 19 20 21 22 23 24 
Execution time: 8786 ms

Elapsed time: 265073 ms


Execution #32/10000

Seed: 32
Estimated max possible cost 370.318203
for path: 
0 1 2 3 4 5 6 7 8 9 10 11 12 13 14 15 16 17 18 19 20 21 22 23 24 
Execution time: 8399 ms

Elapsed time: 273472 ms


Execution #33/10000

Seed: 33
Estimated max possible cost 370.318203
for path: 
0 1 2 3 4 5 6 7 8 9 10 11 12 13 14 15 16 17 18 19 20 21 22 23 24 
Execution time: 8411 ms

Elapsed time: 281883 ms


Execution #34/10000

Seed: 34
Estimated max possible cost 370.318203
for path: 
0 1 2 3 4 5 6 7 8 9 10 11 12 13 14 15 16 17 18 19 20 21 22 23 24 
Execution time: 9288 ms

Elapsed time: 291171 ms


Execution #35/10000

Seed: 35
Estimated max possible cost 370.318203
for path: 
0 1 2 3 4 5 6 7 8 9 10 11 12 13 14 15 16 17 18 19 20 21 22 23 24 
Execution time: 8379 ms

Elapsed time: 299550 ms


Execution #36/10000

Seed: 36
Estimated max possible cost 370.318203
for path: 
0 1 2 3 4 5 6 7 8 9 10 11 12 13 14 15 16 17 18 19 20 21 22 23 24 
Execution time: 8244 ms

Elapsed time: 307794 ms


Terminating due to timeout: 307794 ms >= 300000 ms

Executed runs: 35/10000
Total execution time: 307.794 s
Avg execution time: 8794.11 ms
