Solving SHP


Execution #1/10000

Seed: 1
Estimated max possible cost 375.398203
for path: 
0 1 2 3 4 5 6 7 8 9 10 11 12 13 14 15 16 17 18 19 20 21 22 23 24 25 26 
Memory needed for path: 504802935 locs, for costs: 469364220 locs.
Desired precision: 1e+06
Mem constraint for cost_t: 64 bits
Rounded to pow of 2 bytes mem constraint (capped at 64bits) for cost_t: 64 bits
Bits needed for an int to preserve precision: 29
Bits used per cost_t: 29
Selected cost_t = (u)int32_t
Solving with cost_t = j
Memory [GB] needed: 2.21865
Distances:
0, 5.08, 242.54, 232.423, 228.124, 218.013, 212.172, 212.044, 211.947, 211.88, 211.843, 211.837, 211.862, 211.917, 212.002, 212.117, 212.263, 212.44, 212.646, 212.882, 213.149, 196.958, 196.821, 196.716, 196.643, 196.604, 196.597, 
5.08, 0, 247.599, 237.481, 233.181, 223.068, 217.244, 217.119, 217.024, 216.959, 216.923, 216.917, 216.941, 216.995, 217.078, 217.191, 217.333, 217.505, 217.707, 217.938, 218.198, 202.029, 201.895, 201.793, 201.722, 201.684, 201.677, 
242.54, 247.599, 0, 10.16, 14.478, 24.638, 31.3255, 32.219, 33.2827, 34.501, 35.8581, 37.3389, 38.9292, 40.6162, 42.3883, 44.2354, 46.1484, 48.1194, 50.1417, 52.2092, 54.3168, 46.0364, 46.649, 47.3899, 48.2533, 49.2328, 50.3215, 
232.423, 237.481, 10.16, 0, 4.318, 14.478, 21.9236, 23.1823, 24.6393, 26.2617, 28.0207, 29.8922, 31.8565, 33.8973, 36.0018, 38.1592, 40.3612, 42.6009, 44.8725, 47.1716, 49.4942, 36.1805, 36.9568, 37.8877, 38.9623, 40.169, 41.4962, 
228.124, 233.181, 14.478, 4.318, 0, 10.16, 18.1765, 19.6764, 21.3738, 23.2254, 25.1973, 27.2633, 29.4037, 31.6034, 33.8507, 36.1368, 38.4548, 40.7992, 43.1658, 45.5511, 47.9522, 32.0493, 32.9231, 33.9648, 35.1595, 36.4921, 37.9481, 
218.013, 223.068, 24.638, 14.478, 10.16, 0, 11.1326, 13.4428, 15.8236, 18.2474, 20.6991, 23.1698, 25.654, 28.1482, 30.6499, 33.1575, 35.6696, 38.1854, 40.7042, 43.2255, 45.7489, 22.606, 23.8287, 25.2484, 26.834, 28.5578, 30.3963, 
212.172, 217.244, 31.3255, 21.9236, 18.1765, 11.1326, 0, 2.54, 5.08, 7.62, 10.16, 12.7, 15.24, 17.78, 20.32, 22.86, 25.4, 27.94, 30.48, 33.02, 35.56, 15.24, 15.4502, 16.0644, 17.0388, 18.3162, 19.838, 
212.044, 217.119, 32.219, 23.1823, 19.6764, 13.4428, 2.54, 0, 2.54, 5.08, 7.62, 10.16, 12.7, 15.24, 17.78, 20.32, 22.86, 25.4, 27.94, 30.48, 33.02, 15.4502, 15.24, 15.4502, 16.0644, 17.0388, 18.3162, 
211.947, 217.024, 33.2827, 24.6393, 21.3738, 15.8236, 5.08, 2.54, 0, 2.54, 5.08, 7.62, 10.16, 12.7, 15.24, 17.78, 20.32, 22.86, 25.4, 27.94, 30.48, 16.0644, 15.4502, 15.24, 15.4502, 16.0644, 17.0388, 
211.88, 216.959, 34.501, 26.2617, 23.2254, 18.2474, 7.62, 5.08, 2.54, 0, 2.54, 5.08, 7.62, 10.16, 12.7, 15.24, 17.78, 20.32, 22.86, 25.4, 27.94, 17.0388, 16.0644, 15.4502, 15.24, 15.4502, 16.0644, 
211.843, 216.923, 35.8581, 28.0207, 25.1973, 20.6991, 10.16, 7.62, 5.08, 2.54, 0, 2.54, 5.08, 7.62, 10.16, 12.7, 15.24, 17.78, 20.32, 22.86, 25.4, 18.3162, 17.0388, 16.0644, 15.4502, 15.24, 15.4502, 
211.837, 216.917, 37.3389, 29.8922, 27.2633, 23.1698, 12.7, 10.16, 7.62, 5.08, 2.54, 0, 2.54, 5.08, 7.62, 10.16, 12.7, 15.24, 17.78, 20.32, 22.86, 19.838, 18.3162, 17.0388, 16.0644, 15.4502, 15.24, 
211.862, 216.941, 38.9292, 31.8565, 29.4037, 25.654, 15.24, 12.7, 10.16, 7.62, 5.08, 2.54, 0, 2.54, 5.08, 7.62, 10.16, 12.7, 15.24, 17.78, 20.32, 21.5526, 19.838, 18.3162, 17.0388, 16.0644, 15.4502, 
211.917, 216.995, 40.6162, 33.8973, 31.6034, 28.1482, 17.78, 15.24, 12.7, 10.16, 7.62, 5.08, 2.54, 0, 2.54, 5.08, 7.62, 10.16, 12.7, 15.24, 17.78, 23.4176, 21.5526, 19.838, 18.3162, 17.0388, 16.0644, 
212.002, 217.078, 42.3883, 36.0018, 33.8507, 30.6499, 20.32, 17.78, 15.24, 12.7, 10.16, 7.62, 5.08, 2.54, 0, 2.54, 5.08, 7.62, 10.16, 12.7, 15.24, 25.4, 23.4176, 21.5526, 19.838, 18.3162, 17.0388, 
212.117, 217.191, 44.2354, 38.1592, 36.1368, 33.1575, 22.86, 20.32, 17.78, 15.24, 12.7, 10.16, 7.62, 5.08, 2.54, 0, 2.54, 5.08, 7.62, 10.16, 12.7, 27.4743, 25.4, 23.4176, 21.5526, 19.838, 18.3162, 
212.263, 217.333, 46.1484, 40.3612, 38.4548, 35.6696, 25.4, 22.86, 20.32, 17.78, 15.24, 12.7, 10.16, 7.62, 5.08, 2.54, 0, 2.54, 5.08, 7.62, 10.16, 29.6212, 27.4743, 25.4, 23.4176, 21.5526, 19.838, 
212.44, 217.505, 48.1194, 42.6009, 40.7992, 38.1854, 27.94, 25.4, 22.86, 20.32, 17.78, 15.24, 12.7, 10.16, 7.62, 5.08, 2.54, 0, 2.54, 5.08, 7.62, 31.8261, 29.6212, 27.4743, 25.4, 23.4176, 21.5526, 
212.646, 217.707, 50.1417, 44.8725, 43.1658, 40.7042, 30.48, 27.94, 25.4, 22.86, 20.32, 17.78, 15.24, 12.7, 10.16, 7.62, 5.08, 2.54, 0, 2.54, 5.08, 34.0777, 31.8261, 29.6212, 27.4743, 25.4, 23.4176, 
212.882, 217.938, 52.2092, 47.1716, 45.5511, 43.2255, 33.02, 30.48, 27.94, 25.4, 22.86, 20.32, 17.78, 15.24, 12.7, 10.16, 7.62, 5.08, 2.54, 0, 2.54, 36.3673, 34.0777, 31.8261, 29.6212, 27.4743, 25.4, 
213.149, 218.198, 54.3168, 49.4942, 47.9522, 45.7489, 35.56, 33.02, 30.48, 27.94, 25.4, 22.86, 20.32, 17.78, 15.24, 12.7, 10.16, 7.62, 5.08, 2.54, 0, 38.6881, 36.3673, 34.0777, 31.8261, 29.6212, 27.4743, 
196.958, 202.029, 46.0364, 36.1805, 32.0493, 22.606, 15.24, 15.4502, 16.0644, 17.0388, 18.3162, 19.838, 21.5526, 23.4176, 25.4, 27.4743, 29.6212, 31.8261, 34.0777, 36.3673, 38.6881, 0, 2.54, 5.08, 7.62, 10.16, 12.7, 
196.821, 201.895, 46.649, 36.9568, 32.9231, 23.8287, 15.4502, 15.24, 15.4502, 16.0644, 17.0388, 18.3162, 19.838, 21.5526, 23.4176, 25.4, 27.4743, 29.6212, 31.8261, 34.0777, 36.3673, 2.54, 0, 2.54, 5.08, 7.62, 10.16, 
196.716, 201.793, 47.3899, 37.8877, 33.9648, 25.2484, 16.0644, 15.4502, 15.24, 15.4502, 16.0644, 17.0388, 18.3162, 19.838, 21.5526, 23.4176, 25.4, 27.4743, 29.6212, 31.8261, 34.0777, 5.08, 2.54, 0, 2.54, 5.08, 7.62, 
196.643, 201.722, 48.2533, 38.9623, 35.1595, 26.834, 17.0388, 16.0644, 15.4502, 15.24, 15.4502, 16.0644, 17.0388, 18.3162, 19.838, 21.5526, 23.4176, 25.4, 27.4743, 29.6212, 31.8261, 7.62, 5.08, 2.54, 0, 2.54, 5.08, 
196.604, 201.684, 49.2328, 40.169, 36.4921, 28.5578, 18.3162, 17.0388, 16.0644, 15.4502, 15.24, 15.4502, 16.0644, 17.0388, 18.3162, 19.838, 21.5526, 23.4176, 25.4, 27.4743, 29.6212, 10.16, 7.62, 5.08, 2.54, 0, 2.54, 
196.597, 201.677, 50.3215, 41.4962, 37.9481, 30.3963, 19.838, 18.3162, 17.0388, 16.0644, 15.4502, 15.24, 15.4502, 16.0644, 17.0388, 18.3162, 19.838, 21.5526, 23.4176, 25.4, 27.4743, 12.7, 10.16, 7.62, 5.08, 2.54, 0, 
Scaled Distances:
0, 3.24333e+07, 3.06456e+09, 2.93538e+09, 2.88049e+09, 2.75138e+09, 2.6768e+09, 2.67517e+09, 2.67392e+09, 2.67307e+09, 2.6726e+09, 2.67252e+09, 2.67284e+09, 2.67353e+09, 2.67462e+09, 2.6761e+09, 2.67796e+09, 2.68021e+09, 2.68285e+09, 2.68587e+09, 2.68927e+09, 2.48253e+09, 2.48077e+09, 2.47943e+09, 2.47851e+09, 2.47801e+09, 2.47793e+09, 
3.24333e+07, 0, 3.12917e+09, 2.99997e+09, 2.94507e+09, 2.81593e+09, 2.74156e+09, 2.73997e+09, 2.73876e+09, 2.73792e+09, 2.73747e+09, 2.73739e+09, 2.73769e+09, 2.73838e+09, 2.73944e+09, 2.74088e+09, 2.7427e+09, 2.7449e+09, 2.74747e+09, 2.75042e+09, 2.75375e+09, 2.54728e+09, 2.54557e+09, 2.54426e+09, 2.54336e+09, 2.54287e+09, 2.54279e+09, 
3.06456e+09, 3.12917e+09, 0, 9.73e+07, 1.52437e+08, 2.8217e+08, 3.67563e+08, 3.78972e+08, 3.92555e+08, 4.08111e+08, 4.2544e+08, 4.44348e+08, 4.64654e+08, 4.86196e+08, 5.08824e+08, 5.3241e+08, 5.56837e+08, 5.82005e+08, 6.07827e+08, 6.34227e+08, 6.6114e+08, 5.55407e+08, 5.63228e+08, 5.7269e+08, 5.83715e+08, 5.96221e+08, 6.10123e+08, 
2.93538e+09, 2.99997e+09, 9.73e+07, 0, 2.27033e+07, 1.52437e+08, 2.4751e+08, 2.63582e+08, 2.82187e+08, 3.02903e+08, 3.25364e+08, 3.49262e+08, 3.74343e+08, 4.00403e+08, 4.27274e+08, 4.54823e+08, 4.8294e+08, 5.11539e+08, 5.40545e+08, 5.69902e+08, 5.99559e+08, 4.29557e+08, 4.39469e+08, 4.51356e+08, 4.65077e+08, 4.80485e+08, 4.97432e+08, 
2.88049e+09, 2.94507e+09, 1.52437e+08, 2.27033e+07, 0, 9.73e+07, 1.99663e+08, 2.18815e+08, 2.40489e+08, 2.64132e+08, 2.89311e+08, 3.15693e+08, 3.43024e+08, 3.71111e+08, 3.99807e+08, 4.28998e+08, 4.58597e+08, 4.88533e+08, 5.18752e+08, 5.49209e+08, 5.7987e+08, 3.76805e+08, 3.87963e+08, 4.01265e+08, 4.16519e+08, 4.33536e+08, 4.52128e+08, 
2.75138e+09, 2.81593e+09, 2.8217e+08, 1.52437e+08, 9.73e+07, 0, 1.09719e+08, 1.39218e+08, 1.69619e+08, 2.00568e+08, 2.31873e+08, 2.63422e+08, 2.95143e+08, 3.26992e+08, 3.58936e+08, 3.90955e+08, 4.23033e+08, 4.55157e+08, 4.8732e+08, 5.19515e+08, 5.51736e+08, 2.56223e+08, 2.71836e+08, 2.89964e+08, 3.10211e+08, 3.32222e+08, 3.55698e+08, 
2.6768e+09, 2.74156e+09, 3.67563e+08, 2.4751e+08, 1.99663e+08, 1.09719e+08, 0, 0, 3.24333e+07, 6.48667e+07, 9.73e+07, 1.29733e+08, 1.62167e+08, 1.946e+08, 2.27033e+08, 2.59467e+08, 2.919e+08, 3.24333e+08, 3.56767e+08, 3.892e+08, 4.21633e+08, 1.62167e+08, 1.64851e+08, 1.72693e+08, 1.85136e+08, 2.01447e+08, 2.20879e+08, 
2.67517e+09, 2.73997e+09, 3.78972e+08, 2.63582e+08, 2.18815e+08, 1.39218e+08, 0, 0, 0, 3.24333e+07, 6.48667e+07, 9.73e+07, 1.29733e+08, 1.62167e+08, 1.946e+08, 2.27033e+08, 2.59467e+08, 2.919e+08, 3.24333e+08, 3.56767e+08, 3.892e+08, 1.64851e+08, 1.62167e+08, 1.64851e+08, 1.72693e+08, 1.85136e+08, 2.01447e+08, 
2.67392e+09, 2.73876e+09, 3.92555e+08, 2.82187e+08, 2.40489e+08, 1.69619e+08, 3.24333e+07, 0, 0, 0, 3.24333e+07, 6.48667e+07, 9.73e+07, 1.29733e+08, 1.62167e+08, 1.946e+08, 2.27033e+08, 2.59467e+08, 2.919e+08, 3.24333e+08, 3.56767e+08, 1.72693e+08, 1.64851e+08, 1.62167e+08, 1.64851e+08, 1.72693e+08, 1.85136e+08, 
2.67307e+09, 2.73792e+09, 4.08111e+08, 3.02903e+08, 2.64132e+08, 2.00568e+08, 6.48667e+07, 3.24333e+07, 0, 0, 0, 3.24333e+07, 6.48667e+07, 9.73e+07, 1.29733e+08, 1.62167e+08, 1.946e+08, 2.27033e+08, 2.59467e+08, 2.919e+08, 3.24333e+08, 1.85136e+08, 1.72693e+08, 1.64851e+08, 1.62167e+08, 1.64851e+08, 1.72693e+08, 
2.6726e+09, 2.73747e+09, 4.2544e+08, 3.25364e+08, 2.89311e+08, 2.31873e+08, 9.73e+07, 6.48667e+07, 3.24333e+07, 0, 0, 0, 3.24333e+07, 6.48667e+07, 9.73e+07, 1.29733e+08, 1.62167e+08, 1.946e+08, 2.27033e+08, 2.59467e+08, 2.919e+08, 2.01447e+08, 1.85136e+08, 1.72693e+08, 1.64851e+08, 1.62167e+08, 1.64851e+08, 
2.67252e+09, 2.73739e+09, 4.44348e+08, 3.49262e+08, 3.15693e+08, 2.63422e+08, 1.29733e+08, 9.73e+07, 6.48667e+07, 3.24333e+07, 0, 0, 0, 3.24333e+07, 6.48667e+07, 9.73e+07, 1.29733e+08, 1.62167e+08, 1.946e+08, 2.27033e+08, 2.59467e+08, 2.20879e+08, 2.01447e+08, 1.85136e+08, 1.72693e+08, 1.64851e+08, 1.62167e+08, 
2.67284e+09, 2.73769e+09, 4.64654e+08, 3.74343e+08, 3.43024e+08, 2.95143e+08, 1.62167e+08, 1.29733e+08, 9.73e+07, 6.48667e+07, 3.24333e+07, 0, 0, 0, 3.24333e+07, 6.48667e+07, 9.73e+07, 1.29733e+08, 1.62167e+08, 1.946e+08, 2.27033e+08, 2.42773e+08, 2.20879e+08, 2.01447e+08, 1.85136e+08, 1.72693e+08, 1.64851e+08, 
2.67353e+09, 2.73838e+09, 4.86196e+08, 4.00403e+08, 3.71111e+08, 3.26992e+08, 1.946e+08, 1.62167e+08, 1.29733e+08, 9.73e+07, 6.48667e+07, 3.24333e+07, 0, 0, 0, 3.24333e+07, 6.48667e+07, 9.73e+07, 1.29733e+08, 1.62167e+08, 1.946e+08, 2.66587e+08, 2.42773e+08, 2.20879e+08, 2.01447e+08, 1.85136e+08, 1.72693e+08, 
2.67462e+09, 2.73944e+09, 5.08824e+08, 4.27274e+08, 3.99807e+08, 3.58936e+08, 2.27033e+08, 1.946e+08, 1.62167e+08, 1.29733e+08, 9.73e+07, 6.48667e+07, 3.24333e+07, 0, 0, 0, 3.24333e+07, 6.48667e+07, 9.73e+07, 1.29733e+08, 1.62167e+08, 2.919e+08, 2.66587e+08, 2.42773e+08, 2.20879e+08, 2.01447e+08, 1.85136e+08, 
2.6761e+09, 2.74088e+09, 5.3241e+08, 4.54823e+08, 4.28998e+08, 3.90955e+08, 2.59467e+08, 2.27033e+08, 1.946e+08, 1.62167e+08, 1.29733e+08, 9.73e+07, 6.48667e+07, 3.24333e+07, 0, 0, 0, 3.24333e+07, 6.48667e+07, 9.73e+07, 1.29733e+08, 3.18387e+08, 2.919e+08, 2.66587e+08, 2.42773e+08, 2.20879e+08, 2.01447e+08, 
2.67796e+09, 2.7427e+09, 5.56837e+08, 4.8294e+08, 4.58597e+08, 4.23033e+08, 2.919e+08, 2.59467e+08, 2.27033e+08, 1.946e+08, 1.62167e+08, 1.29733e+08, 9.73e+07, 6.48667e+07, 3.24333e+07, 0, 0, 0, 3.24333e+07, 6.48667e+07, 9.73e+07, 3.45801e+08, 3.18387e+08, 2.919e+08, 2.66587e+08, 2.42773e+08, 2.20879e+08, 
2.68021e+09, 2.7449e+09, 5.82005e+08, 5.11539e+08, 4.88533e+08, 4.55157e+08, 3.24333e+08, 2.919e+08, 2.59467e+08, 2.27033e+08, 1.946e+08, 1.62167e+08, 1.29733e+08, 9.73e+07, 6.48667e+07, 3.24333e+07, 0, 0, 0, 3.24333e+07, 6.48667e+07, 3.73955e+08, 3.45801e+08, 3.18387e+08, 2.919e+08, 2.66587e+08, 2.42773e+08, 
2.68285e+09, 2.74747e+09, 6.07827e+08, 5.40545e+08, 5.18752e+08, 4.8732e+08, 3.56767e+08, 3.24333e+08, 2.919e+08, 2.59467e+08, 2.27033e+08, 1.946e+08, 1.62167e+08, 1.29733e+08, 9.73e+07, 6.48667e+07, 3.24333e+07, 0, 0, 0, 3.24333e+07, 4.02705e+08, 3.73955e+08, 3.45801e+08, 3.18387e+08, 2.919e+08, 2.66587e+08, 
2.68587e+09, 2.75042e+09, 6.34227e+08, 5.69902e+08, 5.49209e+08, 5.19515e+08, 3.892e+08, 3.56767e+08, 3.24333e+08, 2.919e+08, 2.59467e+08, 2.27033e+08, 1.946e+08, 1.62167e+08, 1.29733e+08, 9.73e+07, 6.48667e+07, 3.24333e+07, 0, 0, 0, 4.31941e+08, 4.02705e+08, 3.73955e+08, 3.45801e+08, 3.18387e+08, 2.919e+08, 
2.68927e+09, 2.75375e+09, 6.6114e+08, 5.99559e+08, 5.7987e+08, 5.51736e+08, 4.21633e+08, 3.892e+08, 3.56767e+08, 3.24333e+08, 2.919e+08, 2.59467e+08, 2.27033e+08, 1.946e+08, 1.62167e+08, 1.29733e+08, 9.73e+07, 6.48667e+07, 3.24333e+07, 0, 0, 4.61576e+08, 4.31941e+08, 4.02705e+08, 3.73955e+08, 3.45801e+08, 3.18387e+08, 
2.48253e+09, 2.54728e+09, 5.55407e+08, 4.29557e+08, 3.76805e+08, 2.56223e+08, 1.62167e+08, 1.64851e+08, 1.72693e+08, 1.85136e+08, 2.01447e+08, 2.20879e+08, 2.42773e+08, 2.66587e+08, 2.919e+08, 3.18387e+08, 3.45801e+08, 3.73955e+08, 4.02705e+08, 4.31941e+08, 4.61576e+08, 0, 0, 3.24333e+07, 6.48667e+07, 9.73e+07, 1.29733e+08, 
2.48077e+09, 2.54557e+09, 5.63228e+08, 4.39469e+08, 3.87963e+08, 2.71836e+08, 1.64851e+08, 1.62167e+08, 1.64851e+08, 1.72693e+08, 1.85136e+08, 2.01447e+08, 2.20879e+08, 2.42773e+08, 2.66587e+08, 2.919e+08, 3.18387e+08, 3.45801e+08, 3.73955e+08, 4.02705e+08, 4.31941e+08, 0, 0, 0, 3.24333e+07, 6.48667e+07, 9.73e+07, 
2.47943e+09, 2.54426e+09, 5.7269e+08, 4.51356e+08, 4.01265e+08, 2.89964e+08, 1.72693e+08, 1.64851e+08, 1.62167e+08, 1.64851e+08, 1.72693e+08, 1.85136e+08, 2.01447e+08, 2.20879e+08, 2.42773e+08, 2.66587e+08, 2.919e+08, 3.18387e+08, 3.45801e+08, 3.73955e+08, 4.02705e+08, 3.24333e+07, 0, 0, 0, 3.24333e+07, 6.48667e+07, 
2.47851e+09, 2.54336e+09, 5.83715e+08, 4.65077e+08, 4.16519e+08, 3.10211e+08, 1.85136e+08, 1.72693e+08, 1.64851e+08, 1.62167e+08, 1.64851e+08, 1.72693e+08, 1.85136e+08, 2.01447e+08, 2.20879e+08, 2.42773e+08, 2.66587e+08, 2.919e+08, 3.18387e+08, 3.45801e+08, 3.73955e+08, 6.48667e+07, 3.24333e+07, 0, 0, 0, 3.24333e+07, 
2.47801e+09, 2.54287e+09, 5.96221e+08, 4.80485e+08, 4.33536e+08, 3.32222e+08, 2.01447e+08, 1.85136e+08, 1.72693e+08, 1.64851e+08, 1.62167e+08, 1.64851e+08, 1.72693e+08, 1.85136e+08, 2.01447e+08, 2.20879e+08, 2.42773e+08, 2.66587e+08, 2.919e+08, 3.18387e+08, 3.45801e+08, 9.73e+07, 6.48667e+07, 3.24333e+07, 0, 0, 0, 
2.47793e+09, 2.54279e+09, 6.10123e+08, 4.97432e+08, 4.52128e+08, 3.55698e+08, 2.20879e+08, 2.01447e+08, 1.85136e+08, 1.72693e+08, 1.64851e+08, 1.62167e+08, 1.64851e+08, 1.72693e+08, 1.85136e+08, 2.01447e+08, 2.20879e+08, 2.42773e+08, 2.66587e+08, 2.919e+08, 3.18387e+08, 1.29733e+08, 9.73e+07, 6.48667e+07, 3.24333e+07, 0, 0, 
Optimal total distance (scaled) for 27 points: 3.16037e+09
Optimal total distance for 27 points: 313.543046
Corresponding path (0-indexed):
Point #2
Point #3
Point #4
Point #5
Point #6
Point #7
Point #8
Point #9
Point #10
Point #11
Point #12
Point #13
Point #14
Point #15
Point #16
Point #17
Point #18
Point #19
Point #20
Point #26
Point #25
Point #24
Point #23
Point #22
Point #21
Point #0
Point #1
Execution time: 39224 ms

Elapsed time: 39224 ms


Execution #2/10000

Seed: 2
Estimated max possible cost 375.398203
for path: 
0 1 2 3 4 5 6 7 8 9 10 11 12 13 14 15 16 17 18 19 20 21 22 23 24 25 26 
Execution time: 38957 ms

Elapsed time: 78181 ms


Execution #3/10000

Seed: 3
Estimated max possible cost 375.398203
for path: 
0 1 2 3 4 5 6 7 8 9 10 11 12 13 14 15 16 17 18 19 20 21 22 23 24 25 26 
Execution time: 38714 ms

Elapsed time: 116895 ms


Execution #4/10000

Seed: 4
Estimated max possible cost 375.398203
for path: 
0 1 2 3 4 5 6 7 8 9 10 11 12 13 14 15 16 17 18 19 20 21 22 23 24 25 26 
Execution time: 38782 ms

Elapsed time: 155677 ms


Execution #5/10000

Seed: 5
Estimated max possible cost 375.398203
for path: 
0 1 2 3 4 5 6 7 8 9 10 11 12 13 14 15 16 17 18 19 20 21 22 23 24 25 26 
Execution time: 38907 ms

Elapsed time: 194584 ms


Execution #6/10000

Seed: 6
Estimated max possible cost 375.398203
for path: 
0 1 2 3 4 5 6 7 8 9 10 11 12 13 14 15 16 17 18 19 20 21 22 23 24 25 26 
Execution time: 39279 ms

Elapsed time: 233863 ms


Execution #7/10000

Seed: 7
Estimated max possible cost 375.398203
for path: 
0 1 2 3 4 5 6 7 8 9 10 11 12 13 14 15 16 17 18 19 20 21 22 23 24 25 26 
Execution time: 39953 ms

Elapsed time: 273816 ms


Execution #8/10000

Seed: 8
Estimated max possible cost 375.398203
for path: 
0 1 2 3 4 5 6 7 8 9 10 11 12 13 14 15 16 17 18 19 20 21 22 23 24 25 26 
Execution time: 39376 ms

Elapsed time: 313192 ms


Terminating due to timeout: 313192 ms >= 300000 ms

Executed runs: 7/10000
Total execution time: 313.192 s
Avg execution time: 44741.7 ms
