Solving SHP


Execution #1/10000

Seed: 1
Estimated max possible cost 380.478203
for path: 
0 1 2 3 4 5 6 7 8 9 10 11 12 13 14 15 16 17 18 19 20 21 22 23 24 25 26 27 28 
Memory needed for path: 2224799931 locs, for costs: 1968053535 locs.
Desired precision: 1e+06
Mem constraint for cost_t: 64 bits
Rounded to pow of 2 bytes mem constraint (capped at 64bits) for cost_t: 64 bits
Bits needed for an int to preserve precision: 29
Bits used per cost_t: 29
Selected cost_t = (u)int32_t
Solving with cost_t = j
Memory [GB] needed: 9.40358
Distances:
0, 5.08, 242.54, 232.423, 228.124, 218.013, 212.172, 212.044, 211.947, 211.88, 211.843, 211.837, 211.862, 211.917, 212.002, 212.117, 212.263, 212.44, 212.646, 212.882, 213.149, 196.958, 196.821, 196.716, 196.643, 196.604, 196.597, 196.624, 196.683, 
5.08, 0, 247.599, 237.481, 233.181, 223.068, 217.244, 217.119, 217.024, 216.959, 216.923, 216.917, 216.941, 216.995, 217.078, 217.191, 217.333, 217.505, 217.707, 217.938, 218.198, 202.029, 201.895, 201.793, 201.722, 201.684, 201.677, 201.703, 201.761, 
242.54, 247.599, 0, 10.16, 14.478, 24.638, 31.3255, 32.219, 33.2827, 34.501, 35.8581, 37.3389, 38.9292, 40.6162, 42.3883, 44.2354, 46.1484, 48.1194, 50.1417, 52.2092, 54.3168, 46.0364, 46.649, 47.3899, 48.2533, 49.2328, 50.3215, 51.5126, 52.799, 
232.423, 237.481, 10.16, 0, 4.318, 14.478, 21.9236, 23.1823, 24.6393, 26.2617, 28.0207, 29.8922, 31.8565, 33.8973, 36.0018, 38.1592, 40.3612, 42.6009, 44.8725, 47.1716, 49.4942, 36.1805, 36.9568, 37.8877, 38.9623, 40.169, 41.4962, 42.9328, 44.4681, 
228.124, 233.181, 14.478, 4.318, 0, 10.16, 18.1765, 19.6764, 21.3738, 23.2254, 25.1973, 27.2633, 29.4037, 31.6034, 33.8507, 36.1368, 38.4548, 40.7992, 43.1658, 45.5511, 47.9522, 32.0493, 32.9231, 33.9648, 35.1595, 36.4921, 37.9481, 39.5139, 41.177, 
218.013, 223.068, 24.638, 14.478, 10.16, 0, 11.1326, 13.4428, 15.8236, 18.2474, 20.6991, 23.1698, 25.654, 28.1482, 30.6499, 33.1575, 35.6696, 38.1854, 40.7042, 43.2255, 45.7489, 22.606, 23.8287, 25.2484, 26.834, 28.5578, 30.3963, 32.3299, 34.3426, 
212.172, 217.244, 31.3255, 21.9236, 18.1765, 11.1326, 0, 2.54, 5.08, 7.62, 10.16, 12.7, 15.24, 17.78, 20.32, 22.86, 25.4, 27.94, 30.48, 33.02, 35.56, 15.24, 15.4502, 16.0644, 17.0388, 18.3162, 19.838, 21.5526, 23.4176, 
212.044, 217.119, 32.219, 23.1823, 19.6764, 13.4428, 2.54, 0, 2.54, 5.08, 7.62, 10.16, 12.7, 15.24, 17.78, 20.32, 22.86, 25.4, 27.94, 30.48, 33.02, 15.4502, 15.24, 15.4502, 16.0644, 17.0388, 18.3162, 19.838, 21.5526, 
211.947, 217.024, 33.2827, 24.6393, 21.3738, 15.8236, 5.08, 2.54, 0, 2.54, 5.08, 7.62, 10.16, 12.7, 15.24, 17.78, 20.32, 22.86, 25.4, 27.94, 30.48, 16.0644, 15.4502, 15.24, 15.4502, 16.0644, 17.0388, 18.3162, 19.838, 
211.88, 216.959, 34.501, 26.2617, 23.2254, 18.2474, 7.62, 5.08, 2.54, 0, 2.54, 5.08, 7.62, 10.16, 12.7, 15.24, 17.78, 20.32, 22.86, 25.4, 27.94, 17.0388, 16.0644, 15.4502, 15.24, 15.4502, 16.0644, 17.0388, 18.3162, 
211.843, 216.923, 35.8581, 28.0207, 25.1973, 20.6991, 10.16, 7.62, 5.08, 2.54, 0, 2.54, 5.08, 7.62, 10.16, 12.7, 15.24, 17.78, 20.32, 22.86, 25.4, 18.3162, 17.0388, 16.0644, 15.4502, 15.24, 15.4502, 16.0644, 17.0388, 
211.837, 216.917, 37.3389, 29.8922, 27.2633, 23.1698, 12.7, 10.16, 7.62, 5.08, 2.54, 0, 2.54, 5.08, 7.62, 10.16, 12.7, 15.24, 17.78, 20.32, 22.86, 19.838, 18.3162, 17.0388, 16.0644, 15.4502, 15.24, 15.4502, 16.0644, 
211.862, 216.941, 38.9292, 31.8565, 29.4037, 25.654, 15.24, 12.7, 10.16, 7.62, 5.08, 2.54, 0, 2.54, 5.08, 7.62, 10.16, 12.7, 15.24, 17.78, 20.32, 21.5526, 19.838, 18.3162, 17.0388, 16.0644, 15.4502, 15.24, 15.4502, 
211.917, 216.995, 40.6162, 33.8973, 31.6034, 28.1482, 17.78, 15.24, 12.7, 10.16, 7.62, 5.08, 2.54, 0, 2.54, 5.08, 7.62, 10.16, 12.7, 15.24, 17.78, 23.4176, 21.5526, 19.838, 18.3162, 17.0388, 16.0644, 15.4502, 15.24, 
212.002, 217.078, 42.3883, 36.0018, 33.8507, 30.6499, 20.32, 17.78, 15.24, 12.7, 10.16, 7.62, 5.08, 2.54, 0, 2.54, 5.08, 7.62, 10.16, 12.7, 15.24, 25.4, 23.4176, 21.5526, 19.838, 18.3162, 17.0388, 16.0644, 15.4502, 
212.117, 217.191, 44.2354, 38.1592, 36.1368, 33.1575, 22.86, 20.32, 17.78, 15.24, 12.7, 10.16, 7.62, 5.08, 2.54, 0, 2.54, 5.08, 7.62, 10.16, 12.7, 27.4743, 25.4, 23.4176, 21.5526, 19.838, 18.3162, 17.0388, 16.0644, 
212.263, 217.333, 46.1484, 40.3612, 38.4548, 35.6696, 25.4, 22.86, 20.32, 17.78, 15.24, 12.7, 10.16, 7.62, 5.08, 2.54, 0, 2.54, 5.08, 7.62, 10.16, 29.6212, 27.4743, 25.4, 23.4176, 21.5526, 19.838, 18.3162, 17.0388, 
212.44, 217.505, 48.1194, 42.6009, 40.7992, 38.1854, 27.94, 25.4, 22.86, 20.32, 17.78, 15.24, 12.7, 10.16, 7.62, 5.08, 2.54, 0, 2.54, 5.08, 7.62, 31.8261, 29.6212, 27.4743, 25.4, 23.4176, 21.5526, 19.838, 18.3162, 
212.646, 217.707, 50.1417, 44.8725, 43.1658, 40.7042, 30.48, 27.94, 25.4, 22.86, 20.32, 17.78, 15.24, 12.7, 10.16, 7.62, 5.08, 2.54, 0, 2.54, 5.08, 34.0777, 31.8261, 29.6212, 27.4743, 25.4, 23.4176, 21.5526, 19.838, 
212.882, 217.938, 52.2092, 47.1716, 45.5511, 43.2255, 33.02, 30.48, 27.94, 25.4, 22.86, 20.32, 17.78, 15.24, 12.7, 10.16, 7.62, 5.08, 2.54, 0, 2.54, 36.3673, 34.0777, 31.8261, 29.6212, 27.4743, 25.4, 23.4176, 21.5526, 
213.149, 218.198, 54.3168, 49.4942, 47.9522, 45.7489, 35.56, 33.02, 30.48, 27.94, 25.4, 22.86, 20.32, 17.78, 15.24, 12.7, 10.16, 7.62, 5.08, 2.54, 0, 38.6881, 36.3673, 34.0777, 31.8261, 29.6212, 27.4743, 25.4, 23.4176, 
196.958, 202.029, 46.0364, 36.1805, 32.0493, 22.606, 15.24, 15.4502, 16.0644, 17.0388, 18.3162, 19.838, 21.5526, 23.4176, 25.4, 27.4743, 29.6212, 31.8261, 34.0777, 36.3673, 38.6881, 0, 2.54, 5.08, 7.62, 10.16, 12.7, 15.24, 17.78, 
196.821, 201.895, 46.649, 36.9568, 32.9231, 23.8287, 15.4502, 15.24, 15.4502, 16.0644, 17.0388, 18.3162, 19.838, 21.5526, 23.4176, 25.4, 27.4743, 29.6212, 31.8261, 34.0777, 36.3673, 2.54, 0, 2.54, 5.08, 7.62, 10.16, 12.7, 15.24, 
196.716, 201.793, 47.3899, 37.8877, 33.9648, 25.2484, 16.0644, 15.4502, 15.24, 15.4502, 16.0644, 17.0388, 18.3162, 19.838, 21.5526, 23.4176, 25.4, 27.4743, 29.6212, 31.8261, 34.0777, 5.08, 2.54, 0, 2.54, 5.08, 7.62, 10.16, 12.7, 
196.643, 201.722, 48.2533, 38.9623, 35.1595, 26.834, 17.0388, 16.0644, 15.4502, 15.24, 15.4502, 16.0644, 17.0388, 18.3162, 19.838, 21.5526, 23.4176, 25.4, 27.4743, 29.6212, 31.8261, 7.62, 5.08, 2.54, 0, 2.54, 5.08, 7.62, 10.16, 
196.604, 201.684, 49.2328, 40.169, 36.4921, 28.5578, 18.3162, 17.0388, 16.0644, 15.4502, 15.24, 15.4502, 16.0644, 17.0388, 18.3162, 19.838, 21.5526, 23.4176, 25.4, 27.4743, 29.6212, 10.16, 7.62, 5.08, 2.54, 0, 2.54, 5.08, 7.62, 
196.597, 201.677, 50.3215, 41.4962, 37.9481, 30.3963, 19.838, 18.3162, 17.0388, 16.0644, 15.4502, 15.24, 15.4502, 16.0644, 17.0388, 18.3162, 19.838, 21.5526, 23.4176, 25.4, 27.4743, 12.7, 10.16, 7.62, 5.08, 2.54, 0, 2.54, 5.08, 
196.624, 201.703, 51.5126, 42.9328, 39.5139, 32.3299, 21.5526, 19.838, 18.3162, 17.0388, 16.0644, 15.4502, 15.24, 15.4502, 16.0644, 17.0388, 18.3162, 19.838, 21.5526, 23.4176, 25.4, 15.24, 12.7, 10.16, 7.62, 5.08, 2.54, 0, 2.54, 
196.683, 201.761, 52.799, 44.4681, 41.177, 34.3426, 23.4176, 21.5526, 19.838, 18.3162, 17.0388, 16.0644, 15.4502, 15.24, 15.4502, 16.0644, 17.0388, 18.3162, 19.838, 21.5526, 23.4176, 17.78, 15.24, 12.7, 10.16, 7.62, 5.08, 2.54, 0, 
Scaled Distances:
0, 3.22416e+07, 3.04645e+09, 2.91803e+09, 2.86347e+09, 2.73512e+09, 2.66098e+09, 2.65935e+09, 2.65812e+09, 2.65727e+09, 2.6568e+09, 2.65673e+09, 2.65704e+09, 2.65773e+09, 2.65881e+09, 2.66028e+09, 2.66213e+09, 2.66437e+09, 2.66699e+09, 2.66999e+09, 2.67338e+09, 2.46786e+09, 2.46611e+09, 2.46478e+09, 2.46386e+09, 2.46336e+09, 2.46328e+09, 2.46361e+09, 2.46436e+09, 
3.22416e+07, 0, 3.11067e+09, 2.98223e+09, 2.92766e+09, 2.79929e+09, 2.72536e+09, 2.72378e+09, 2.72257e+09, 2.72174e+09, 2.72129e+09, 2.72121e+09, 2.72151e+09, 2.72219e+09, 2.72325e+09, 2.72468e+09, 2.72649e+09, 2.72867e+09, 2.73123e+09, 2.73417e+09, 2.73747e+09, 2.53222e+09, 2.53052e+09, 2.52922e+09, 2.52833e+09, 2.52784e+09, 2.52776e+09, 2.52809e+09, 2.52882e+09, 
3.04645e+09, 3.11067e+09, 0, 9.67249e+07, 1.51536e+08, 2.80502e+08, 3.65391e+08, 3.76732e+08, 3.90234e+08, 4.05699e+08, 4.22925e+08, 4.41721e+08, 4.61908e+08, 4.83322e+08, 5.05817e+08, 5.29263e+08, 5.53545e+08, 5.78565e+08, 6.04234e+08, 6.30479e+08, 6.57232e+08, 5.52124e+08, 5.59899e+08, 5.69304e+08, 5.80264e+08, 5.92697e+08, 6.06517e+08, 6.21636e+08, 6.37965e+08, 
2.91803e+09, 2.98223e+09, 9.67249e+07, 0, 2.25691e+07, 1.51536e+08, 2.46047e+08, 2.62024e+08, 2.80519e+08, 3.01112e+08, 3.23441e+08, 3.47197e+08, 3.72131e+08, 3.98036e+08, 4.24749e+08, 4.52134e+08, 4.80086e+08, 5.08515e+08, 5.3735e+08, 5.66533e+08, 5.96015e+08, 4.27018e+08, 4.36871e+08, 4.48688e+08, 4.62328e+08, 4.77645e+08, 4.94492e+08, 5.12728e+08, 5.32217e+08, 
2.86347e+09, 2.92766e+09, 1.51536e+08, 2.25691e+07, 0, 9.67249e+07, 1.98483e+08, 2.17522e+08, 2.39067e+08, 2.62571e+08, 2.87601e+08, 3.13827e+08, 3.40996e+08, 3.68917e+08, 3.97444e+08, 4.26463e+08, 4.55886e+08, 4.85646e+08, 5.15686e+08, 5.45963e+08, 5.76442e+08, 3.74578e+08, 3.8567e+08, 3.98893e+08, 4.14057e+08, 4.30973e+08, 4.49455e+08, 4.69331e+08, 4.90441e+08, 
2.73512e+09, 2.79929e+09, 2.80502e+08, 1.51536e+08, 9.67249e+07, 0, 1.09071e+08, 1.38395e+08, 1.68616e+08, 1.99383e+08, 2.30503e+08, 2.61865e+08, 2.93399e+08, 3.25059e+08, 3.56815e+08, 3.88644e+08, 4.20532e+08, 4.52467e+08, 4.8444e+08, 5.16444e+08, 5.48475e+08, 2.54709e+08, 2.70229e+08, 2.8825e+08, 3.08377e+08, 3.30258e+08, 3.53595e+08, 3.7814e+08, 4.03688e+08, 
2.66098e+09, 2.72536e+09, 3.65391e+08, 2.46047e+08, 1.98483e+08, 1.09071e+08, 0, 0, 3.22416e+07, 6.44832e+07, 9.67249e+07, 1.28966e+08, 1.61208e+08, 1.9345e+08, 2.25691e+08, 2.57933e+08, 2.90175e+08, 3.22416e+08, 3.54658e+08, 3.86899e+08, 4.19141e+08, 1.61208e+08, 1.63877e+08, 1.71672e+08, 1.84042e+08, 2.00256e+08, 2.19573e+08, 2.41338e+08, 2.65011e+08, 
2.65935e+09, 2.72378e+09, 3.76732e+08, 2.62024e+08, 2.17522e+08, 1.38395e+08, 0, 0, 0, 3.22416e+07, 6.44832e+07, 9.67249e+07, 1.28966e+08, 1.61208e+08, 1.9345e+08, 2.25691e+08, 2.57933e+08, 2.90175e+08, 3.22416e+08, 3.54658e+08, 3.86899e+08, 1.63877e+08, 1.61208e+08, 1.63877e+08, 1.71672e+08, 1.84042e+08, 2.00256e+08, 2.19573e+08, 2.41338e+08, 
2.65812e+09, 2.72257e+09, 3.90234e+08, 2.80519e+08, 2.39067e+08, 1.68616e+08, 3.22416e+07, 0, 0, 0, 3.22416e+07, 6.44832e+07, 9.67249e+07, 1.28966e+08, 1.61208e+08, 1.9345e+08, 2.25691e+08, 2.57933e+08, 2.90175e+08, 3.22416e+08, 3.54658e+08, 1.71672e+08, 1.63877e+08, 1.61208e+08, 1.63877e+08, 1.71672e+08, 1.84042e+08, 2.00256e+08, 2.19573e+08, 
2.65727e+09, 2.72174e+09, 4.05699e+08, 3.01112e+08, 2.62571e+08, 1.99383e+08, 6.44832e+07, 3.22416e+07, 0, 0, 0, 3.22416e+07, 6.44832e+07, 9.67249e+07, 1.28966e+08, 1.61208e+08, 1.9345e+08, 2.25691e+08, 2.57933e+08, 2.90175e+08, 3.22416e+08, 1.84042e+08, 1.71672e+08, 1.63877e+08, 1.61208e+08, 1.63877e+08, 1.71672e+08, 1.84042e+08, 2.00256e+08, 
2.6568e+09, 2.72129e+09, 4.22925e+08, 3.23441e+08, 2.87601e+08, 2.30503e+08, 9.67249e+07, 6.44832e+07, 3.22416e+07, 0, 0, 0, 3.22416e+07, 6.44832e+07, 9.67249e+07, 1.28966e+08, 1.61208e+08, 1.9345e+08, 2.25691e+08, 2.57933e+08, 2.90175e+08, 2.00256e+08, 1.84042e+08, 1.71672e+08, 1.63877e+08, 1.61208e+08, 1.63877e+08, 1.71672e+08, 1.84042e+08, 
2.65673e+09, 2.72121e+09, 4.41721e+08, 3.47197e+08, 3.13827e+08, 2.61865e+08, 1.28966e+08, 9.67249e+07, 6.44832e+07, 3.22416e+07, 0, 0, 0, 3.22416e+07, 6.44832e+07, 9.67249e+07, 1.28966e+08, 1.61208e+08, 1.9345e+08, 2.25691e+08, 2.57933e+08, 2.19573e+08, 2.00256e+08, 1.84042e+08, 1.71672e+08, 1.63877e+08, 1.61208e+08, 1.63877e+08, 1.71672e+08, 
2.65704e+09, 2.72151e+09, 4.61908e+08, 3.72131e+08, 3.40996e+08, 2.93399e+08, 1.61208e+08, 1.28966e+08, 9.67249e+07, 6.44832e+07, 3.22416e+07, 0, 0, 0, 3.22416e+07, 6.44832e+07, 9.67249e+07, 1.28966e+08, 1.61208e+08, 1.9345e+08, 2.25691e+08, 2.41338e+08, 2.19573e+08, 2.00256e+08, 1.84042e+08, 1.71672e+08, 1.63877e+08, 1.61208e+08, 1.63877e+08, 
2.65773e+09, 2.72219e+09, 4.83322e+08, 3.98036e+08, 3.68917e+08, 3.25059e+08, 1.9345e+08, 1.61208e+08, 1.28966e+08, 9.67249e+07, 6.44832e+07, 3.22416e+07, 0, 0, 0, 3.22416e+07, 6.44832e+07, 9.67249e+07, 1.28966e+08, 1.61208e+08, 1.9345e+08, 2.65011e+08, 2.41338e+08, 2.19573e+08, 2.00256e+08, 1.84042e+08, 1.71672e+08, 1.63877e+08, 1.61208e+08, 
2.65881e+09, 2.72325e+09, 5.05817e+08, 4.24749e+08, 3.97444e+08, 3.56815e+08, 2.25691e+08, 1.9345e+08, 1.61208e+08, 1.28966e+08, 9.67249e+07, 6.44832e+07, 3.22416e+07, 0, 0, 0, 3.22416e+07, 6.44832e+07, 9.67249e+07, 1.28966e+08, 1.61208e+08, 2.90175e+08, 2.65011e+08, 2.41338e+08, 2.19573e+08, 2.00256e+08, 1.84042e+08, 1.71672e+08, 1.63877e+08, 
2.66028e+09, 2.72468e+09, 5.29263e+08, 4.52134e+08, 4.26463e+08, 3.88644e+08, 2.57933e+08, 2.25691e+08, 1.9345e+08, 1.61208e+08, 1.28966e+08, 9.67249e+07, 6.44832e+07, 3.22416e+07, 0, 0, 0, 3.22416e+07, 6.44832e+07, 9.67249e+07, 1.28966e+08, 3.16505e+08, 2.90175e+08, 2.65011e+08, 2.41338e+08, 2.19573e+08, 2.00256e+08, 1.84042e+08, 1.71672e+08, 
2.66213e+09, 2.72649e+09, 5.53545e+08, 4.80086e+08, 4.55886e+08, 4.20532e+08, 2.90175e+08, 2.57933e+08, 2.25691e+08, 1.9345e+08, 1.61208e+08, 1.28966e+08, 9.67249e+07, 6.44832e+07, 3.22416e+07, 0, 0, 0, 3.22416e+07, 6.44832e+07, 9.67249e+07, 3.43757e+08, 3.16505e+08, 2.90175e+08, 2.65011e+08, 2.41338e+08, 2.19573e+08, 2.00256e+08, 1.84042e+08, 
2.66437e+09, 2.72867e+09, 5.78565e+08, 5.08515e+08, 4.85646e+08, 4.52467e+08, 3.22416e+08, 2.90175e+08, 2.57933e+08, 2.25691e+08, 1.9345e+08, 1.61208e+08, 1.28966e+08, 9.67249e+07, 6.44832e+07, 3.22416e+07, 0, 0, 0, 3.22416e+07, 6.44832e+07, 3.71745e+08, 3.43757e+08, 3.16505e+08, 2.90175e+08, 2.65011e+08, 2.41338e+08, 2.19573e+08, 2.00256e+08, 
2.66699e+09, 2.73123e+09, 6.04234e+08, 5.3735e+08, 5.15686e+08, 4.8444e+08, 3.54658e+08, 3.22416e+08, 2.90175e+08, 2.57933e+08, 2.25691e+08, 1.9345e+08, 1.61208e+08, 1.28966e+08, 9.67249e+07, 6.44832e+07, 3.22416e+07, 0, 0, 0, 3.22416e+07, 4.00325e+08, 3.71745e+08, 3.43757e+08, 3.16505e+08, 2.90175e+08, 2.65011e+08, 2.41338e+08, 2.19573e+08, 
2.66999e+09, 2.73417e+09, 6.30479e+08, 5.66533e+08, 5.45963e+08, 5.16444e+08, 3.86899e+08, 3.54658e+08, 3.22416e+08, 2.90175e+08, 2.57933e+08, 2.25691e+08, 1.9345e+08, 1.61208e+08, 1.28966e+08, 9.67249e+07, 6.44832e+07, 3.22416e+07, 0, 0, 0, 4.29388e+08, 4.00325e+08, 3.71745e+08, 3.43757e+08, 3.16505e+08, 2.90175e+08, 2.65011e+08, 2.41338e+08, 
2.67338e+09, 2.73747e+09, 6.57232e+08, 5.96015e+08, 5.76442e+08, 5.48475e+08, 4.19141e+08, 3.86899e+08, 3.54658e+08, 3.22416e+08, 2.90175e+08, 2.57933e+08, 2.25691e+08, 1.9345e+08, 1.61208e+08, 1.28966e+08, 9.67249e+07, 6.44832e+07, 3.22416e+07, 0, 0, 4.58848e+08, 4.29388e+08, 4.00325e+08, 3.71745e+08, 3.43757e+08, 3.16505e+08, 2.90175e+08, 2.65011e+08, 
2.46786e+09, 2.53222e+09, 5.52124e+08, 4.27018e+08, 3.74578e+08, 2.54709e+08, 1.61208e+08, 1.63877e+08, 1.71672e+08, 1.84042e+08, 2.00256e+08, 2.19573e+08, 2.41338e+08, 2.65011e+08, 2.90175e+08, 3.16505e+08, 3.43757e+08, 3.71745e+08, 4.00325e+08, 4.29388e+08, 4.58848e+08, 0, 0, 3.22416e+07, 6.44832e+07, 9.67249e+07, 1.28966e+08, 1.61208e+08, 1.9345e+08, 
2.46611e+09, 2.53052e+09, 5.59899e+08, 4.36871e+08, 3.8567e+08, 2.70229e+08, 1.63877e+08, 1.61208e+08, 1.63877e+08, 1.71672e+08, 1.84042e+08, 2.00256e+08, 2.19573e+08, 2.41338e+08, 2.65011e+08, 2.90175e+08, 3.16505e+08, 3.43757e+08, 3.71745e+08, 4.00325e+08, 4.29388e+08, 0, 0, 0, 3.22416e+07, 6.44832e+07, 9.67249e+07, 1.28966e+08, 1.61208e+08, 
2.46478e+09, 2.52922e+09, 5.69304e+08, 4.48688e+08, 3.98893e+08, 2.8825e+08, 1.71672e+08, 1.63877e+08, 1.61208e+08, 1.63877e+08, 1.71672e+08, 1.84042e+08, 2.00256e+08, 2.19573e+08, 2.41338e+08, 2.65011e+08, 2.90175e+08, 3.16505e+08, 3.43757e+08, 3.71745e+08, 4.00325e+08, 3.22416e+07, 0, 0, 0, 3.22416e+07, 6.44832e+07, 9.67249e+07, 1.28966e+08, 
2.46386e+09, 2.52833e+09, 5.80264e+08, 4.62328e+08, 4.14057e+08, 3.08377e+08, 1.84042e+08, 1.71672e+08, 1.63877e+08, 1.61208e+08, 1.63877e+08, 1.71672e+08, 1.84042e+08, 2.00256e+08, 2.19573e+08, 2.41338e+08, 2.65011e+08, 2.90175e+08, 3.16505e+08, 3.43757e+08, 3.71745e+08, 6.44832e+07, 3.22416e+07, 0, 0, 0, 3.22416e+07, 6.44832e+07, 9.67249e+07, 
2.46336e+09, 2.52784e+09, 5.92697e+08, 4.77645e+08, 4.30973e+08, 3.30258e+08, 2.00256e+08, 1.84042e+08, 1.71672e+08, 1.63877e+08, 1.61208e+08, 1.63877e+08, 1.71672e+08, 1.84042e+08, 2.00256e+08, 2.19573e+08, 2.41338e+08, 2.65011e+08, 2.90175e+08, 3.16505e+08, 3.43757e+08, 9.67249e+07, 6.44832e+07, 3.22416e+07, 0, 0, 0, 3.22416e+07, 6.44832e+07, 
2.46328e+09, 2.52776e+09, 6.06517e+08, 4.94492e+08, 4.49455e+08, 3.53595e+08, 2.19573e+08, 2.00256e+08, 1.84042e+08, 1.71672e+08, 1.63877e+08, 1.61208e+08, 1.63877e+08, 1.71672e+08, 1.84042e+08, 2.00256e+08, 2.19573e+08, 2.41338e+08, 2.65011e+08, 2.90175e+08, 3.16505e+08, 1.28966e+08, 9.67249e+07, 6.44832e+07, 3.22416e+07, 0, 0, 0, 3.22416e+07, 
2.46361e+09, 2.52809e+09, 6.21636e+08, 5.12728e+08, 4.69331e+08, 3.7814e+08, 2.41338e+08, 2.19573e+08, 2.00256e+08, 1.84042e+08, 1.71672e+08, 1.63877e+08, 1.61208e+08, 1.63877e+08, 1.71672e+08, 1.84042e+08, 2.00256e+08, 2.19573e+08, 2.41338e+08, 2.65011e+08, 2.90175e+08, 1.61208e+08, 1.28966e+08, 9.67249e+07, 6.44832e+07, 3.22416e+07, 0, 0, 0, 
2.46436e+09, 2.52882e+09, 6.37965e+08, 5.32217e+08, 4.90441e+08, 4.03688e+08, 2.65011e+08, 2.41338e+08, 2.19573e+08, 2.00256e+08, 1.84042e+08, 1.71672e+08, 1.63877e+08, 1.61208e+08, 1.63877e+08, 1.71672e+08, 1.84042e+08, 2.00256e+08, 2.19573e+08, 2.41338e+08, 2.65011e+08, 1.9345e+08, 1.61208e+08, 1.28966e+08, 9.67249e+07, 6.44832e+07, 3.22416e+07, 0, 0, 
Optimal total distance (scaled) for 29 points: 3.0902e+09
Optimal total distance for 29 points: 314.566388
Corresponding path (0-indexed):
Point #2
Point #3
Point #4
Point #5
Point #6
Point #7
Point #8
Point #9
Point #10
Point #11
Point #12
Point #13
Point #14
Point #15
Point #16
Point #17
Point #18
Point #19
Point #20
Point #28
Point #27
Point #26
Point #25
Point #24
Point #23
Point #22
Point #21
Point #0
Point #1
Execution time: 116598 ms

Elapsed time: 116598 ms


Execution #2/10000

Seed: 2
Estimated max possible cost 380.478203
for path: 
0 1 2 3 4 5 6 7 8 9 10 11 12 13 14 15 16 17 18 19 20 21 22 23 24 25 26 27 28 
Execution time: 116778 ms

Elapsed time: 233376 ms


Execution #3/10000

Seed: 3
Estimated max possible cost 380.478203
for path: 
0 1 2 3 4 5 6 7 8 9 10 11 12 13 14 15 16 17 18 19 20 21 22 23 24 25 26 27 28 
Execution time: 116349 ms

Elapsed time: 349725 ms


Terminating due to timeout: 349725 ms >= 300000 ms

Executed runs: 2/10000
Total execution time: 349.725 s
Avg execution time: 174862 ms
