Solving TSP


Execution #1/10000

Seed: 1
Estimated max possible cost 528.829608
for path: 
0 1 2 3 4 5 6 7 8 9 10 11 12 13 14 15 16 17 0
Memory needed for path: 252892 locs, for costs: 330616 locs.
Desired precision: 1e+12
Mem constraint for cost_t: 64 bits
Rounded to pow of 2 bytes mem constraint (capped at 64bits) for cost_t: 64 bits
Bits needed for an int to preserve precision: 49
Bits used per cost_t: 49
Selected cost_t = (u)int64_t
Solving with cost_t = y
Memory [GB] needed: 0.00269881
Distances:
0, 5.08, 242.54, 232.423, 228.124, 218.013, 212.172, 212.044, 211.947, 211.88, 211.843, 211.837, 211.862, 211.917, 212.002, 212.117, 212.263, 212.44, 
5.08, 0, 247.599, 237.481, 233.181, 223.068, 217.244, 217.119, 217.024, 216.959, 216.923, 216.917, 216.941, 216.995, 217.078, 217.191, 217.333, 217.505, 
242.54, 247.599, 0, 10.16, 14.478, 24.638, 31.3255, 32.219, 33.2827, 34.501, 35.8581, 37.3389, 38.9292, 40.6162, 42.3883, 44.2354, 46.1484, 48.1194, 
232.423, 237.481, 10.16, 0, 4.318, 14.478, 21.9236, 23.1823, 24.6393, 26.2617, 28.0207, 29.8922, 31.8565, 33.8973, 36.0018, 38.1592, 40.3612, 42.6009, 
228.124, 233.181, 14.478, 4.318, 0, 10.16, 18.1765, 19.6764, 21.3738, 23.2254, 25.1973, 27.2633, 29.4037, 31.6034, 33.8507, 36.1368, 38.4548, 40.7992, 
218.013, 223.068, 24.638, 14.478, 10.16, 0, 11.1326, 13.4428, 15.8236, 18.2474, 20.6991, 23.1698, 25.654, 28.1482, 30.6499, 33.1575, 35.6696, 38.1854, 
212.172, 217.244, 31.3255, 21.9236, 18.1765, 11.1326, 0, 2.54, 5.08, 7.62, 10.16, 12.7, 15.24, 17.78, 20.32, 22.86, 25.4, 27.94, 
212.044, 217.119, 32.219, 23.1823, 19.6764, 13.4428, 2.54, 0, 2.54, 5.08, 7.62, 10.16, 12.7, 15.24, 17.78, 20.32, 22.86, 25.4, 
211.947, 217.024, 33.2827, 24.6393, 21.3738, 15.8236, 5.08, 2.54, 0, 2.54, 5.08, 7.62, 10.16, 12.7, 15.24, 17.78, 20.32, 22.86, 
211.88, 216.959, 34.501, 26.2617, 23.2254, 18.2474, 7.62, 5.08, 2.54, 0, 2.54, 5.08, 7.62, 10.16, 12.7, 15.24, 17.78, 20.32, 
211.843, 216.923, 35.8581, 28.0207, 25.1973, 20.6991, 10.16, 7.62, 5.08, 2.54, 0, 2.54, 5.08, 7.62, 10.16, 12.7, 15.24, 17.78, 
211.837, 216.917, 37.3389, 29.8922, 27.2633, 23.1698, 12.7, 10.16, 7.62, 5.08, 2.54, 0, 2.54, 5.08, 7.62, 10.16, 12.7, 15.24, 
211.862, 216.941, 38.9292, 31.8565, 29.4037, 25.654, 15.24, 12.7, 10.16, 7.62, 5.08, 2.54, 0, 2.54, 5.08, 7.62, 10.16, 12.7, 
211.917, 216.995, 40.6162, 33.8973, 31.6034, 28.1482, 17.78, 15.24, 12.7, 10.16, 7.62, 5.08, 2.54, 0, 2.54, 5.08, 7.62, 10.16, 
212.002, 217.078, 42.3883, 36.0018, 33.8507, 30.6499, 20.32, 17.78, 15.24, 12.7, 10.16, 7.62, 5.08, 2.54, 0, 2.54, 5.08, 7.62, 
212.117, 217.191, 44.2354, 38.1592, 36.1368, 33.1575, 22.86, 20.32, 17.78, 15.24, 12.7, 10.16, 7.62, 5.08, 2.54, 0, 2.54, 5.08, 
212.263, 217.333, 46.1484, 40.3612, 38.4548, 35.6696, 25.4, 22.86, 20.32, 17.78, 15.24, 12.7, 10.16, 7.62, 5.08, 2.54, 0, 2.54, 
212.44, 217.505, 48.1194, 42.6009, 40.7992, 38.1854, 27.94, 25.4, 22.86, 20.32, 17.78, 15.24, 12.7, 10.16, 7.62, 5.08, 2.54, 0, 
Scaled Distances:
0, 9.3502e+16, 8.83482e+18, 8.4624e+18, 8.30416e+18, 7.93195e+18, 7.71693e+18, 7.71223e+18, 7.70865e+18, 7.70618e+18, 7.70484e+18, 7.70461e+18, 7.70551e+18, 7.70753e+18, 7.71066e+18, 7.71492e+18, 7.72029e+18, 7.72678e+18, 
9.3502e+16, 0, 9.02108e+18, 8.64859e+18, 8.49032e+18, 8.11804e+18, 7.90365e+18, 7.89906e+18, 7.89556e+18, 7.89315e+18, 7.89183e+18, 7.89161e+18, 7.89249e+18, 7.89446e+18, 7.89752e+18, 7.90168e+18, 7.90693e+18, 7.91326e+18, 
8.83482e+18, 9.02108e+18, 0, 2.80506e+17, 4.39459e+17, 8.13467e+17, 1.05965e+18, 1.09254e+18, 1.13169e+18, 1.17654e+18, 1.2265e+18, 1.28101e+18, 1.33955e+18, 1.40165e+18, 1.46689e+18, 1.53488e+18, 1.6053e+18, 1.67786e+18, 
8.4624e+18, 8.64859e+18, 2.80506e+17, 0, 6.54514e+16, 4.39459e+17, 7.13545e+17, 7.5988e+17, 8.13515e+17, 8.73238e+17, 9.3799e+17, 1.00689e+18, 1.07919e+18, 1.15432e+18, 1.23179e+18, 1.31121e+18, 1.39227e+18, 1.47471e+18, 
8.30416e+18, 8.49032e+18, 4.39459e+17, 6.54514e+16, 0, 2.80506e+17, 5.75609e+17, 6.30821e+17, 6.93305e+17, 7.61466e+17, 8.34054e+17, 9.1011e+17, 9.88902e+17, 1.06987e+18, 1.1526e+18, 1.23676e+18, 1.32209e+18, 1.40839e+18, 
7.93195e+18, 8.11804e+18, 8.13467e+17, 4.39459e+17, 2.80506e+17, 0, 3.1631e+17, 4.01352e+17, 4.88993e+17, 5.78217e+17, 6.68467e+17, 7.59418e+17, 8.50868e+17, 9.42684e+17, 1.03478e+18, 1.12708e+18, 1.21956e+18, 1.31217e+18, 
7.71693e+18, 7.90365e+18, 1.05965e+18, 7.13545e+17, 5.75609e+17, 3.1631e+17, 0, 262, 9.3502e+16, 1.87004e+17, 2.80506e+17, 3.74008e+17, 4.6751e+17, 5.61012e+17, 6.54514e+17, 7.48016e+17, 8.41518e+17, 9.3502e+17, 
7.71223e+18, 7.89906e+18, 1.09254e+18, 7.5988e+17, 6.30821e+17, 4.01352e+17, 262, 0, 262, 9.3502e+16, 1.87004e+17, 2.80506e+17, 3.74008e+17, 4.6751e+17, 5.61012e+17, 6.54514e+17, 7.48016e+17, 8.41518e+17, 
7.70865e+18, 7.89556e+18, 1.13169e+18, 8.13515e+17, 6.93305e+17, 4.88993e+17, 9.3502e+16, 262, 0, 262, 9.3502e+16, 1.87004e+17, 2.80506e+17, 3.74008e+17, 4.6751e+17, 5.61012e+17, 6.54514e+17, 7.48016e+17, 
7.70618e+18, 7.89315e+18, 1.17654e+18, 8.73238e+17, 7.61466e+17, 5.78217e+17, 1.87004e+17, 9.3502e+16, 262, 0, 262, 9.3502e+16, 1.87004e+17, 2.80506e+17, 3.74008e+17, 4.6751e+17, 5.61012e+17, 6.54514e+17, 
7.70484e+18, 7.89183e+18, 1.2265e+18, 9.3799e+17, 8.34054e+17, 6.68467e+17, 2.80506e+17, 1.87004e+17, 9.3502e+16, 262, 0, 262, 9.3502e+16, 1.87004e+17, 2.80506e+17, 3.74008e+17, 4.6751e+17, 5.61012e+17, 
7.70461e+18, 7.89161e+18, 1.28101e+18, 1.00689e+18, 9.1011e+17, 7.59418e+17, 3.74008e+17, 2.80506e+17, 1.87004e+17, 9.3502e+16, 262, 0, 262, 9.3502e+16, 1.87004e+17, 2.80506e+17, 3.74008e+17, 4.6751e+17, 
7.70551e+18, 7.89249e+18, 1.33955e+18, 1.07919e+18, 9.88902e+17, 8.50868e+17, 4.6751e+17, 3.74008e+17, 2.80506e+17, 1.87004e+17, 9.3502e+16, 262, 0, 523, 9.3502e+16, 1.87004e+17, 2.80506e+17, 3.74008e+17, 
7.70753e+18, 7.89446e+18, 1.40165e+18, 1.15432e+18, 1.06987e+18, 9.42684e+17, 5.61012e+17, 4.6751e+17, 3.74008e+17, 2.80506e+17, 1.87004e+17, 9.3502e+16, 523, 0, 262, 9.3502e+16, 1.87004e+17, 2.80506e+17, 
7.71066e+18, 7.89752e+18, 1.46689e+18, 1.23179e+18, 1.1526e+18, 1.03478e+18, 6.54514e+17, 5.61012e+17, 4.6751e+17, 3.74008e+17, 2.80506e+17, 1.87004e+17, 9.3502e+16, 262, 0, 0, 9.3502e+16, 1.87004e+17, 
7.71492e+18, 7.90168e+18, 1.53488e+18, 1.31121e+18, 1.23676e+18, 1.12708e+18, 7.48016e+17, 6.54514e+17, 5.61012e+17, 4.6751e+17, 3.74008e+17, 2.80506e+17, 1.87004e+17, 9.3502e+16, 0, 0, 523, 9.3502e+16, 
7.72029e+18, 7.90693e+18, 1.6053e+18, 1.39227e+18, 1.32209e+18, 1.21956e+18, 8.41518e+17, 7.48016e+17, 6.54514e+17, 5.61012e+17, 4.6751e+17, 3.74008e+17, 2.80506e+17, 1.87004e+17, 9.3502e+16, 523, 0, 523, 
7.72678e+18, 7.91326e+18, 1.67786e+18, 1.47471e+18, 1.40839e+18, 1.31217e+18, 9.3502e+17, 8.41518e+17, 7.48016e+17, 6.54514e+17, 5.61012e+17, 4.6751e+17, 3.74008e+17, 2.80506e+17, 1.87004e+17, 9.3502e+16, 523, 0, 
Optimal total distance (scaled) for 18 points: 1.76244e+19
Optimal total distance for 18 points: 524.491171
Corresponding path (0-indexed):
Point #17
Point #0
Point #1
Point #5
Point #4
Point #3
Point #2
Point #6
Point #7
Point #8
Point #9
Point #10
Point #11
Point #12
Point #13
Point #14
Point #15
Point #16
Point #17
Execution time: 19 ms

Elapsed time: 19 ms


Execution #2/10000

Seed: 2
Estimated max possible cost 528.829608
for path: 
0 1 2 3 4 5 6 7 8 9 10 11 12 13 14 15 16 17 0
Execution time: 12 ms

Elapsed time: 31 ms


Execution #3/10000

Seed: 3
Estimated max possible cost 528.829608
for path: 
0 1 2 3 4 5 6 7 8 9 10 11 12 13 14 15 16 17 0
Execution time: 9 ms

Elapsed time: 40 ms


Execution #4/10000

Seed: 4
Estimated max possible cost 528.829608
for path: 
0 1 2 3 4 5 6 7 8 9 10 11 12 13 14 15 16 17 0
Execution time: 10 ms

Elapsed time: 50 ms


Execution #5/10000

Seed: 5
Estimated max possible cost 528.829608
for path: 
0 1 2 3 4 5 6 7 8 9 10 11 12 13 14 15 16 17 0
Execution time: 11 ms

Elapsed time: 61 ms


Execution #6/10000

Seed: 6
Estimated max possible cost 528.829608
for path: 
0 1 2 3 4 5 6 7 8 9 10 11 12 13 14 15 16 17 0
Execution time: 14 ms

Elapsed time: 75 ms


Execution #7/10000

Seed: 7
Estimated max possible cost 528.829608
for path: 
0 1 2 3 4 5 6 7 8 9 10 11 12 13 14 15 16 17 0
Execution time: 10 ms

Elapsed time: 85 ms


Execution #8/10000

Seed: 8
Estimated max possible cost 528.829608
for path: 
0 1 2 3 4 5 6 7 8 9 10 11 12 13 14 15 16 17 0
Execution time: 13 ms

Elapsed time: 98 ms


Execution #9/10000

Seed: 9
Estimated max possible cost 528.829608
for path: 
0 1 2 3 4 5 6 7 8 9 10 11 12 13 14 15 16 17 0
Execution time: 16 ms

Elapsed time: 114 ms


Execution #10/10000

Seed: 10
Estimated max possible cost 528.829608
for path: 
0 1 2 3 4 5 6 7 8 9 10 11 12 13 14 15 16 17 0
Execution time: 15 ms

Elapsed time: 129 ms


Execution #11/10000

Seed: 11
Estimated max possible cost 528.829608
for path: 
0 1 2 3 4 5 6 7 8 9 10 11 12 13 14 15 16 17 0
Execution time: 13 ms

Elapsed time: 142 ms


Execution #12/10000

Seed: 12
Estimated max possible cost 528.829608
for path: 
0 1 2 3 4 5 6 7 8 9 10 11 12 13 14 15 16 17 0
Execution time: 10 ms

Elapsed time: 152 ms


Execution #13/10000

Seed: 13
Estimated max possible cost 528.829608
for path: 
0 1 2 3 4 5 6 7 8 9 10 11 12 13 14 15 16 17 0
Execution time: 9 ms

Elapsed time: 161 ms


Execution #14/10000

Seed: 14
Estimated max possible cost 528.829608
for path: 
0 1 2 3 4 5 6 7 8 9 10 11 12 13 14 15 16 17 0
Execution time: 9 ms

Elapsed time: 170 ms


Execution #15/10000

Seed: 15
Estimated max possible cost 528.829608
for path: 
0 1 2 3 4 5 6 7 8 9 10 11 12 13 14 15 16 17 0
Execution time: 9 ms

Elapsed time: 179 ms


Execution #16/10000

Seed: 16
Estimated max possible cost 528.829608
for path: 
0 1 2 3 4 5 6 7 8 9 10 11 12 13 14 15 16 17 0
Execution time: 14 ms

Elapsed time: 193 ms


Execution #17/10000

Seed: 17
Estimated max possible cost 528.829608
for path: 
0 1 2 3 4 5 6 7 8 9 10 11 12 13 14 15 16 17 0
Execution time: 14 ms

Elapsed time: 207 ms


Execution #18/10000

Seed: 18
Estimated max possible cost 528.829608
for path: 
0 1 2 3 4 5 6 7 8 9 10 11 12 13 14 15 16 17 0
Execution time: 12 ms

Elapsed time: 219 ms


Execution #19/10000

Seed: 19
Estimated max possible cost 528.829608
for path: 
0 1 2 3 4 5 6 7 8 9 10 11 12 13 14 15 16 17 0
Execution time: 10 ms

Elapsed time: 229 ms


Execution #20/10000

Seed: 20
Estimated max possible cost 528.829608
for path: 
0 1 2 3 4 5 6 7 8 9 10 11 12 13 14 15 16 17 0
Execution time: 9 ms

Elapsed time: 238 ms


Execution #21/10000

Seed: 21
Estimated max possible cost 528.829608
for path: 
0 1 2 3 4 5 6 7 8 9 10 11 12 13 14 15 16 17 0
Execution time: 9 ms

Elapsed time: 247 ms


Execution #22/10000

Seed: 22
Estimated max possible cost 528.829608
for path: 
0 1 2 3 4 5 6 7 8 9 10 11 12 13 14 15 16 17 0
Execution time: 9 ms

Elapsed time: 256 ms


Execution #23/10000

Seed: 23
Estimated max possible cost 528.829608
for path: 
0 1 2 3 4 5 6 7 8 9 10 11 12 13 14 15 16 17 0
Execution time: 25 ms

Elapsed time: 281 ms


Execution #24/10000

Seed: 24
Estimated max possible cost 528.829608
for path: 
0 1 2 3 4 5 6 7 8 9 10 11 12 13 14 15 16 17 0
Execution time: 21 ms

Elapsed time: 302 ms


Execution #25/10000

Seed: 25
Estimated max possible cost 528.829608
for path: 
0 1 2 3 4 5 6 7 8 9 10 11 12 13 14 15 16 17 0
Execution time: 15 ms

Elapsed time: 317 ms


Execution #26/10000

Seed: 26
Estimated max possible cost 528.829608
for path: 
0 1 2 3 4 5 6 7 8 9 10 11 12 13 14 15 16 17 0
Execution time: 9 ms

Elapsed time: 326 ms


Execution #27/10000

Seed: 27
Estimated max possible cost 528.829608
for path: 
0 1 2 3 4 5 6 7 8 9 10 11 12 13 14 15 16 17 0
Execution time: 11 ms

Elapsed time: 337 ms


Execution #28/10000

Seed: 28
Estimated max possible cost 528.829608
for path: 
0 1 2 3 4 5 6 7 8 9 10 11 12 13 14 15 16 17 0
Execution time: 12 ms

Elapsed time: 349 ms


Execution #29/10000

Seed: 29
Estimated max possible cost 528.829608
for path: 
0 1 2 3 4 5 6 7 8 9 10 11 12 13 14 15 16 17 0
Execution time: 9 ms

Elapsed time: 358 ms


Execution #30/10000

Seed: 30
Estimated max possible cost 528.829608
for path: 
0 1 2 3 4 5 6 7 8 9 10 11 12 13 14 15 16 17 0
Execution time: 12 ms

Elapsed time: 370 ms


Execution #31/10000

Seed: 31
Estimated max possible cost 528.829608
for path: 
0 1 2 3 4 5 6 7 8 9 10 11 12 13 14 15 16 17 0
Execution time: 13 ms

Elapsed time: 383 ms


Execution #32/10000

Seed: 32
Estimated max possible cost 528.829608
for path: 
0 1 2 3 4 5 6 7 8 9 10 11 12 13 14 15 16 17 0
Execution time: 10 ms

Elapsed time: 393 ms


Execution #33/10000

Seed: 33
Estimated max possible cost 528.829608
for path: 
0 1 2 3 4 5 6 7 8 9 10 11 12 13 14 15 16 17 0
Execution time: 9 ms

Elapsed time: 402 ms


Execution #34/10000

Seed: 34
Estimated max possible cost 528.829608
for path: 
0 1 2 3 4 5 6 7 8 9 10 11 12 13 14 15 16 17 0
Execution time: 10 ms

Elapsed time: 412 ms


Execution #35/10000

Seed: 35
Estimated max possible cost 528.829608
for path: 
0 1 2 3 4 5 6 7 8 9 10 11 12 13 14 15 16 17 0
Execution time: 9 ms

Elapsed time: 421 ms


Execution #36/10000

Seed: 36
Estimated max possible cost 528.829608
for path: 
0 1 2 3 4 5 6 7 8 9 10 11 12 13 14 15 16 17 0
Execution time: 9 ms

Elapsed time: 430 ms


Execution #37/10000

Seed: 37
Estimated max possible cost 528.829608
for path: 
0 1 2 3 4 5 6 7 8 9 10 11 12 13 14 15 16 17 0
Execution time: 9 ms

Elapsed time: 439 ms


Execution #38/10000

Seed: 38
Estimated max possible cost 528.829608
for path: 
0 1 2 3 4 5 6 7 8 9 10 11 12 13 14 15 16 17 0
Execution time: 9 ms

Elapsed time: 448 ms


Execution #39/10000

Seed: 39
Estimated max possible cost 528.829608
for path: 
0 1 2 3 4 5 6 7 8 9 10 11 12 13 14 15 16 17 0
Execution time: 14 ms

Elapsed time: 462 ms


Execution #40/10000

Seed: 40
Estimated max possible cost 528.829608
for path: 
0 1 2 3 4 5 6 7 8 9 10 11 12 13 14 15 16 17 0
Execution time: 16 ms

Elapsed time: 478 ms


Execution #41/10000

Seed: 41
Estimated max possible cost 528.829608
for path: 
0 1 2 3 4 5 6 7 8 9 10 11 12 13 14 15 16 17 0
Execution time: 13 ms

Elapsed time: 491 ms


Execution #42/10000

Seed: 42
Estimated max possible cost 528.829608
for path: 
0 1 2 3 4 5 6 7 8 9 10 11 12 13 14 15 16 17 0
Execution time: 13 ms

Elapsed time: 504 ms


Execution #43/10000

Seed: 43
Estimated max possible cost 528.829608
for path: 
0 1 2 3 4 5 6 7 8 9 10 11 12 13 14 15 16 17 0
Execution time: 16 ms

Elapsed time: 520 ms


Execution #44/10000

Seed: 44
Estimated max possible cost 528.829608
for path: 
0 1 2 3 4 5 6 7 8 9 10 11 12 13 14 15 16 17 0
Execution time: 16 ms

Elapsed time: 536 ms


Execution #45/10000

Seed: 45
Estimated max possible cost 528.829608
for path: 
0 1 2 3 4 5 6 7 8 9 10 11 12 13 14 15 16 17 0
Execution time: 10 ms

Elapsed time: 546 ms


Execution #46/10000

Seed: 46
Estimated max possible cost 528.829608
for path: 
0 1 2 3 4 5 6 7 8 9 10 11 12 13 14 15 16 17 0
Execution time: 10 ms

Elapsed time: 556 ms


Execution #47/10000

Seed: 47
Estimated max possible cost 528.829608
for path: 
0 1 2 3 4 5 6 7 8 9 10 11 12 13 14 15 16 17 0
Execution time: 10 ms

Elapsed time: 566 ms


Execution #48/10000

Seed: 48
Estimated max possible cost 528.829608
for path: 
0 1 2 3 4 5 6 7 8 9 10 11 12 13 14 15 16 17 0
Execution time: 9 ms

Elapsed time: 575 ms


Execution #49/10000

Seed: 49
Estimated max possible cost 528.829608
for path: 
0 1 2 3 4 5 6 7 8 9 10 11 12 13 14 15 16 17 0
Execution time: 9 ms

Elapsed time: 584 ms


Execution #50/10000

Seed: 50
Estimated max possible cost 528.829608
for path: 
0 1 2 3 4 5 6 7 8 9 10 11 12 13 14 15 16 17 0
Execution time: 9 ms

Elapsed time: 593 ms


Execution #51/10000

Seed: 51
Estimated max possible cost 528.829608
for path: 
0 1 2 3 4 5 6 7 8 9 10 11 12 13 14 15 16 17 0
Execution time: 10 ms

Elapsed time: 603 ms


Execution #52/10000

Seed: 52
Estimated max possible cost 528.829608
for path: 
0 1 2 3 4 5 6 7 8 9 10 11 12 13 14 15 16 17 0
Execution time: 10 ms

Elapsed time: 613 ms


Execution #53/10000

Seed: 53
Estimated max possible cost 528.829608
for path: 
0 1 2 3 4 5 6 7 8 9 10 11 12 13 14 15 16 17 0
Execution time: 28 ms

Elapsed time: 641 ms


Execution #54/10000

Seed: 54
Estimated max possible cost 528.829608
for path: 
0 1 2 3 4 5 6 7 8 9 10 11 12 13 14 15 16 17 0
Execution time: 16 ms

Elapsed time: 657 ms


Execution #55/10000

Seed: 55
Estimated max possible cost 528.829608
for path: 
0 1 2 3 4 5 6 7 8 9 10 11 12 13 14 15 16 17 0
Execution time: 16 ms

Elapsed time: 673 ms


Execution #56/10000

Seed: 56
Estimated max possible cost 528.829608
for path: 
0 1 2 3 4 5 6 7 8 9 10 11 12 13 14 15 16 17 0
Execution time: 11 ms

Elapsed time: 684 ms


Execution #57/10000

Seed: 57
Estimated max possible cost 528.829608
for path: 
0 1 2 3 4 5 6 7 8 9 10 11 12 13 14 15 16 17 0
Execution time: 10 ms

Elapsed time: 694 ms


Execution #58/10000

Seed: 58
Estimated max possible cost 528.829608
for path: 
0 1 2 3 4 5 6 7 8 9 10 11 12 13 14 15 16 17 0
Execution time: 10 ms

Elapsed time: 704 ms


Execution #59/10000

Seed: 59
Estimated max possible cost 528.829608
for path: 
0 1 2 3 4 5 6 7 8 9 10 11 12 13 14 15 16 17 0
Execution time: 13 ms

Elapsed time: 717 ms


Execution #60/10000

Seed: 60
Estimated max possible cost 528.829608
for path: 
0 1 2 3 4 5 6 7 8 9 10 11 12 13 14 15 16 17 0
Execution time: 15 ms

Elapsed time: 732 ms


Execution #61/10000

Seed: 61
Estimated max possible cost 528.829608
for path: 
0 1 2 3 4 5 6 7 8 9 10 11 12 13 14 15 16 17 0
Execution time: 10 ms

Elapsed time: 742 ms


Execution #62/10000

Seed: 62
Estimated max possible cost 528.829608
for path: 
0 1 2 3 4 5 6 7 8 9 10 11 12 13 14 15 16 17 0
Execution time: 9 ms

Elapsed time: 751 ms


Execution #63/10000

Seed: 63
Estimated max possible cost 528.829608
for path: 
0 1 2 3 4 5 6 7 8 9 10 11 12 13 14 15 16 17 0
Execution time: 10 ms

Elapsed time: 761 ms


Execution #64/10000

Seed: 64
Estimated max possible cost 528.829608
for path: 
0 1 2 3 4 5 6 7 8 9 10 11 12 13 14 15 16 17 0
Execution time: 10 ms

Elapsed time: 771 ms


Execution #65/10000

Seed: 65
Estimated max possible cost 528.829608
for path: 
0 1 2 3 4 5 6 7 8 9 10 11 12 13 14 15 16 17 0
Execution time: 15 ms

Elapsed time: 786 ms


Execution #66/10000

Seed: 66
Estimated max possible cost 528.829608
for path: 
0 1 2 3 4 5 6 7 8 9 10 11 12 13 14 15 16 17 0
Execution time: 11 ms

Elapsed time: 797 ms


Execution #67/10000

Seed: 67
Estimated max possible cost 528.829608
for path: 
0 1 2 3 4 5 6 7 8 9 10 11 12 13 14 15 16 17 0
Execution time: 10 ms

Elapsed time: 807 ms


Execution #68/10000

Seed: 68
Estimated max possible cost 528.829608
for path: 
0 1 2 3 4 5 6 7 8 9 10 11 12 13 14 15 16 17 0
Execution time: 16 ms

Elapsed time: 823 ms


Execution #69/10000

Seed: 69
Estimated max possible cost 528.829608
for path: 
0 1 2 3 4 5 6 7 8 9 10 11 12 13 14 15 16 17 0
Execution time: 9 ms

Elapsed time: 832 ms


Execution #70/10000

Seed: 70
Estimated max possible cost 528.829608
for path: 
0 1 2 3 4 5 6 7 8 9 10 11 12 13 14 15 16 17 0
Execution time: 12 ms

Elapsed time: 844 ms


Execution #71/10000

Seed: 71
Estimated max possible cost 528.829608
for path: 
0 1 2 3 4 5 6 7 8 9 10 11 12 13 14 15 16 17 0
Execution time: 20 ms

Elapsed time: 864 ms


Execution #72/10000

Seed: 72
Estimated max possible cost 528.829608
for path: 
0 1 2 3 4 5 6 7 8 9 10 11 12 13 14 15 16 17 0
Execution time: 40 ms

Elapsed time: 904 ms


Execution #73/10000

Seed: 73
Estimated max possible cost 528.829608
for path: 
0 1 2 3 4 5 6 7 8 9 10 11 12 13 14 15 16 17 0
Execution time: 21 ms

Elapsed time: 925 ms


Execution #74/10000

Seed: 74
Estimated max possible cost 528.829608
for path: 
0 1 2 3 4 5 6 7 8 9 10 11 12 13 14 15 16 17 0
Execution time: 12 ms

Elapsed time: 937 ms


Execution #75/10000

Seed: 75
Estimated max possible cost 528.829608
for path: 
0 1 2 3 4 5 6 7 8 9 10 11 12 13 14 15 16 17 0
Execution time: 10 ms

Elapsed time: 947 ms


Execution #76/10000

Seed: 76
Estimated max possible cost 528.829608
for path: 
0 1 2 3 4 5 6 7 8 9 10 11 12 13 14 15 16 17 0
Execution time: 13 ms

Elapsed time: 960 ms


Execution #77/10000

Seed: 77
Estimated max possible cost 528.829608
for path: 
0 1 2 3 4 5 6 7 8 9 10 11 12 13 14 15 16 17 0
Execution time: 14 ms

Elapsed time: 974 ms


Execution #78/10000

Seed: 78
Estimated max possible cost 528.829608
for path: 
0 1 2 3 4 5 6 7 8 9 10 11 12 13 14 15 16 17 0
Execution time: 11 ms

Elapsed time: 985 ms


Execution #79/10000

Seed: 79
Estimated max possible cost 528.829608
for path: 
0 1 2 3 4 5 6 7 8 9 10 11 12 13 14 15 16 17 0
Execution time: 9 ms

Elapsed time: 994 ms


Execution #80/10000

Seed: 80
Estimated max possible cost 528.829608
for path: 
0 1 2 3 4 5 6 7 8 9 10 11 12 13 14 15 16 17 0
Execution time: 10 ms

Elapsed time: 1004 ms


Execution #81/10000

Seed: 81
Estimated max possible cost 528.829608
for path: 
0 1 2 3 4 5 6 7 8 9 10 11 12 13 14 15 16 17 0
Execution time: 9 ms

Elapsed time: 1013 ms


Execution #82/10000

Seed: 82
Estimated max possible cost 528.829608
for path: 
0 1 2 3 4 5 6 7 8 9 10 11 12 13 14 15 16 17 0
Execution time: 10 ms

Elapsed time: 1023 ms


Execution #83/10000

Seed: 83
Estimated max possible cost 528.829608
for path: 
0 1 2 3 4 5 6 7 8 9 10 11 12 13 14 15 16 17 0
Execution time: 11 ms

Elapsed time: 1034 ms


Execution #84/10000

Seed: 84
Estimated max possible cost 528.829608
for path: 
0 1 2 3 4 5 6 7 8 9 10 11 12 13 14 15 16 17 0
Execution time: 16 ms

Elapsed time: 1050 ms


Execution #85/10000

Seed: 85
Estimated max possible cost 528.829608
for path: 
0 1 2 3 4 5 6 7 8 9 10 11 12 13 14 15 16 17 0
Execution time: 16 ms

Elapsed time: 1066 ms


Execution #86/10000

Seed: 86
Estimated max possible cost 528.829608
for path: 
0 1 2 3 4 5 6 7 8 9 10 11 12 13 14 15 16 17 0
Execution time: 16 ms

Elapsed time: 1082 ms


Execution #87/10000

Seed: 87
Estimated max possible cost 528.829608
for path: 
0 1 2 3 4 5 6 7 8 9 10 11 12 13 14 15 16 17 0
Execution time: 16 ms

Elapsed time: 1098 ms


Execution #88/10000

Seed: 88
Estimated max possible cost 528.829608
for path: 
0 1 2 3 4 5 6 7 8 9 10 11 12 13 14 15 16 17 0
Execution time: 9 ms

Elapsed time: 1107 ms


Execution #89/10000

Seed: 89
Estimated max possible cost 528.829608
for path: 
0 1 2 3 4 5 6 7 8 9 10 11 12 13 14 15 16 17 0
Execution time: 10 ms

Elapsed time: 1117 ms


Execution #90/10000

Seed: 90
Estimated max possible cost 528.829608
for path: 
0 1 2 3 4 5 6 7 8 9 10 11 12 13 14 15 16 17 0
Execution time: 9 ms

Elapsed time: 1126 ms


Execution #91/10000

Seed: 91
Estimated max possible cost 528.829608
for path: 
0 1 2 3 4 5 6 7 8 9 10 11 12 13 14 15 16 17 0
Execution time: 15 ms

Elapsed time: 1141 ms


Execution #92/10000

Seed: 92
Estimated max possible cost 528.829608
for path: 
0 1 2 3 4 5 6 7 8 9 10 11 12 13 14 15 16 17 0
Execution time: 16 ms

Elapsed time: 1157 ms


Execution #93/10000

Seed: 93
Estimated max possible cost 528.829608
for path: 
0 1 2 3 4 5 6 7 8 9 10 11 12 13 14 15 16 17 0
Execution time: 16 ms

Elapsed time: 1173 ms


Execution #94/10000

Seed: 94
Estimated max possible cost 528.829608
for path: 
0 1 2 3 4 5 6 7 8 9 10 11 12 13 14 15 16 17 0
Execution time: 12 ms

Elapsed time: 1185 ms


Execution #95/10000

Seed: 95
Estimated max possible cost 528.829608
for path: 
0 1 2 3 4 5 6 7 8 9 10 11 12 13 14 15 16 17 0
Execution time: 9 ms

Elapsed time: 1194 ms


Execution #96/10000

Seed: 96
Estimated max possible cost 528.829608
for path: 
0 1 2 3 4 5 6 7 8 9 10 11 12 13 14 15 16 17 0
Execution time: 9 ms

Elapsed time: 1203 ms


Execution #97/10000

Seed: 97
Estimated max possible cost 528.829608
for path: 
0 1 2 3 4 5 6 7 8 9 10 11 12 13 14 15 16 17 0
Execution time: 12 ms

Elapsed time: 1215 ms


Execution #98/10000

Seed: 98
Estimated max possible cost 528.829608
for path: 
0 1 2 3 4 5 6 7 8 9 10 11 12 13 14 15 16 17 0
Execution time: 15 ms

Elapsed time: 1230 ms


Execution #99/10000

Seed: 99
Estimated max possible cost 528.829608
for path: 
0 1 2 3 4 5 6 7 8 9 10 11 12 13 14 15 16 17 0
Execution time: 11 ms

Elapsed time: 1241 ms


Execution #100/10000

Seed: 100
Estimated max possible cost 528.829608
for path: 
0 1 2 3 4 5 6 7 8 9 10 11 12 13 14 15 16 17 0
Execution time: 15 ms

Elapsed time: 1256 ms


Execution #101/10000

Seed: 101
Estimated max possible cost 528.829608
for path: 
0 1 2 3 4 5 6 7 8 9 10 11 12 13 14 15 16 17 0
Execution time: 17 ms

Elapsed time: 1273 ms


Execution #102/10000

Seed: 102
Estimated max possible cost 528.829608
for path: 
0 1 2 3 4 5 6 7 8 9 10 11 12 13 14 15 16 17 0
Execution time: 16 ms

Elapsed time: 1289 ms


Execution #103/10000

Seed: 103
Estimated max possible cost 528.829608
for path: 
0 1 2 3 4 5 6 7 8 9 10 11 12 13 14 15 16 17 0
Execution time: 9 ms

Elapsed time: 1298 ms


Execution #104/10000

Seed: 104
Estimated max possible cost 528.829608
for path: 
0 1 2 3 4 5 6 7 8 9 10 11 12 13 14 15 16 17 0
Execution time: 9 ms

Elapsed time: 1307 ms


Execution #105/10000

Seed: 105
Estimated max possible cost 528.829608
for path: 
0 1 2 3 4 5 6 7 8 9 10 11 12 13 14 15 16 17 0
Execution time: 9 ms

Elapsed time: 1316 ms


Execution #106/10000

Seed: 106
Estimated max possible cost 528.829608
for path: 
0 1 2 3 4 5 6 7 8 9 10 11 12 13 14 15 16 17 0
Execution time: 9 ms

Elapsed time: 1325 ms


Execution #107/10000

Seed: 107
Estimated max possible cost 528.829608
for path: 
0 1 2 3 4 5 6 7 8 9 10 11 12 13 14 15 16 17 0
Execution time: 10 ms

Elapsed time: 1335 ms


Execution #108/10000

Seed: 108
Estimated max possible cost 528.829608
for path: 
0 1 2 3 4 5 6 7 8 9 10 11 12 13 14 15 16 17 0
Execution time: 16 ms

Elapsed time: 1351 ms


Execution #109/10000

Seed: 109
Estimated max possible cost 528.829608
for path: 
0 1 2 3 4 5 6 7 8 9 10 11 12 13 14 15 16 17 0
Execution time: 10 ms

Elapsed time: 1361 ms


Execution #110/10000

Seed: 110
Estimated max possible cost 528.829608
for path: 
0 1 2 3 4 5 6 7 8 9 10 11 12 13 14 15 16 17 0
Execution time: 9 ms

Elapsed time: 1370 ms


Execution #111/10000

Seed: 111
Estimated max possible cost 528.829608
for path: 
0 1 2 3 4 5 6 7 8 9 10 11 12 13 14 15 16 17 0
Execution time: 9 ms

Elapsed time: 1379 ms


Execution #112/10000

Seed: 112
Estimated max possible cost 528.829608
for path: 
0 1 2 3 4 5 6 7 8 9 10 11 12 13 14 15 16 17 0
Execution time: 10 ms

Elapsed time: 1389 ms


Execution #113/10000

Seed: 113
Estimated max possible cost 528.829608
for path: 
0 1 2 3 4 5 6 7 8 9 10 11 12 13 14 15 16 17 0
Execution time: 9 ms

Elapsed time: 1398 ms


Execution #114/10000

Seed: 114
Estimated max possible cost 528.829608
for path: 
0 1 2 3 4 5 6 7 8 9 10 11 12 13 14 15 16 17 0
Execution time: 9 ms

Elapsed time: 1407 ms


Execution #115/10000

Seed: 115
Estimated max possible cost 528.829608
for path: 
0 1 2 3 4 5 6 7 8 9 10 11 12 13 14 15 16 17 0
Execution time: 15 ms

Elapsed time: 1422 ms


Execution #116/10000

Seed: 116
Estimated max possible cost 528.829608
for path: 
0 1 2 3 4 5 6 7 8 9 10 11 12 13 14 15 16 17 0
Execution time: 16 ms

Elapsed time: 1438 ms


Execution #117/10000

Seed: 117
Estimated max possible cost 528.829608
for path: 
0 1 2 3 4 5 6 7 8 9 10 11 12 13 14 15 16 17 0
Execution time: 9 ms

Elapsed time: 1447 ms


Execution #118/10000

Seed: 118
Estimated max possible cost 528.829608
for path: 
0 1 2 3 4 5 6 7 8 9 10 11 12 13 14 15 16 17 0
Execution time: 11 ms

Elapsed time: 1458 ms


Execution #119/10000

Seed: 119
Estimated max possible cost 528.829608
for path: 
0 1 2 3 4 5 6 7 8 9 10 11 12 13 14 15 16 17 0
Execution time: 18 ms

Elapsed time: 1476 ms


Execution #120/10000

Seed: 120
Estimated max possible cost 528.829608
for path: 
0 1 2 3 4 5 6 7 8 9 10 11 12 13 14 15 16 17 0
Execution time: 16 ms

Elapsed time: 1492 ms


Execution #121/10000

Seed: 121
Estimated max possible cost 528.829608
for path: 
0 1 2 3 4 5 6 7 8 9 10 11 12 13 14 15 16 17 0
Execution time: 25 ms

Elapsed time: 1517 ms


Execution #122/10000

Seed: 122
Estimated max possible cost 528.829608
for path: 
0 1 2 3 4 5 6 7 8 9 10 11 12 13 14 15 16 17 0
Execution time: 26 ms

Elapsed time: 1543 ms


Execution #123/10000

Seed: 123
Estimated max possible cost 528.829608
for path: 
0 1 2 3 4 5 6 7 8 9 10 11 12 13 14 15 16 17 0
Execution time: 17 ms

Elapsed time: 1560 ms


Execution #124/10000

Seed: 124
Estimated max possible cost 528.829608
for path: 
0 1 2 3 4 5 6 7 8 9 10 11 12 13 14 15 16 17 0
Execution time: 17 ms

Elapsed time: 1577 ms


Execution #125/10000

Seed: 125
Estimated max possible cost 528.829608
for path: 
0 1 2 3 4 5 6 7 8 9 10 11 12 13 14 15 16 17 0
Execution time: 10 ms

Elapsed time: 1587 ms


Execution #126/10000

Seed: 126
Estimated max possible cost 528.829608
for path: 
0 1 2 3 4 5 6 7 8 9 10 11 12 13 14 15 16 17 0
Execution time: 10 ms

Elapsed time: 1597 ms


Execution #127/10000

Seed: 127
Estimated max possible cost 528.829608
for path: 
0 1 2 3 4 5 6 7 8 9 10 11 12 13 14 15 16 17 0
Execution time: 9 ms

Elapsed time: 1606 ms


Execution #128/10000

Seed: 128
Estimated max possible cost 528.829608
for path: 
0 1 2 3 4 5 6 7 8 9 10 11 12 13 14 15 16 17 0
Execution time: 9 ms

Elapsed time: 1615 ms


Execution #129/10000

Seed: 129
Estimated max possible cost 528.829608
for path: 
0 1 2 3 4 5 6 7 8 9 10 11 12 13 14 15 16 17 0
Execution time: 12 ms

Elapsed time: 1627 ms


Execution #130/10000

Seed: 130
Estimated max possible cost 528.829608
for path: 
0 1 2 3 4 5 6 7 8 9 10 11 12 13 14 15 16 17 0
Execution time: 17 ms

Elapsed time: 1644 ms


Execution #131/10000

Seed: 131
Estimated max possible cost 528.829608
for path: 
0 1 2 3 4 5 6 7 8 9 10 11 12 13 14 15 16 17 0
Execution time: 13 ms

Elapsed time: 1657 ms


Execution #132/10000

Seed: 132
Estimated max possible cost 528.829608
for path: 
0 1 2 3 4 5 6 7 8 9 10 11 12 13 14 15 16 17 0
Execution time: 10 ms

Elapsed time: 1667 ms


Execution #133/10000

Seed: 133
Estimated max possible cost 528.829608
for path: 
0 1 2 3 4 5 6 7 8 9 10 11 12 13 14 15 16 17 0
Execution time: 9 ms

Elapsed time: 1676 ms


Execution #134/10000

Seed: 134
Estimated max possible cost 528.829608
for path: 
0 1 2 3 4 5 6 7 8 9 10 11 12 13 14 15 16 17 0
Execution time: 9 ms

Elapsed time: 1685 ms


Execution #135/10000

Seed: 135
Estimated max possible cost 528.829608
for path: 
0 1 2 3 4 5 6 7 8 9 10 11 12 13 14 15 16 17 0
Execution time: 9 ms

Elapsed time: 1694 ms


Execution #136/10000

Seed: 136
Estimated max possible cost 528.829608
for path: 
0 1 2 3 4 5 6 7 8 9 10 11 12 13 14 15 16 17 0
Execution time: 10 ms

Elapsed time: 1704 ms


Execution #137/10000

Seed: 137
Estimated max possible cost 528.829608
for path: 
0 1 2 3 4 5 6 7 8 9 10 11 12 13 14 15 16 17 0
Execution time: 12 ms

Elapsed time: 1716 ms


Execution #138/10000

Seed: 138
Estimated max possible cost 528.829608
for path: 
0 1 2 3 4 5 6 7 8 9 10 11 12 13 14 15 16 17 0
Execution time: 15 ms

Elapsed time: 1731 ms


Execution #139/10000

Seed: 139
Estimated max possible cost 528.829608
for path: 
0 1 2 3 4 5 6 7 8 9 10 11 12 13 14 15 16 17 0
Execution time: 10 ms

Elapsed time: 1741 ms


Execution #140/10000

Seed: 140
Estimated max possible cost 528.829608
for path: 
0 1 2 3 4 5 6 7 8 9 10 11 12 13 14 15 16 17 0
Execution time: 10 ms

Elapsed time: 1751 ms


Execution #141/10000

Seed: 141
Estimated max possible cost 528.829608
for path: 
0 1 2 3 4 5 6 7 8 9 10 11 12 13 14 15 16 17 0
Execution time: 11 ms

Elapsed time: 1762 ms


Execution #142/10000

Seed: 142
Estimated max possible cost 528.829608
for path: 
0 1 2 3 4 5 6 7 8 9 10 11 12 13 14 15 16 17 0
Execution time: 10 ms

Elapsed time: 1772 ms


Execution #143/10000

Seed: 143
Estimated max possible cost 528.829608
for path: 
0 1 2 3 4 5 6 7 8 9 10 11 12 13 14 15 16 17 0
Execution time: 16 ms

Elapsed time: 1788 ms


Execution #144/10000

Seed: 144
Estimated max possible cost 528.829608
for path: 
0 1 2 3 4 5 6 7 8 9 10 11 12 13 14 15 16 17 0
Execution time: 9 ms

Elapsed time: 1797 ms


Execution #145/10000

Seed: 145
Estimated max possible cost 528.829608
for path: 
0 1 2 3 4 5 6 7 8 9 10 11 12 13 14 15 16 17 0
Execution time: 9 ms

Elapsed time: 1806 ms


Execution #146/10000

Seed: 146
Estimated max possible cost 528.829608
for path: 
0 1 2 3 4 5 6 7 8 9 10 11 12 13 14 15 16 17 0
Execution time: 9 ms

Elapsed time: 1815 ms


Execution #147/10000

Seed: 147
Estimated max possible cost 528.829608
for path: 
0 1 2 3 4 5 6 7 8 9 10 11 12 13 14 15 16 17 0
Execution time: 14 ms

Elapsed time: 1829 ms


Execution #148/10000

Seed: 148
Estimated max possible cost 528.829608
for path: 
0 1 2 3 4 5 6 7 8 9 10 11 12 13 14 15 16 17 0
Execution time: 11 ms

Elapsed time: 1840 ms


Execution #149/10000

Seed: 149
Estimated max possible cost 528.829608
for path: 
0 1 2 3 4 5 6 7 8 9 10 11 12 13 14 15 16 17 0
Execution time: 10 ms

Elapsed time: 1850 ms


Execution #150/10000

Seed: 150
Estimated max possible cost 528.829608
for path: 
0 1 2 3 4 5 6 7 8 9 10 11 12 13 14 15 16 17 0
Execution time: 16 ms

Elapsed time: 1866 ms


Execution #151/10000

Seed: 151
Estimated max possible cost 528.829608
for path: 
0 1 2 3 4 5 6 7 8 9 10 11 12 13 14 15 16 17 0
Execution time: 9 ms

Elapsed time: 1875 ms


Execution #152/10000

Seed: 152
Estimated max possible cost 528.829608
for path: 
0 1 2 3 4 5 6 7 8 9 10 11 12 13 14 15 16 17 0
Execution time: 10 ms

Elapsed time: 1885 ms


Execution #153/10000

Seed: 153
Estimated max possible cost 528.829608
for path: 
0 1 2 3 4 5 6 7 8 9 10 11 12 13 14 15 16 17 0
Execution time: 10 ms

Elapsed time: 1895 ms


Execution #154/10000

Seed: 154
Estimated max possible cost 528.829608
for path: 
0 1 2 3 4 5 6 7 8 9 10 11 12 13 14 15 16 17 0
Execution time: 28 ms

Elapsed time: 1923 ms


Execution #155/10000

Seed: 155
Estimated max possible cost 528.829608
for path: 
0 1 2 3 4 5 6 7 8 9 10 11 12 13 14 15 16 17 0
Execution time: 15 ms

Elapsed time: 1938 ms


Execution #156/10000

Seed: 156
Estimated max possible cost 528.829608
for path: 
0 1 2 3 4 5 6 7 8 9 10 11 12 13 14 15 16 17 0
Execution time: 10 ms

Elapsed time: 1948 ms


Execution #157/10000

Seed: 157
Estimated max possible cost 528.829608
for path: 
0 1 2 3 4 5 6 7 8 9 10 11 12 13 14 15 16 17 0
Execution time: 11 ms

Elapsed time: 1959 ms


Execution #158/10000

Seed: 158
Estimated max possible cost 528.829608
for path: 
0 1 2 3 4 5 6 7 8 9 10 11 12 13 14 15 16 17 0
Execution time: 17 ms

Elapsed time: 1976 ms


Execution #159/10000

Seed: 159
Estimated max possible cost 528.829608
for path: 
0 1 2 3 4 5 6 7 8 9 10 11 12 13 14 15 16 17 0
Execution time: 16 ms

Elapsed time: 1992 ms


Execution #160/10000

Seed: 160
Estimated max possible cost 528.829608
for path: 
0 1 2 3 4 5 6 7 8 9 10 11 12 13 14 15 16 17 0
Execution time: 16 ms

Elapsed time: 2008 ms


Execution #161/10000

Seed: 161
Estimated max possible cost 528.829608
for path: 
0 1 2 3 4 5 6 7 8 9 10 11 12 13 14 15 16 17 0
Execution time: 17 ms

Elapsed time: 2025 ms


Execution #162/10000

Seed: 162
Estimated max possible cost 528.829608
for path: 
0 1 2 3 4 5 6 7 8 9 10 11 12 13 14 15 16 17 0
Execution time: 17 ms

Elapsed time: 2042 ms


Execution #163/10000

Seed: 163
Estimated max possible cost 528.829608
for path: 
0 1 2 3 4 5 6 7 8 9 10 11 12 13 14 15 16 17 0
Execution time: 17 ms

Elapsed time: 2059 ms


Execution #164/10000

Seed: 164
Estimated max possible cost 528.829608
for path: 
0 1 2 3 4 5 6 7 8 9 10 11 12 13 14 15 16 17 0
Execution time: 16 ms

Elapsed time: 2075 ms


Execution #165/10000

Seed: 165
Estimated max possible cost 528.829608
for path: 
0 1 2 3 4 5 6 7 8 9 10 11 12 13 14 15 16 17 0
Execution time: 16 ms

Elapsed time: 2091 ms


Execution #166/10000

Seed: 166
Estimated max possible cost 528.829608
for path: 
0 1 2 3 4 5 6 7 8 9 10 11 12 13 14 15 16 17 0
Execution time: 24 ms

Elapsed time: 2115 ms


Execution #167/10000

Seed: 167
Estimated max possible cost 528.829608
for path: 
0 1 2 3 4 5 6 7 8 9 10 11 12 13 14 15 16 17 0
Execution time: 15 ms

Elapsed time: 2130 ms


Execution #168/10000

Seed: 168
Estimated max possible cost 528.829608
for path: 
0 1 2 3 4 5 6 7 8 9 10 11 12 13 14 15 16 17 0
Execution time: 10 ms

Elapsed time: 2140 ms


Execution #169/10000

Seed: 169
Estimated max possible cost 528.829608
for path: 
0 1 2 3 4 5 6 7 8 9 10 11 12 13 14 15 16 17 0
Execution time: 16 ms

Elapsed time: 2156 ms


Execution #170/10000

Seed: 170
Estimated max possible cost 528.829608
for path: 
0 1 2 3 4 5 6 7 8 9 10 11 12 13 14 15 16 17 0
Execution time: 15 ms

Elapsed time: 2171 ms


Execution #171/10000

Seed: 171
Estimated max possible cost 528.829608
for path: 
0 1 2 3 4 5 6 7 8 9 10 11 12 13 14 15 16 17 0
Execution time: 16 ms

Elapsed time: 2187 ms


Execution #172/10000

Seed: 172
Estimated max possible cost 528.829608
for path: 
0 1 2 3 4 5 6 7 8 9 10 11 12 13 14 15 16 17 0
Execution time: 15 ms

Elapsed time: 2202 ms


Execution #173/10000

Seed: 173
Estimated max possible cost 528.829608
for path: 
0 1 2 3 4 5 6 7 8 9 10 11 12 13 14 15 16 17 0
Execution time: 9 ms

Elapsed time: 2211 ms


Execution #174/10000

Seed: 174
Estimated max possible cost 528.829608
for path: 
0 1 2 3 4 5 6 7 8 9 10 11 12 13 14 15 16 17 0
Execution time: 10 ms

Elapsed time: 2221 ms


Execution #175/10000

Seed: 175
Estimated max possible cost 528.829608
for path: 
0 1 2 3 4 5 6 7 8 9 10 11 12 13 14 15 16 17 0
Execution time: 10 ms

Elapsed time: 2231 ms


Execution #176/10000

Seed: 176
Estimated max possible cost 528.829608
for path: 
0 1 2 3 4 5 6 7 8 9 10 11 12 13 14 15 16 17 0
Execution time: 9 ms

Elapsed time: 2240 ms


Execution #177/10000

Seed: 177
Estimated max possible cost 528.829608
for path: 
0 1 2 3 4 5 6 7 8 9 10 11 12 13 14 15 16 17 0
Execution time: 9 ms

Elapsed time: 2249 ms


Execution #178/10000

Seed: 178
Estimated max possible cost 528.829608
for path: 
0 1 2 3 4 5 6 7 8 9 10 11 12 13 14 15 16 17 0
Execution time: 9 ms

Elapsed time: 2258 ms


Execution #179/10000

Seed: 179
Estimated max possible cost 528.829608
for path: 
0 1 2 3 4 5 6 7 8 9 10 11 12 13 14 15 16 17 0
Execution time: 17 ms

Elapsed time: 2275 ms


Execution #180/10000

Seed: 180
Estimated max possible cost 528.829608
for path: 
0 1 2 3 4 5 6 7 8 9 10 11 12 13 14 15 16 17 0
Execution time: 16 ms

Elapsed time: 2291 ms


Execution #181/10000

Seed: 181
Estimated max possible cost 528.829608
for path: 
0 1 2 3 4 5 6 7 8 9 10 11 12 13 14 15 16 17 0
Execution time: 17 ms

Elapsed time: 2308 ms


Execution #182/10000

Seed: 182
Estimated max possible cost 528.829608
for path: 
0 1 2 3 4 5 6 7 8 9 10 11 12 13 14 15 16 17 0
Execution time: 16 ms

Elapsed time: 2324 ms


Execution #183/10000

Seed: 183
Estimated max possible cost 528.829608
for path: 
0 1 2 3 4 5 6 7 8 9 10 11 12 13 14 15 16 17 0
Execution time: 16 ms

Elapsed time: 2340 ms


Execution #184/10000

Seed: 184
Estimated max possible cost 528.829608
for path: 
0 1 2 3 4 5 6 7 8 9 10 11 12 13 14 15 16 17 0
Execution time: 29 ms

Elapsed time: 2369 ms


Execution #185/10000

Seed: 185
Estimated max possible cost 528.829608
for path: 
0 1 2 3 4 5 6 7 8 9 10 11 12 13 14 15 16 17 0
Execution time: 15 ms

Elapsed time: 2384 ms


Execution #186/10000

Seed: 186
Estimated max possible cost 528.829608
for path: 
0 1 2 3 4 5 6 7 8 9 10 11 12 13 14 15 16 17 0
Execution time: 18 ms

Elapsed time: 2402 ms


Execution #187/10000

Seed: 187
Estimated max possible cost 528.829608
for path: 
0 1 2 3 4 5 6 7 8 9 10 11 12 13 14 15 16 17 0
Execution time: 15 ms

Elapsed time: 2417 ms


Execution #188/10000

Seed: 188
Estimated max possible cost 528.829608
for path: 
0 1 2 3 4 5 6 7 8 9 10 11 12 13 14 15 16 17 0
Execution time: 16 ms

Elapsed time: 2433 ms


Execution #189/10000

Seed: 189
Estimated max possible cost 528.829608
for path: 
0 1 2 3 4 5 6 7 8 9 10 11 12 13 14 15 16 17 0
Execution time: 16 ms

Elapsed time: 2449 ms


Execution #190/10000

Seed: 190
Estimated max possible cost 528.829608
for path: 
0 1 2 3 4 5 6 7 8 9 10 11 12 13 14 15 16 17 0
Execution time: 17 ms

Elapsed time: 2466 ms


Execution #191/10000

Seed: 191
Estimated max possible cost 528.829608
for path: 
