Solving TSP


Execution #1/10000

Seed: 1
Estimated max possible cost 531.576018
for path: 
0 1 2 3 4 5 6 7 8 9 10 11 12 13 14 15 16 17 18 0
Memory needed for path: 741744 locs, for costs: 787644 locs.
Desired precision: 1e+12
Mem constraint for cost_t: 64 bits
Rounded to pow of 2 bytes mem constraint (capped at 64bits) for cost_t: 64 bits
Bits needed for an int to preserve precision: 49
Bits used per cost_t: 49
Selected cost_t = (u)int64_t
Solving with cost_t = y
Memory [GB] needed: 0.00655921
Distances:
0, 5.08, 242.54, 232.423, 228.124, 218.013, 212.172, 212.044, 211.947, 211.88, 211.843, 211.837, 211.862, 211.917, 212.002, 212.117, 212.263, 212.44, 212.646, 
5.08, 0, 247.599, 237.481, 233.181, 223.068, 217.244, 217.119, 217.024, 216.959, 216.923, 216.917, 216.941, 216.995, 217.078, 217.191, 217.333, 217.505, 217.707, 
242.54, 247.599, 0, 10.16, 14.478, 24.638, 31.3255, 32.219, 33.2827, 34.501, 35.8581, 37.3389, 38.9292, 40.6162, 42.3883, 44.2354, 46.1484, 48.1194, 50.1417, 
232.423, 237.481, 10.16, 0, 4.318, 14.478, 21.9236, 23.1823, 24.6393, 26.2617, 28.0207, 29.8922, 31.8565, 33.8973, 36.0018, 38.1592, 40.3612, 42.6009, 44.8725, 
228.124, 233.181, 14.478, 4.318, 0, 10.16, 18.1765, 19.6764, 21.3738, 23.2254, 25.1973, 27.2633, 29.4037, 31.6034, 33.8507, 36.1368, 38.4548, 40.7992, 43.1658, 
218.013, 223.068, 24.638, 14.478, 10.16, 0, 11.1326, 13.4428, 15.8236, 18.2474, 20.6991, 23.1698, 25.654, 28.1482, 30.6499, 33.1575, 35.6696, 38.1854, 40.7042, 
212.172, 217.244, 31.3255, 21.9236, 18.1765, 11.1326, 0, 2.54, 5.08, 7.62, 10.16, 12.7, 15.24, 17.78, 20.32, 22.86, 25.4, 27.94, 30.48, 
212.044, 217.119, 32.219, 23.1823, 19.6764, 13.4428, 2.54, 0, 2.54, 5.08, 7.62, 10.16, 12.7, 15.24, 17.78, 20.32, 22.86, 25.4, 27.94, 
211.947, 217.024, 33.2827, 24.6393, 21.3738, 15.8236, 5.08, 2.54, 0, 2.54, 5.08, 7.62, 10.16, 12.7, 15.24, 17.78, 20.32, 22.86, 25.4, 
211.88, 216.959, 34.501, 26.2617, 23.2254, 18.2474, 7.62, 5.08, 2.54, 0, 2.54, 5.08, 7.62, 10.16, 12.7, 15.24, 17.78, 20.32, 22.86, 
211.843, 216.923, 35.8581, 28.0207, 25.1973, 20.6991, 10.16, 7.62, 5.08, 2.54, 0, 2.54, 5.08, 7.62, 10.16, 12.7, 15.24, 17.78, 20.32, 
211.837, 216.917, 37.3389, 29.8922, 27.2633, 23.1698, 12.7, 10.16, 7.62, 5.08, 2.54, 0, 2.54, 5.08, 7.62, 10.16, 12.7, 15.24, 17.78, 
211.862, 216.941, 38.9292, 31.8565, 29.4037, 25.654, 15.24, 12.7, 10.16, 7.62, 5.08, 2.54, 0, 2.54, 5.08, 7.62, 10.16, 12.7, 15.24, 
211.917, 216.995, 40.6162, 33.8973, 31.6034, 28.1482, 17.78, 15.24, 12.7, 10.16, 7.62, 5.08, 2.54, 0, 2.54, 5.08, 7.62, 10.16, 12.7, 
212.002, 217.078, 42.3883, 36.0018, 33.8507, 30.6499, 20.32, 17.78, 15.24, 12.7, 10.16, 7.62, 5.08, 2.54, 0, 2.54, 5.08, 7.62, 10.16, 
212.117, 217.191, 44.2354, 38.1592, 36.1368, 33.1575, 22.86, 20.32, 17.78, 15.24, 12.7, 10.16, 7.62, 5.08, 2.54, 0, 2.54, 5.08, 7.62, 
212.263, 217.333, 46.1484, 40.3612, 38.4548, 35.6696, 25.4, 22.86, 20.32, 17.78, 15.24, 12.7, 10.16, 7.62, 5.08, 2.54, 0, 2.54, 5.08, 
212.44, 217.505, 48.1194, 42.6009, 40.7992, 38.1854, 27.94, 25.4, 22.86, 20.32, 17.78, 15.24, 12.7, 10.16, 7.62, 5.08, 2.54, 0, 2.54, 
212.646, 217.707, 50.1417, 44.8725, 43.1658, 40.7042, 30.48, 27.94, 25.4, 22.86, 20.32, 17.78, 15.24, 12.7, 10.16, 7.62, 5.08, 2.54, 0, 
Scaled Distances:
0, 9.32774e+16, 8.8136e+18, 8.44207e+18, 8.28422e+18, 7.9129e+18, 7.6984e+18, 7.69371e+18, 7.69013e+18, 7.68767e+18, 7.68633e+18, 7.68611e+18, 7.687e+18, 7.68902e+18, 7.69214e+18, 7.69639e+18, 7.70175e+18, 7.70822e+18, 7.7158e+18, 
9.32774e+16, 0, 8.99941e+18, 8.62782e+18, 8.46993e+18, 8.09854e+18, 7.88467e+18, 7.88009e+18, 7.87659e+18, 7.87419e+18, 7.87288e+18, 7.87266e+18, 7.87354e+18, 7.8755e+18, 7.87856e+18, 7.8827e+18, 7.88794e+18, 7.89426e+18, 7.90166e+18, 
8.8136e+18, 8.99941e+18, 0, 2.79832e+17, 4.38404e+17, 8.11513e+17, 1.0571e+18, 1.08991e+18, 1.12898e+18, 1.17372e+18, 1.22355e+18, 1.27793e+18, 1.33633e+18, 1.39829e+18, 1.46337e+18, 1.5312e+18, 1.60145e+18, 1.67383e+18, 1.74809e+18, 
8.44207e+18, 8.62782e+18, 2.79832e+17, 0, 6.52942e+16, 4.38404e+17, 7.11831e+17, 7.58055e+17, 8.11561e+17, 8.71141e+17, 9.35738e+17, 1.00447e+18, 1.0766e+18, 1.15155e+18, 1.22883e+18, 1.30806e+18, 1.38892e+18, 1.47117e+18, 1.55459e+18, 
8.28422e+18, 8.46993e+18, 4.38404e+17, 6.52942e+16, 0, 2.79832e+17, 5.74226e+17, 6.29306e+17, 6.9164e+17, 7.59637e+17, 8.32051e+17, 9.07924e+17, 9.86527e+17, 1.0673e+18, 1.14983e+18, 1.23379e+18, 1.31891e+18, 1.40501e+18, 1.49192e+18, 
7.9129e+18, 8.09854e+18, 8.11513e+17, 4.38404e+17, 2.79832e+17, 0, 3.1555e+17, 4.00388e+17, 4.87819e+17, 5.76828e+17, 6.66862e+17, 7.57594e+17, 8.48824e+17, 9.4042e+17, 1.03229e+18, 1.12438e+18, 1.21663e+18, 1.30902e+18, 1.40152e+18, 
7.6984e+18, 7.88467e+18, 1.0571e+18, 7.11831e+17, 5.74226e+17, 3.1555e+17, 0, 261, 9.32774e+16, 1.86555e+17, 2.79832e+17, 3.7311e+17, 4.66387e+17, 5.59664e+17, 6.52942e+17, 7.46219e+17, 8.39497e+17, 9.32774e+17, 1.02605e+18, 
7.69371e+18, 7.88009e+18, 1.08991e+18, 7.58055e+17, 6.29306e+17, 4.00388e+17, 261, 0, 261, 9.32774e+16, 1.86555e+17, 2.79832e+17, 3.7311e+17, 4.66387e+17, 5.59664e+17, 6.52942e+17, 7.46219e+17, 8.39497e+17, 9.32774e+17, 
7.69013e+18, 7.87659e+18, 1.12898e+18, 8.11561e+17, 6.9164e+17, 4.87819e+17, 9.32774e+16, 261, 0, 261, 9.32774e+16, 1.86555e+17, 2.79832e+17, 3.7311e+17, 4.66387e+17, 5.59664e+17, 6.52942e+17, 7.46219e+17, 8.39497e+17, 
7.68767e+18, 7.87419e+18, 1.17372e+18, 8.71141e+17, 7.59637e+17, 5.76828e+17, 1.86555e+17, 9.32774e+16, 261, 0, 261, 9.32774e+16, 1.86555e+17, 2.79832e+17, 3.7311e+17, 4.66387e+17, 5.59664e+17, 6.52942e+17, 7.46219e+17, 
7.68633e+18, 7.87288e+18, 1.22355e+18, 9.35738e+17, 8.32051e+17, 6.66862e+17, 2.79832e+17, 1.86555e+17, 9.32774e+16, 261, 0, 261, 9.32774e+16, 1.86555e+17, 2.79832e+17, 3.7311e+17, 4.66387e+17, 5.59664e+17, 6.52942e+17, 
7.68611e+18, 7.87266e+18, 1.27793e+18, 1.00447e+18, 9.07924e+17, 7.57594e+17, 3.7311e+17, 2.79832e+17, 1.86555e+17, 9.32774e+16, 261, 0, 261, 9.32774e+16, 1.86555e+17, 2.79832e+17, 3.7311e+17, 4.66387e+17, 5.59664e+17, 
7.687e+18, 7.87354e+18, 1.33633e+18, 1.0766e+18, 9.86527e+17, 8.48824e+17, 4.66387e+17, 3.7311e+17, 2.79832e+17, 1.86555e+17, 9.32774e+16, 261, 0, 522, 9.32774e+16, 1.86555e+17, 2.79832e+17, 3.7311e+17, 4.66387e+17, 
7.68902e+18, 7.8755e+18, 1.39829e+18, 1.15155e+18, 1.0673e+18, 9.4042e+17, 5.59664e+17, 4.66387e+17, 3.7311e+17, 2.79832e+17, 1.86555e+17, 9.32774e+16, 522, 0, 261, 9.32774e+16, 1.86555e+17, 2.79832e+17, 3.7311e+17, 
7.69214e+18, 7.87856e+18, 1.46337e+18, 1.22883e+18, 1.14983e+18, 1.03229e+18, 6.52942e+17, 5.59664e+17, 4.66387e+17, 3.7311e+17, 2.79832e+17, 1.86555e+17, 9.32774e+16, 261, 0, 0, 9.32774e+16, 1.86555e+17, 2.79832e+17, 
7.69639e+18, 7.8827e+18, 1.5312e+18, 1.30806e+18, 1.23379e+18, 1.12438e+18, 7.46219e+17, 6.52942e+17, 5.59664e+17, 4.66387e+17, 3.7311e+17, 2.79832e+17, 1.86555e+17, 9.32774e+16, 0, 0, 522, 9.32774e+16, 1.86555e+17, 
7.70175e+18, 7.88794e+18, 1.60145e+18, 1.38892e+18, 1.31891e+18, 1.21663e+18, 8.39497e+17, 7.46219e+17, 6.52942e+17, 5.59664e+17, 4.66387e+17, 3.7311e+17, 2.79832e+17, 1.86555e+17, 9.32774e+16, 522, 0, 522, 9.32774e+16, 
7.70822e+18, 7.89426e+18, 1.67383e+18, 1.47117e+18, 1.40501e+18, 1.30902e+18, 9.32774e+17, 8.39497e+17, 7.46219e+17, 6.52942e+17, 5.59664e+17, 4.66387e+17, 3.7311e+17, 2.79832e+17, 1.86555e+17, 9.32774e+16, 522, 0, 0, 
7.7158e+18, 7.90166e+18, 1.74809e+18, 1.55459e+18, 1.49192e+18, 1.40152e+18, 1.02605e+18, 9.32774e+17, 8.39497e+17, 7.46219e+17, 6.52942e+17, 5.59664e+17, 4.66387e+17, 3.7311e+17, 2.79832e+17, 1.86555e+17, 9.32774e+16, 0, 0, 
Optimal total distance (scaled) for 19 points: 1.75897e+19
Optimal total distance for 19 points: 527.237580
Corresponding path (0-indexed):
Point #18
Point #0
Point #1
Point #5
Point #4
Point #3
Point #2
Point #6
Point #7
Point #8
Point #9
Point #10
Point #11
Point #12
Point #13
Point #14
Point #15
Point #16
Point #17
Point #18
Execution time: 61 ms

Elapsed time: 61 ms


Execution #2/10000

Seed: 2
Estimated max possible cost 531.576018
for path: 
0 1 2 3 4 5 6 7 8 9 10 11 12 13 14 15 16 17 18 0
Execution time: 50 ms

Elapsed time: 111 ms


Execution #3/10000

Seed: 3
Estimated max possible cost 531.576018
for path: 
0 1 2 3 4 5 6 7 8 9 10 11 12 13 14 15 16 17 18 0
Execution time: 24 ms

Elapsed time: 135 ms


Execution #4/10000

Seed: 4
Estimated max possible cost 531.576018
for path: 
0 1 2 3 4 5 6 7 8 9 10 11 12 13 14 15 16 17 18 0
Execution time: 22 ms

Elapsed time: 157 ms


Execution #5/10000

Seed: 5
Estimated max possible cost 531.576018
for path: 
0 1 2 3 4 5 6 7 8 9 10 11 12 13 14 15 16 17 18 0
Execution time: 23 ms

Elapsed time: 180 ms


Execution #6/10000

Seed: 6
Estimated max possible cost 531.576018
for path: 
0 1 2 3 4 5 6 7 8 9 10 11 12 13 14 15 16 17 18 0
Execution time: 20 ms

Elapsed time: 200 ms


Execution #7/10000

Seed: 7
Estimated max possible cost 531.576018
for path: 
0 1 2 3 4 5 6 7 8 9 10 11 12 13 14 15 16 17 18 0
Execution time: 31 ms

Elapsed time: 231 ms


Execution #8/10000

Seed: 8
Estimated max possible cost 531.576018
for path: 
0 1 2 3 4 5 6 7 8 9 10 11 12 13 14 15 16 17 18 0
Execution time: 26 ms

Elapsed time: 257 ms


Execution #9/10000

Seed: 9
Estimated max possible cost 531.576018
for path: 
0 1 2 3 4 5 6 7 8 9 10 11 12 13 14 15 16 17 18 0
Execution time: 19 ms

Elapsed time: 276 ms


Execution #10/10000

Seed: 10
Estimated max possible cost 531.576018
for path: 
0 1 2 3 4 5 6 7 8 9 10 11 12 13 14 15 16 17 18 0
Execution time: 24 ms

Elapsed time: 300 ms


Execution #11/10000

Seed: 11
Estimated max possible cost 531.576018
for path: 
0 1 2 3 4 5 6 7 8 9 10 11 12 13 14 15 16 17 18 0
Execution time: 20 ms

Elapsed time: 320 ms


Execution #12/10000

Seed: 12
Estimated max possible cost 531.576018
for path: 
0 1 2 3 4 5 6 7 8 9 10 11 12 13 14 15 16 17 18 0
Execution time: 27 ms

Elapsed time: 347 ms


Execution #13/10000

Seed: 13
Estimated max possible cost 531.576018
for path: 
0 1 2 3 4 5 6 7 8 9 10 11 12 13 14 15 16 17 18 0
Execution time: 28 ms

Elapsed time: 375 ms


Execution #14/10000

Seed: 14
Estimated max possible cost 531.576018
for path: 
0 1 2 3 4 5 6 7 8 9 10 11 12 13 14 15 16 17 18 0
Execution time: 20 ms

Elapsed time: 395 ms


Execution #15/10000

Seed: 15
Estimated max possible cost 531.576018
for path: 
0 1 2 3 4 5 6 7 8 9 10 11 12 13 14 15 16 17 18 0
Execution time: 21 ms

Elapsed time: 416 ms


Execution #16/10000

Seed: 16
Estimated max possible cost 531.576018
for path: 
0 1 2 3 4 5 6 7 8 9 10 11 12 13 14 15 16 17 18 0
Execution time: 20 ms

Elapsed time: 436 ms


Execution #17/10000

Seed: 17
Estimated max possible cost 531.576018
for path: 
0 1 2 3 4 5 6 7 8 9 10 11 12 13 14 15 16 17 18 0
Execution time: 20 ms

Elapsed time: 456 ms


Execution #18/10000

Seed: 18
Estimated max possible cost 531.576018
for path: 
0 1 2 3 4 5 6 7 8 9 10 11 12 13 14 15 16 17 18 0
Execution time: 22 ms

Elapsed time: 478 ms


Execution #19/10000

Seed: 19
Estimated max possible cost 531.576018
for path: 
0 1 2 3 4 5 6 7 8 9 10 11 12 13 14 15 16 17 18 0
Execution time: 33 ms

Elapsed time: 511 ms


Execution #20/10000

Seed: 20
Estimated max possible cost 531.576018
for path: 
0 1 2 3 4 5 6 7 8 9 10 11 12 13 14 15 16 17 18 0
Execution time: 33 ms

Elapsed time: 544 ms


Execution #21/10000

Seed: 21
Estimated max possible cost 531.576018
for path: 
0 1 2 3 4 5 6 7 8 9 10 11 12 13 14 15 16 17 18 0
Execution time: 20 ms

Elapsed time: 564 ms


Execution #22/10000

Seed: 22
Estimated max possible cost 531.576018
for path: 
0 1 2 3 4 5 6 7 8 9 10 11 12 13 14 15 16 17 18 0
Execution time: 22 ms

Elapsed time: 586 ms


Execution #23/10000

Seed: 23
Estimated max possible cost 531.576018
for path: 
0 1 2 3 4 5 6 7 8 9 10 11 12 13 14 15 16 17 18 0
Execution time: 32 ms

Elapsed time: 618 ms


Execution #24/10000

Seed: 24
Estimated max possible cost 531.576018
for path: 
0 1 2 3 4 5 6 7 8 9 10 11 12 13 14 15 16 17 18 0
Execution time: 20 ms

Elapsed time: 638 ms


Execution #25/10000

Seed: 25
Estimated max possible cost 531.576018
for path: 
0 1 2 3 4 5 6 7 8 9 10 11 12 13 14 15 16 17 18 0
Execution time: 23 ms

Elapsed time: 661 ms


Execution #26/10000

Seed: 26
Estimated max possible cost 531.576018
for path: 
0 1 2 3 4 5 6 7 8 9 10 11 12 13 14 15 16 17 18 0
Execution time: 21 ms

Elapsed time: 682 ms


Execution #27/10000

Seed: 27
Estimated max possible cost 531.576018
for path: 
0 1 2 3 4 5 6 7 8 9 10 11 12 13 14 15 16 17 18 0
Execution time: 24 ms

Elapsed time: 706 ms


Execution #28/10000

Seed: 28
Estimated max possible cost 531.576018
for path: 
0 1 2 3 4 5 6 7 8 9 10 11 12 13 14 15 16 17 18 0
Execution time: 49 ms

Elapsed time: 755 ms


Execution #29/10000

Seed: 29
Estimated max possible cost 531.576018
for path: 
0 1 2 3 4 5 6 7 8 9 10 11 12 13 14 15 16 17 18 0
Execution time: 35 ms

Elapsed time: 790 ms


Execution #30/10000

Seed: 30
Estimated max possible cost 531.576018
for path: 
0 1 2 3 4 5 6 7 8 9 10 11 12 13 14 15 16 17 18 0
Execution time: 29 ms

Elapsed time: 819 ms


Execution #31/10000

Seed: 31
Estimated max possible cost 531.576018
for path: 
0 1 2 3 4 5 6 7 8 9 10 11 12 13 14 15 16 17 18 0
Execution time: 34 ms

Elapsed time: 853 ms


Execution #32/10000

Seed: 32
Estimated max possible cost 531.576018
for path: 
0 1 2 3 4 5 6 7 8 9 10 11 12 13 14 15 16 17 18 0
Execution time: 30 ms

Elapsed time: 883 ms


Execution #33/10000

Seed: 33
Estimated max possible cost 531.576018
for path: 
0 1 2 3 4 5 6 7 8 9 10 11 12 13 14 15 16 17 18 0
Execution time: 25 ms

Elapsed time: 908 ms


Execution #34/10000

Seed: 34
Estimated max possible cost 531.576018
for path: 
0 1 2 3 4 5 6 7 8 9 10 11 12 13 14 15 16 17 18 0
Execution time: 22 ms

Elapsed time: 930 ms


Execution #35/10000

Seed: 35
Estimated max possible cost 531.576018
for path: 
0 1 2 3 4 5 6 7 8 9 10 11 12 13 14 15 16 17 18 0
Execution time: 32 ms

Elapsed time: 962 ms


Execution #36/10000

Seed: 36
Estimated max possible cost 531.576018
for path: 
0 1 2 3 4 5 6 7 8 9 10 11 12 13 14 15 16 17 18 0
Execution time: 24 ms

Elapsed time: 986 ms


Execution #37/10000

Seed: 37
Estimated max possible cost 531.576018
for path: 
0 1 2 3 4 5 6 7 8 9 10 11 12 13 14 15 16 17 18 0
Execution time: 33 ms

Elapsed time: 1019 ms


Execution #38/10000

Seed: 38
Estimated max possible cost 531.576018
for path: 
0 1 2 3 4 5 6 7 8 9 10 11 12 13 14 15 16 17 18 0
Execution time: 22 ms

Elapsed time: 1041 ms


Execution #39/10000

Seed: 39
Estimated max possible cost 531.576018
for path: 
0 1 2 3 4 5 6 7 8 9 10 11 12 13 14 15 16 17 18 0
Execution time: 20 ms

Elapsed time: 1061 ms


Execution #40/10000

Seed: 40
Estimated max possible cost 531.576018
for path: 
0 1 2 3 4 5 6 7 8 9 10 11 12 13 14 15 16 17 18 0
Execution time: 19 ms

Elapsed time: 1080 ms


Execution #41/10000

Seed: 41
Estimated max possible cost 531.576018
for path: 
0 1 2 3 4 5 6 7 8 9 10 11 12 13 14 15 16 17 18 0
Execution time: 19 ms

Elapsed time: 1099 ms


Execution #42/10000

Seed: 42
Estimated max possible cost 531.576018
for path: 
0 1 2 3 4 5 6 7 8 9 10 11 12 13 14 15 16 17 18 0
Execution time: 21 ms

Elapsed time: 1120 ms


Execution #43/10000

Seed: 43
Estimated max possible cost 531.576018
for path: 
0 1 2 3 4 5 6 7 8 9 10 11 12 13 14 15 16 17 18 0
Execution time: 21 ms

Elapsed time: 1141 ms


Execution #44/10000

Seed: 44
Estimated max possible cost 531.576018
for path: 
0 1 2 3 4 5 6 7 8 9 10 11 12 13 14 15 16 17 18 0
Execution time: 24 ms

Elapsed time: 1165 ms


Execution #45/10000

Seed: 45
Estimated max possible cost 531.576018
for path: 
0 1 2 3 4 5 6 7 8 9 10 11 12 13 14 15 16 17 18 0
Execution time: 31 ms

Elapsed time: 1196 ms


Execution #46/10000

Seed: 46
Estimated max possible cost 531.576018
for path: 
0 1 2 3 4 5 6 7 8 9 10 11 12 13 14 15 16 17 18 0
Execution time: 20 ms

Elapsed time: 1216 ms


Execution #47/10000

Seed: 47
Estimated max possible cost 531.576018
for path: 
0 1 2 3 4 5 6 7 8 9 10 11 12 13 14 15 16 17 18 0
Execution time: 27 ms

Elapsed time: 1243 ms


Execution #48/10000

Seed: 48
Estimated max possible cost 531.576018
for path: 
0 1 2 3 4 5 6 7 8 9 10 11 12 13 14 15 16 17 18 0
Execution time: 21 ms

Elapsed time: 1264 ms


Execution #49/10000

Seed: 49
Estimated max possible cost 531.576018
for path: 
0 1 2 3 4 5 6 7 8 9 10 11 12 13 14 15 16 17 18 0
Execution time: 33 ms

Elapsed time: 1297 ms


Execution #50/10000

Seed: 50
Estimated max possible cost 531.576018
for path: 
0 1 2 3 4 5 6 7 8 9 10 11 12 13 14 15 16 17 18 0
Execution time: 22 ms

Elapsed time: 1319 ms


Execution #51/10000

Seed: 51
Estimated max possible cost 531.576018
for path: 
0 1 2 3 4 5 6 7 8 9 10 11 12 13 14 15 16 17 18 0
Execution time: 19 ms

Elapsed time: 1338 ms


Execution #52/10000

Seed: 52
Estimated max possible cost 531.576018
for path: 
0 1 2 3 4 5 6 7 8 9 10 11 12 13 14 15 16 17 18 0
Execution time: 29 ms

Elapsed time: 1367 ms


Execution #53/10000

Seed: 53
Estimated max possible cost 531.576018
for path: 
0 1 2 3 4 5 6 7 8 9 10 11 12 13 14 15 16 17 18 0
Execution time: 27 ms

Elapsed time: 1394 ms


Execution #54/10000

Seed: 54
Estimated max possible cost 531.576018
for path: 
0 1 2 3 4 5 6 7 8 9 10 11 12 13 14 15 16 17 18 0
Execution time: 19 ms

Elapsed time: 1413 ms


Execution #55/10000

Seed: 55
Estimated max possible cost 531.576018
for path: 
0 1 2 3 4 5 6 7 8 9 10 11 12 13 14 15 16 17 18 0
Execution time: 25 ms

Elapsed time: 1438 ms


Execution #56/10000

Seed: 56
Estimated max possible cost 531.576018
for path: 
0 1 2 3 4 5 6 7 8 9 10 11 12 13 14 15 16 17 18 0
Execution time: 33 ms

Elapsed time: 1471 ms


Execution #57/10000

Seed: 57
Estimated max possible cost 531.576018
for path: 
0 1 2 3 4 5 6 7 8 9 10 11 12 13 14 15 16 17 18 0
Execution time: 34 ms

Elapsed time: 1505 ms


Execution #58/10000

Seed: 58
Estimated max possible cost 531.576018
for path: 
0 1 2 3 4 5 6 7 8 9 10 11 12 13 14 15 16 17 18 0
Execution time: 32 ms

Elapsed time: 1537 ms


Execution #59/10000

Seed: 59
Estimated max possible cost 531.576018
for path: 
0 1 2 3 4 5 6 7 8 9 10 11 12 13 14 15 16 17 18 0
Execution time: 42 ms

Elapsed time: 1579 ms


Execution #60/10000

Seed: 60
Estimated max possible cost 531.576018
for path: 
0 1 2 3 4 5 6 7 8 9 10 11 12 13 14 15 16 17 18 0
Execution time: 35 ms

Elapsed time: 1614 ms


Execution #61/10000

Seed: 61
Estimated max possible cost 531.576018
for path: 
0 1 2 3 4 5 6 7 8 9 10 11 12 13 14 15 16 17 18 0
Execution time: 43 ms

Elapsed time: 1657 ms


Execution #62/10000

Seed: 62
Estimated max possible cost 531.576018
for path: 
0 1 2 3 4 5 6 7 8 9 10 11 12 13 14 15 16 17 18 0
Execution time: 21 ms

Elapsed time: 1678 ms


Execution #63/10000

Seed: 63
Estimated max possible cost 531.576018
for path: 
0 1 2 3 4 5 6 7 8 9 10 11 12 13 14 15 16 17 18 0
Execution time: 21 ms

Elapsed time: 1699 ms


Execution #64/10000

Seed: 64
Estimated max possible cost 531.576018
for path: 
0 1 2 3 4 5 6 7 8 9 10 11 12 13 14 15 16 17 18 0
Execution time: 20 ms

Elapsed time: 1719 ms


Execution #65/10000

Seed: 65
Estimated max possible cost 531.576018
for path: 
0 1 2 3 4 5 6 7 8 9 10 11 12 13 14 15 16 17 18 0
Execution time: 19 ms

Elapsed time: 1738 ms


Execution #66/10000

Seed: 66
Estimated max possible cost 531.576018
for path: 
0 1 2 3 4 5 6 7 8 9 10 11 12 13 14 15 16 17 18 0
Execution time: 24 ms

Elapsed time: 1762 ms


Execution #67/10000

Seed: 67
Estimated max possible cost 531.576018
for path: 
0 1 2 3 4 5 6 7 8 9 10 11 12 13 14 15 16 17 18 0
Execution time: 33 ms

Elapsed time: 1795 ms


Execution #68/10000

Seed: 68
Estimated max possible cost 531.576018
for path: 
0 1 2 3 4 5 6 7 8 9 10 11 12 13 14 15 16 17 18 0
Execution time: 33 ms

Elapsed time: 1828 ms


Execution #69/10000

Seed: 69
Estimated max possible cost 531.576018
for path: 
0 1 2 3 4 5 6 7 8 9 10 11 12 13 14 15 16 17 18 0
Execution time: 21 ms

Elapsed time: 1849 ms


Execution #70/10000

Seed: 70
Estimated max possible cost 531.576018
for path: 
0 1 2 3 4 5 6 7 8 9 10 11 12 13 14 15 16 17 18 0
Execution time: 19 ms

Elapsed time: 1868 ms


Execution #71/10000

Seed: 71
Estimated max possible cost 531.576018
for path: 
0 1 2 3 4 5 6 7 8 9 10 11 12 13 14 15 16 17 18 0
Execution time: 21 ms

Elapsed time: 1889 ms


Execution #72/10000

Seed: 72
Estimated max possible cost 531.576018
for path: 
0 1 2 3 4 5 6 7 8 9 10 11 12 13 14 15 16 17 18 0
Execution time: 21 ms

Elapsed time: 1910 ms


Execution #73/10000

Seed: 73
Estimated max possible cost 531.576018
for path: 
0 1 2 3 4 5 6 7 8 9 10 11 12 13 14 15 16 17 18 0
Execution time: 33 ms

Elapsed time: 1943 ms


Execution #74/10000

Seed: 74
Estimated max possible cost 531.576018
for path: 
0 1 2 3 4 5 6 7 8 9 10 11 12 13 14 15 16 17 18 0
Execution time: 34 ms

Elapsed time: 1977 ms


Execution #75/10000

Seed: 75
Estimated max possible cost 531.576018
for path: 
0 1 2 3 4 5 6 7 8 9 10 11 12 13 14 15 16 17 18 0
Execution time: 33 ms

Elapsed time: 2010 ms


Execution #76/10000

Seed: 76
Estimated max possible cost 531.576018
for path: 
0 1 2 3 4 5 6 7 8 9 10 11 12 13 14 15 16 17 18 0
Execution time: 21 ms

Elapsed time: 2031 ms


Execution #77/10000

Seed: 77
Estimated max possible cost 531.576018
for path: 
0 1 2 3 4 5 6 7 8 9 10 11 12 13 14 15 16 17 18 0
Execution time: 21 ms

Elapsed time: 2052 ms


Execution #78/10000

Seed: 78
Estimated max possible cost 531.576018
for path: 
0 1 2 3 4 5 6 7 8 9 10 11 12 13 14 15 16 17 18 0
Execution time: 19 ms

Elapsed time: 2071 ms


Execution #79/10000

Seed: 79
Estimated max possible cost 531.576018
for path: 
0 1 2 3 4 5 6 7 8 9 10 11 12 13 14 15 16 17 18 0
Execution time: 25 ms

Elapsed time: 2096 ms


Execution #80/10000

Seed: 80
Estimated max possible cost 531.576018
for path: 
0 1 2 3 4 5 6 7 8 9 10 11 12 13 14 15 16 17 18 0
Execution time: 19 ms

Elapsed time: 2115 ms


Execution #81/10000

Seed: 81
Estimated max possible cost 531.576018
for path: 
0 1 2 3 4 5 6 7 8 9 10 11 12 13 14 15 16 17 18 0
Execution time: 20 ms

Elapsed time: 2135 ms


Execution #82/10000

Seed: 82
Estimated max possible cost 531.576018
for path: 
0 1 2 3 4 5 6 7 8 9 10 11 12 13 14 15 16 17 18 0
Execution time: 19 ms

Elapsed time: 2154 ms


Execution #83/10000

Seed: 83
Estimated max possible cost 531.576018
for path: 
0 1 2 3 4 5 6 7 8 9 10 11 12 13 14 15 16 17 18 0
Execution time: 22 ms

Elapsed time: 2176 ms


Execution #84/10000

Seed: 84
Estimated max possible cost 531.576018
for path: 
0 1 2 3 4 5 6 7 8 9 10 11 12 13 14 15 16 17 18 0
Execution time: 27 ms

Elapsed time: 2203 ms


Execution #85/10000

Seed: 85
Estimated max possible cost 531.576018
for path: 
0 1 2 3 4 5 6 7 8 9 10 11 12 13 14 15 16 17 18 0
Execution time: 48 ms

Elapsed time: 2251 ms


Execution #86/10000

Seed: 86
Estimated max possible cost 531.576018
for path: 
0 1 2 3 4 5 6 7 8 9 10 11 12 13 14 15 16 17 18 0
Execution time: 36 ms

Elapsed time: 2287 ms


Execution #87/10000

Seed: 87
Estimated max possible cost 531.576018
for path: 
0 1 2 3 4 5 6 7 8 9 10 11 12 13 14 15 16 17 18 0
Execution time: 20 ms

Elapsed time: 2307 ms


Execution #88/10000

Seed: 88
Estimated max possible cost 531.576018
for path: 
0 1 2 3 4 5 6 7 8 9 10 11 12 13 14 15 16 17 18 0
Execution time: 19 ms

Elapsed time: 2326 ms


Execution #89/10000

Seed: 89
Estimated max possible cost 531.576018
for path: 
0 1 2 3 4 5 6 7 8 9 10 11 12 13 14 15 16 17 18 0
Execution time: 20 ms

Elapsed time: 2346 ms


Execution #90/10000

Seed: 90
Estimated max possible cost 531.576018
for path: 
0 1 2 3 4 5 6 7 8 9 10 11 12 13 14 15 16 17 18 0
Execution time: 19 ms

Elapsed time: 2365 ms


Execution #91/10000

Seed: 91
Estimated max possible cost 531.576018
for path: 
0 1 2 3 4 5 6 7 8 9 10 11 12 13 14 15 16 17 18 0
Execution time: 31 ms

Elapsed time: 2396 ms


Execution #92/10000

Seed: 92
Estimated max possible cost 531.576018
for path: 
0 1 2 3 4 5 6 7 8 9 10 11 12 13 14 15 16 17 18 0
Execution time: 20 ms

Elapsed time: 2416 ms


Execution #93/10000

Seed: 93
Estimated max possible cost 531.576018
for path: 
0 1 2 3 4 5 6 7 8 9 10 11 12 13 14 15 16 17 18 0
Execution time: 20 ms

Elapsed time: 2436 ms


Execution #94/10000

Seed: 94
Estimated max possible cost 531.576018
for path: 
0 1 2 3 4 5 6 7 8 9 10 11 12 13 14 15 16 17 18 0
Execution time: 32 ms

Elapsed time: 2468 ms


Execution #95/10000

Seed: 95
Estimated max possible cost 531.576018
for path: 
0 1 2 3 4 5 6 7 8 9 10 11 12 13 14 15 16 17 18 0
Execution time: 34 ms

Elapsed time: 2502 ms


Execution #96/10000

Seed: 96
Estimated max possible cost 531.576018
for path: 
0 1 2 3 4 5 6 7 8 9 10 11 12 13 14 15 16 17 18 0
Execution time: 26 ms

Elapsed time: 2528 ms


Execution #97/10000

Seed: 97
Estimated max possible cost 531.576018
for path: 
0 1 2 3 4 5 6 7 8 9 10 11 12 13 14 15 16 17 18 0
Execution time: 19 ms

Elapsed time: 2547 ms


Execution #98/10000

Seed: 98
Estimated max possible cost 531.576018
for path: 
0 1 2 3 4 5 6 7 8 9 10 11 12 13 14 15 16 17 18 0
Execution time: 22 ms

Elapsed time: 2569 ms


Execution #99/10000

Seed: 99
Estimated max possible cost 531.576018
for path: 
0 1 2 3 4 5 6 7 8 9 10 11 12 13 14 15 16 17 18 0
Execution time: 20 ms

Elapsed time: 2589 ms


Execution #100/10000

Seed: 100
Estimated max possible cost 531.576018
for path: 
0 1 2 3 4 5 6 7 8 9 10 11 12 13 14 15 16 17 18 0
Execution time: 19 ms

Elapsed time: 2608 ms


Execution #101/10000

Seed: 101
Estimated max possible cost 531.576018
for path: 
0 1 2 3 4 5 6 7 8 9 10 11 12 13 14 15 16 17 18 0
Execution time: 30 ms

Elapsed time: 2638 ms


Execution #102/10000

Seed: 102
Estimated max possible cost 531.576018
for path: 
0 1 2 3 4 5 6 7 8 9 10 11 12 13 14 15 16 17 18 0
Execution time: 40 ms

Elapsed time: 2678 ms


Execution #103/10000

Seed: 103
Estimated max possible cost 531.576018
for path: 
0 1 2 3 4 5 6 7 8 9 10 11 12 13 14 15 16 17 18 0
Execution time: 28 ms

Elapsed time: 2706 ms


Execution #104/10000

Seed: 104
Estimated max possible cost 531.576018
for path: 
0 1 2 3 4 5 6 7 8 9 10 11 12 13 14 15 16 17 18 0
Execution time: 25 ms

Elapsed time: 2731 ms


Execution #105/10000

Seed: 105
Estimated max possible cost 531.576018
for path: 
0 1 2 3 4 5 6 7 8 9 10 11 12 13 14 15 16 17 18 0
Execution time: 33 ms

Elapsed time: 2764 ms


Execution #106/10000

Seed: 106
Estimated max possible cost 531.576018
for path: 
0 1 2 3 4 5 6 7 8 9 10 11 12 13 14 15 16 17 18 0
Execution time: 27 ms

Elapsed time: 2791 ms


Execution #107/10000

Seed: 107
Estimated max possible cost 531.576018
for path: 
0 1 2 3 4 5 6 7 8 9 10 11 12 13 14 15 16 17 18 0
Execution time: 30 ms

Elapsed time: 2821 ms


Execution #108/10000

Seed: 108
Estimated max possible cost 531.576018
for path: 
0 1 2 3 4 5 6 7 8 9 10 11 12 13 14 15 16 17 18 0
Execution time: 20 ms

Elapsed time: 2841 ms


Execution #109/10000

Seed: 109
Estimated max possible cost 531.576018
for path: 
0 1 2 3 4 5 6 7 8 9 10 11 12 13 14 15 16 17 18 0
Execution time: 38 ms

Elapsed time: 2879 ms


Execution #110/10000

Seed: 110
Estimated max possible cost 531.576018
for path: 
0 1 2 3 4 5 6 7 8 9 10 11 12 13 14 15 16 17 18 0
Execution time: 42 ms

Elapsed time: 2921 ms


Execution #111/10000

Seed: 111
Estimated max possible cost 531.576018
for path: 
0 1 2 3 4 5 6 7 8 9 10 11 12 13 14 15 16 17 18 0
Execution time: 31 ms

Elapsed time: 2952 ms


Execution #112/10000

Seed: 112
Estimated max possible cost 531.576018
for path: 
0 1 2 3 4 5 6 7 8 9 10 11 12 13 14 15 16 17 18 0
Execution time: 28 ms

Elapsed time: 2980 ms


Execution #113/10000

Seed: 113
Estimated max possible cost 531.576018
for path: 
0 1 2 3 4 5 6 7 8 9 10 11 12 13 14 15 16 17 18 0
Execution time: 20 ms

Elapsed time: 3000 ms


Execution #114/10000

Seed: 114
Estimated max possible cost 531.576018
for path: 
0 1 2 3 4 5 6 7 8 9 10 11 12 13 14 15 16 17 18 0
Execution time: 20 ms

Elapsed time: 3020 ms


Execution #115/10000

Seed: 115
Estimated max possible cost 531.576018
for path: 
0 1 2 3 4 5 6 7 8 9 10 11 12 13 14 15 16 17 18 0
Execution time: 33 ms

Elapsed time: 3053 ms


Execution #116/10000

Seed: 116
Estimated max possible cost 531.576018
for path: 
0 1 2 3 4 5 6 7 8 9 10 11 12 13 14 15 16 17 18 0
Execution time: 32 ms

Elapsed time: 3085 ms


Execution #117/10000

Seed: 117
Estimated max possible cost 531.576018
for path: 
0 1 2 3 4 5 6 7 8 9 10 11 12 13 14 15 16 17 18 0
Execution time: 31 ms

Elapsed time: 3116 ms


Execution #118/10000

Seed: 118
Estimated max possible cost 531.576018
for path: 
0 1 2 3 4 5 6 7 8 9 10 11 12 13 14 15 16 17 18 0
Execution time: 34 ms

Elapsed time: 3150 ms


Execution #119/10000

Seed: 119
Estimated max possible cost 531.576018
for path: 
0 1 2 3 4 5 6 7 8 9 10 11 12 13 14 15 16 17 18 0
Execution time: 46 ms

Elapsed time: 3196 ms


Execution #120/10000

Seed: 120
Estimated max possible cost 531.576018
for path: 
0 1 2 3 4 5 6 7 8 9 10 11 12 13 14 15 16 17 18 0
Execution time: 38 ms

Elapsed time: 3234 ms


Execution #121/10000

Seed: 121
Estimated max possible cost 531.576018
for path: 
0 1 2 3 4 5 6 7 8 9 10 11 12 13 14 15 16 17 18 0
Execution time: 28 ms

Elapsed time: 3262 ms


Execution #122/10000

Seed: 122
Estimated max possible cost 531.576018
for path: 
0 1 2 3 4 5 6 7 8 9 10 11 12 13 14 15 16 17 18 0
Execution time: 19 ms

Elapsed time: 3281 ms


Execution #123/10000

Seed: 123
Estimated max possible cost 531.576018
for path: 
0 1 2 3 4 5 6 7 8 9 10 11 12 13 14 15 16 17 18 0
Execution time: 19 ms

Elapsed time: 3300 ms


Execution #124/10000

Seed: 124
Estimated max possible cost 531.576018
for path: 
0 1 2 3 4 5 6 7 8 9 10 11 12 13 14 15 16 17 18 0
Execution time: 20 ms

Elapsed time: 3320 ms


Execution #125/10000

Seed: 125
Estimated max possible cost 531.576018
for path: 
0 1 2 3 4 5 6 7 8 9 10 11 12 13 14 15 16 17 18 0
Execution time: 19 ms

Elapsed time: 3339 ms


Execution #126/10000

Seed: 126
Estimated max possible cost 531.576018
for path: 
0 1 2 3 4 5 6 7 8 9 10 11 12 13 14 15 16 17 18 0
Execution time: 20 ms

Elapsed time: 3359 ms


Execution #127/10000

Seed: 127
Estimated max possible cost 531.576018
for path: 
0 1 2 3 4 5 6 7 8 9 10 11 12 13 14 15 16 17 18 0
Execution time: 20 ms

Elapsed time: 3379 ms


Execution #128/10000

Seed: 128
Estimated max possible cost 531.576018
for path: 
0 1 2 3 4 5 6 7 8 9 10 11 12 13 14 15 16 17 18 0
Execution time: 39 ms

Elapsed time: 3418 ms


Execution #129/10000

Seed: 129
Estimated max possible cost 531.576018
for path: 
0 1 2 3 4 5 6 7 8 9 10 11 12 13 14 15 16 17 18 0
Execution time: 20 ms

Elapsed time: 3438 ms


Execution #130/10000

Seed: 130
Estimated max possible cost 531.576018
for path: 
0 1 2 3 4 5 6 7 8 9 10 11 12 13 14 15 16 17 18 0
Execution time: 21 ms

Elapsed time: 3459 ms


Execution #131/10000

Seed: 131
Estimated max possible cost 531.576018
for path: 
0 1 2 3 4 5 6 7 8 9 10 11 12 13 14 15 16 17 18 0
Execution time: 25 ms

Elapsed time: 3484 ms


Execution #132/10000

Seed: 132
Estimated max possible cost 531.576018
for path: 
0 1 2 3 4 5 6 7 8 9 10 11 12 13 14 15 16 17 18 0
Execution time: 20 ms

Elapsed time: 3504 ms


Execution #133/10000

Seed: 133
Estimated max possible cost 531.576018
for path: 
0 1 2 3 4 5 6 7 8 9 10 11 12 13 14 15 16 17 18 0
Execution time: 32 ms

Elapsed time: 3536 ms


Execution #134/10000

Seed: 134
Estimated max possible cost 531.576018
for path: 
0 1 2 3 4 5 6 7 8 9 10 11 12 13 14 15 16 17 18 0
Execution time: 27 ms

Elapsed time: 3563 ms


Execution #135/10000

Seed: 135
Estimated max possible cost 531.576018
for path: 
0 1 2 3 4 5 6 7 8 9 10 11 12 13 14 15 16 17 18 0
Execution time: 19 ms

Elapsed time: 3582 ms


Execution #136/10000

Seed: 136
Estimated max possible cost 531.576018
for path: 
0 1 2 3 4 5 6 7 8 9 10 11 12 13 14 15 16 17 18 0
Execution time: 30 ms

Elapsed time: 3612 ms


Execution #137/10000

Seed: 137
Estimated max possible cost 531.576018
for path: 
0 1 2 3 4 5 6 7 8 9 10 11 12 13 14 15 16 17 18 0
Execution time: 39 ms

Elapsed time: 3651 ms


Execution #138/10000

Seed: 138
Estimated max possible cost 531.576018
for path: 
0 1 2 3 4 5 6 7 8 9 10 11 12 13 14 15 16 17 18 0
Execution time: 32 ms

Elapsed time: 3683 ms


Execution #139/10000

Seed: 139
Estimated max possible cost 531.576018
for path: 
0 1 2 3 4 5 6 7 8 9 10 11 12 13 14 15 16 17 18 0
Execution time: 60 ms

Elapsed time: 3743 ms


Execution #140/10000

Seed: 140
Estimated max possible cost 531.576018
for path: 
0 1 2 3 4 5 6 7 8 9 10 11 12 13 14 15 16 17 18 0
Execution time: 25 ms

Elapsed time: 3768 ms


Execution #141/10000

Seed: 141
Estimated max possible cost 531.576018
for path: 
0 1 2 3 4 5 6 7 8 9 10 11 12 13 14 15 16 17 18 0
Execution time: 33 ms

Elapsed time: 3801 ms


Execution #142/10000

Seed: 142
Estimated max possible cost 531.576018
for path: 
0 1 2 3 4 5 6 7 8 9 10 11 12 13 14 15 16 17 18 0
Execution time: 19 ms

Elapsed time: 3820 ms


Execution #143/10000

Seed: 143
Estimated max possible cost 531.576018
for path: 
0 1 2 3 4 5 6 7 8 9 10 11 12 13 14 15 16 17 18 0
Execution time: 27 ms

Elapsed time: 3847 ms


Execution #144/10000

Seed: 144
Estimated max possible cost 531.576018
for path: 
0 1 2 3 4 5 6 7 8 9 10 11 12 13 14 15 16 17 18 0
Execution time: 33 ms

Elapsed time: 3880 ms


Execution #145/10000

Seed: 145
Estimated max possible cost 531.576018
for path: 
0 1 2 3 4 5 6 7 8 9 10 11 12 13 14 15 16 17 18 0
Execution time: 24 ms

Elapsed time: 3904 ms


Execution #146/10000

Seed: 146
Estimated max possible cost 531.576018
for path: 
0 1 2 3 4 5 6 7 8 9 10 11 12 13 14 15 16 17 18 0
Execution time: 21 ms

Elapsed time: 3925 ms


Execution #147/10000

Seed: 147
Estimated max possible cost 531.576018
for path: 
0 1 2 3 4 5 6 7 8 9 10 11 12 13 14 15 16 17 18 0
Execution time: 19 ms

Elapsed time: 3944 ms


Execution #148/10000

Seed: 148
Estimated max possible cost 531.576018
for path: 
0 1 2 3 4 5 6 7 8 9 10 11 12 13 14 15 16 17 18 0
Execution time: 20 ms

Elapsed time: 3964 ms


Execution #149/10000

Seed: 149
Estimated max possible cost 531.576018
for path: 
0 1 2 3 4 5 6 7 8 9 10 11 12 13 14 15 16 17 18 0
Execution time: 21 ms

Elapsed time: 3985 ms


Execution #150/10000

Seed: 150
Estimated max possible cost 531.576018
for path: 
0 1 2 3 4 5 6 7 8 9 10 11 12 13 14 15 16 17 18 0
Execution time: 21 ms

Elapsed time: 4006 ms


Execution #151/10000

Seed: 151
Estimated max possible cost 531.576018
for path: 
0 1 2 3 4 5 6 7 8 9 10 11 12 13 14 15 16 17 18 0
Execution time: 26 ms

Elapsed time: 4032 ms


Execution #152/10000

Seed: 152
Estimated max possible cost 531.576018
for path: 
0 1 2 3 4 5 6 7 8 9 10 11 12 13 14 15 16 17 18 0
Execution time: 35 ms

Elapsed time: 4067 ms


Execution #153/10000

Seed: 153
Estimated max possible cost 531.576018
for path: 
0 1 2 3 4 5 6 7 8 9 10 11 12 13 14 15 16 17 18 0
Execution time: 20 ms

Elapsed time: 4087 ms


Execution #154/10000

Seed: 154
Estimated max possible cost 531.576018
for path: 
0 1 2 3 4 5 6 7 8 9 10 11 12 13 14 15 16 17 18 0
Execution time: 19 ms

Elapsed time: 4106 ms


Execution #155/10000

Seed: 155
Estimated max possible cost 531.576018
for path: 
0 1 2 3 4 5 6 7 8 9 10 11 12 13 14 15 16 17 18 0
Execution time: 21 ms

Elapsed time: 4127 ms


Execution #156/10000

Seed: 156
Estimated max possible cost 531.576018
for path: 
0 1 2 3 4 5 6 7 8 9 10 11 12 13 14 15 16 17 18 0
Execution time: 19 ms

Elapsed time: 4146 ms


Execution #157/10000

Seed: 157
Estimated max possible cost 531.576018
for path: 
0 1 2 3 4 5 6 7 8 9 10 11 12 13 14 15 16 17 18 0
Execution time: 28 ms

Elapsed time: 4174 ms


Execution #158/10000

Seed: 158
Estimated max possible cost 531.576018
for path: 
0 1 2 3 4 5 6 7 8 9 10 11 12 13 14 15 16 17 18 0
Execution time: 19 ms

Elapsed time: 4193 ms


Execution #159/10000

Seed: 159
Estimated max possible cost 531.576018
for path: 
0 1 2 3 4 5 6 7 8 9 10 11 12 13 14 15 16 17 18 0
Execution time: 20 ms

Elapsed time: 4213 ms


Execution #160/10000

Seed: 160
Estimated max possible cost 531.576018
for path: 
0 1 2 3 4 5 6 7 8 9 10 11 12 13 14 15 16 17 18 0
Execution time: 19 ms

Elapsed time: 4232 ms


Execution #161/10000

Seed: 161
Estimated max possible cost 531.576018
for path: 
0 1 2 3 4 5 6 7 8 9 10 11 12 13 14 15 16 17 18 0
Execution time: 23 ms

Elapsed time: 4255 ms


Execution #162/10000

Seed: 162
Estimated max possible cost 531.576018
for path: 
0 1 2 3 4 5 6 7 8 9 10 11 12 13 14 15 16 17 18 0
Execution time: 20 ms

Elapsed time: 4275 ms


Execution #163/10000

Seed: 163
Estimated max possible cost 531.576018
for path: 
0 1 2 3 4 5 6 7 8 9 10 11 12 13 14 15 16 17 18 0
Execution time: 41 ms

Elapsed time: 4316 ms


Execution #164/10000

Seed: 164
Estimated max possible cost 531.576018
for path: 
0 1 2 3 4 5 6 7 8 9 10 11 12 13 14 15 16 17 18 0
Execution time: 28 ms

Elapsed time: 4344 ms


Execution #165/10000

Seed: 165
Estimated max possible cost 531.576018
for path: 
0 1 2 3 4 5 6 7 8 9 10 11 12 13 14 15 16 17 18 0
Execution time: 34 ms

Elapsed time: 4378 ms


Execution #166/10000

Seed: 166
Estimated max possible cost 531.576018
for path: 
0 1 2 3 4 5 6 7 8 9 10 11 12 13 14 15 16 17 18 0
Execution time: 20 ms

Elapsed time: 4398 ms


Execution #167/10000

Seed: 167
Estimated max possible cost 531.576018
for path: 
0 1 2 3 4 5 6 7 8 9 10 11 12 13 14 15 16 17 18 0
Execution time: 21 ms

Elapsed time: 4419 ms


Execution #168/10000

Seed: 168
Estimated max possible cost 531.576018
for path: 
0 1 2 3 4 5 6 7 8 9 10 11 12 13 14 15 16 17 18 0
Execution time: 32 ms

Elapsed time: 4451 ms


Execution #169/10000

Seed: 169
Estimated max possible cost 531.576018
for path: 
0 1 2 3 4 5 6 7 8 9 10 11 12 13 14 15 16 17 18 0
Execution time: 46 ms

Elapsed time: 4497 ms


Execution #170/10000

Seed: 170
Estimated max possible cost 531.576018
for path: 
0 1 2 3 4 5 6 7 8 9 10 11 12 13 14 15 16 17 18 0
Execution time: 33 ms

Elapsed time: 4530 ms


Execution #171/10000

Seed: 171
Estimated max possible cost 531.576018
for path: 
0 1 2 3 4 5 6 7 8 9 10 11 12 13 14 15 16 17 18 0
Execution time: 20 ms

Elapsed time: 4550 ms


Execution #172/10000

Seed: 172
Estimated max possible cost 531.576018
for path: 
0 1 2 3 4 5 6 7 8 9 10 11 12 13 14 15 16 17 18 0
Execution time: 19 ms

Elapsed time: 4569 ms


Execution #173/10000

Seed: 173
Estimated max possible cost 531.576018
for path: 
0 1 2 3 4 5 6 7 8 9 10 11 12 13 14 15 16 17 18 0
Execution time: 20 ms

Elapsed time: 4589 ms


Execution #174/10000

Seed: 174
Estimated max possible cost 531.576018
for path: 
0 1 2 3 4 5 6 7 8 9 10 11 12 13 14 15 16 17 18 0
Execution time: 20 ms

Elapsed time: 4609 ms


Execution #175/10000

Seed: 175
Estimated max possible cost 531.576018
for path: 
0 1 2 3 4 5 6 7 8 9 10 11 12 13 14 15 16 17 18 0
Execution time: 20 ms

Elapsed time: 4629 ms


Execution #176/10000

Seed: 176
Estimated max possible cost 531.576018
for path: 
0 1 2 3 4 5 6 7 8 9 10 11 12 13 14 15 16 17 18 0
Execution time: 19 ms

Elapsed time: 4648 ms


Execution #177/10000

Seed: 177
Estimated max possible cost 531.576018
for path: 
0 1 2 3 4 5 6 7 8 9 10 11 12 13 14 15 16 17 18 0
Execution time: 32 ms

Elapsed time: 4680 ms


Execution #178/10000

Seed: 178
Estimated max possible cost 531.576018
for path: 
0 1 2 3 4 5 6 7 8 9 10 11 12 13 14 15 16 17 18 0
Execution time: 33 ms

Elapsed time: 4713 ms


Execution #179/10000

Seed: 179
Estimated max possible cost 531.576018
for path: 
0 1 2 3 4 5 6 7 8 9 10 11 12 13 14 15 16 17 18 0
Execution time: 52 ms

Elapsed time: 4765 ms


Execution #180/10000

Seed: 180
Estimated max possible cost 531.576018
for path: 
0 1 2 3 4 5 6 7 8 9 10 11 12 13 14 15 16 17 18 0
Execution time: 21 ms

Elapsed time: 4786 ms


Execution #181/10000

Seed: 181
Estimated max possible cost 531.576018
for path: 
0 1 2 3 4 5 6 7 8 9 10 11 12 13 14 15 16 17 18 0
Execution time: 21 ms

Elapsed time: 4807 ms


Execution #182/10000

Seed: 182
Estimated max possible cost 531.576018
for path: 
0 1 2 3 4 5 6 7 8 9 10 11 12 13 14 15 16 17 18 0
Execution time: 20 ms

Elapsed time: 4827 ms


Execution #183/10000

Seed: 183
Estimated max possible cost 531.576018
for path: 
0 1 2 3 4 5 6 7 8 9 10 11 12 13 14 15 16 17 18 0
