Solving TSP


Execution #1/10000

Seed: 1
Estimated max possible cost 534.352535
for path: 
0 1 2 3 4 5 6 7 8 9 10 11 12 13 14 15 16 17 18 19 0
Memory needed for path: 1196715 locs, for costs: 1436058 locs.
Desired precision: 1e+12
Mem constraint for cost_t: 64 bits
Rounded to pow of 2 bytes mem constraint (capped at 64bits) for cost_t: 64 bits
Bits needed for an int to preserve precision: 49
Bits used per cost_t: 49
Selected cost_t = (u)int64_t
Solving with cost_t = y
Memory [GB] needed: 0.011814
Distances:
0, 5.08, 242.54, 232.423, 228.124, 218.013, 212.172, 212.044, 211.947, 211.88, 211.843, 211.837, 211.862, 211.917, 212.002, 212.117, 212.263, 212.44, 212.646, 212.882, 
5.08, 0, 247.599, 237.481, 233.181, 223.068, 217.244, 217.119, 217.024, 216.959, 216.923, 216.917, 216.941, 216.995, 217.078, 217.191, 217.333, 217.505, 217.707, 217.938, 
242.54, 247.599, 0, 10.16, 14.478, 24.638, 31.3255, 32.219, 33.2827, 34.501, 35.8581, 37.3389, 38.9292, 40.6162, 42.3883, 44.2354, 46.1484, 48.1194, 50.1417, 52.2092, 
232.423, 237.481, 10.16, 0, 4.318, 14.478, 21.9236, 23.1823, 24.6393, 26.2617, 28.0207, 29.8922, 31.8565, 33.8973, 36.0018, 38.1592, 40.3612, 42.6009, 44.8725, 47.1716, 
228.124, 233.181, 14.478, 4.318, 0, 10.16, 18.1765, 19.6764, 21.3738, 23.2254, 25.1973, 27.2633, 29.4037, 31.6034, 33.8507, 36.1368, 38.4548, 40.7992, 43.1658, 45.5511, 
218.013, 223.068, 24.638, 14.478, 10.16, 0, 11.1326, 13.4428, 15.8236, 18.2474, 20.6991, 23.1698, 25.654, 28.1482, 30.6499, 33.1575, 35.6696, 38.1854, 40.7042, 43.2255, 
212.172, 217.244, 31.3255, 21.9236, 18.1765, 11.1326, 0, 2.54, 5.08, 7.62, 10.16, 12.7, 15.24, 17.78, 20.32, 22.86, 25.4, 27.94, 30.48, 33.02, 
212.044, 217.119, 32.219, 23.1823, 19.6764, 13.4428, 2.54, 0, 2.54, 5.08, 7.62, 10.16, 12.7, 15.24, 17.78, 20.32, 22.86, 25.4, 27.94, 30.48, 
211.947, 217.024, 33.2827, 24.6393, 21.3738, 15.8236, 5.08, 2.54, 0, 2.54, 5.08, 7.62, 10.16, 12.7, 15.24, 17.78, 20.32, 22.86, 25.4, 27.94, 
211.88, 216.959, 34.501, 26.2617, 23.2254, 18.2474, 7.62, 5.08, 2.54, 0, 2.54, 5.08, 7.62, 10.16, 12.7, 15.24, 17.78, 20.32, 22.86, 25.4, 
211.843, 216.923, 35.8581, 28.0207, 25.1973, 20.6991, 10.16, 7.62, 5.08, 2.54, 0, 2.54, 5.08, 7.62, 10.16, 12.7, 15.24, 17.78, 20.32, 22.86, 
211.837, 216.917, 37.3389, 29.8922, 27.2633, 23.1698, 12.7, 10.16, 7.62, 5.08, 2.54, 0, 2.54, 5.08, 7.62, 10.16, 12.7, 15.24, 17.78, 20.32, 
211.862, 216.941, 38.9292, 31.8565, 29.4037, 25.654, 15.24, 12.7, 10.16, 7.62, 5.08, 2.54, 0, 2.54, 5.08, 7.62, 10.16, 12.7, 15.24, 17.78, 
211.917, 216.995, 40.6162, 33.8973, 31.6034, 28.1482, 17.78, 15.24, 12.7, 10.16, 7.62, 5.08, 2.54, 0, 2.54, 5.08, 7.62, 10.16, 12.7, 15.24, 
212.002, 217.078, 42.3883, 36.0018, 33.8507, 30.6499, 20.32, 17.78, 15.24, 12.7, 10.16, 7.62, 5.08, 2.54, 0, 2.54, 5.08, 7.62, 10.16, 12.7, 
212.117, 217.191, 44.2354, 38.1592, 36.1368, 33.1575, 22.86, 20.32, 17.78, 15.24, 12.7, 10.16, 7.62, 5.08, 2.54, 0, 2.54, 5.08, 7.62, 10.16, 
212.263, 217.333, 46.1484, 40.3612, 38.4548, 35.6696, 25.4, 22.86, 20.32, 17.78, 15.24, 12.7, 10.16, 7.62, 5.08, 2.54, 0, 2.54, 5.08, 7.62, 
212.44, 217.505, 48.1194, 42.6009, 40.7992, 38.1854, 27.94, 25.4, 22.86, 20.32, 17.78, 15.24, 12.7, 10.16, 7.62, 5.08, 2.54, 0, 2.54, 5.08, 
212.646, 217.707, 50.1417, 44.8725, 43.1658, 40.7042, 30.48, 27.94, 25.4, 22.86, 20.32, 17.78, 15.24, 12.7, 10.16, 7.62, 5.08, 2.54, 0, 2.54, 
212.882, 217.938, 52.2092, 47.1716, 45.5511, 43.2255, 33.02, 30.48, 27.94, 25.4, 22.86, 20.32, 17.78, 15.24, 12.7, 10.16, 7.62, 5.08, 2.54, 0, 
Scaled Distances:
0, 9.30483e+16, 8.79196e+18, 8.42134e+18, 8.26387e+18, 7.89347e+18, 7.6795e+18, 7.67482e+18, 7.67125e+18, 7.6688e+18, 7.66746e+18, 7.66723e+18, 7.66813e+18, 7.67013e+18, 7.67326e+18, 7.67749e+18, 7.68284e+18, 7.68929e+18, 7.69685e+18, 7.70552e+18, 
9.30483e+16, 0, 8.97731e+18, 8.60663e+18, 8.44913e+18, 8.07865e+18, 7.86531e+18, 7.86073e+18, 7.85725e+18, 7.85485e+18, 7.85355e+18, 7.85333e+18, 7.8542e+18, 7.85616e+18, 7.85921e+18, 7.86335e+18, 7.86857e+18, 7.87487e+18, 7.88226e+18, 7.89072e+18, 
8.79196e+18, 8.97731e+18, 0, 2.79145e+17, 4.37327e+17, 8.09521e+17, 1.05451e+18, 1.08724e+18, 1.1262e+18, 1.17083e+18, 1.22055e+18, 1.27479e+18, 1.33305e+18, 1.39485e+18, 1.45977e+18, 1.52744e+18, 1.59751e+18, 1.66972e+18, 1.7438e+18, 1.81954e+18, 
8.42134e+18, 8.60663e+18, 2.79145e+17, 0, 6.51338e+16, 4.37327e+17, 7.10083e+17, 7.56193e+17, 8.09569e+17, 8.69001e+17, 9.3344e+17, 1.002e+18, 1.07396e+18, 1.14872e+18, 1.22581e+18, 1.30485e+18, 1.38551e+18, 1.46756e+18, 1.55078e+18, 1.635e+18, 
8.26387e+18, 8.44913e+18, 4.37327e+17, 6.51338e+16, 0, 2.79145e+17, 5.72816e+17, 6.27761e+17, 6.89941e+17, 7.57772e+17, 8.30008e+17, 9.05695e+17, 9.84104e+17, 1.06468e+18, 1.14701e+18, 1.23076e+18, 1.31567e+18, 1.40156e+18, 1.48825e+18, 1.57563e+18, 
7.89347e+18, 8.07865e+18, 8.09521e+17, 4.37327e+17, 2.79145e+17, 0, 3.14775e+17, 3.99405e+17, 4.86621e+17, 5.75412e+17, 6.65224e+17, 7.55734e+17, 8.4674e+17, 9.3811e+17, 1.02976e+18, 1.12162e+18, 1.21364e+18, 1.30581e+18, 1.39808e+18, 1.49044e+18, 
7.6795e+18, 7.86531e+18, 1.05451e+18, 7.10083e+17, 5.72816e+17, 3.14775e+17, 0, 260, 9.30483e+16, 1.86097e+17, 2.79145e+17, 3.72193e+17, 4.65242e+17, 5.5829e+17, 6.51338e+17, 7.44387e+17, 8.37435e+17, 9.30483e+17, 1.02353e+18, 1.11658e+18, 
7.67482e+18, 7.86073e+18, 1.08724e+18, 7.56193e+17, 6.27761e+17, 3.99405e+17, 260, 0, 260, 9.30483e+16, 1.86097e+17, 2.79145e+17, 3.72193e+17, 4.65242e+17, 5.5829e+17, 6.51338e+17, 7.44387e+17, 8.37435e+17, 9.30483e+17, 1.02353e+18, 
7.67125e+18, 7.85725e+18, 1.1262e+18, 8.09569e+17, 6.89941e+17, 4.86621e+17, 9.30483e+16, 260, 0, 260, 9.30483e+16, 1.86097e+17, 2.79145e+17, 3.72193e+17, 4.65242e+17, 5.5829e+17, 6.51338e+17, 7.44387e+17, 8.37435e+17, 9.30483e+17, 
7.6688e+18, 7.85485e+18, 1.17083e+18, 8.69001e+17, 7.57772e+17, 5.75412e+17, 1.86097e+17, 9.30483e+16, 260, 0, 260, 9.30483e+16, 1.86097e+17, 2.79145e+17, 3.72193e+17, 4.65242e+17, 5.5829e+17, 6.51338e+17, 7.44387e+17, 8.37435e+17, 
7.66746e+18, 7.85355e+18, 1.22055e+18, 9.3344e+17, 8.30008e+17, 6.65224e+17, 2.79145e+17, 1.86097e+17, 9.30483e+16, 260, 0, 260, 9.30483e+16, 1.86097e+17, 2.79145e+17, 3.72193e+17, 4.65242e+17, 5.5829e+17, 6.51338e+17, 7.44387e+17, 
7.66723e+18, 7.85333e+18, 1.27479e+18, 1.002e+18, 9.05695e+17, 7.55734e+17, 3.72193e+17, 2.79145e+17, 1.86097e+17, 9.30483e+16, 260, 0, 260, 9.30483e+16, 1.86097e+17, 2.79145e+17, 3.72193e+17, 4.65242e+17, 5.5829e+17, 6.51338e+17, 
7.66813e+18, 7.8542e+18, 1.33305e+18, 1.07396e+18, 9.84104e+17, 8.4674e+17, 4.65242e+17, 3.72193e+17, 2.79145e+17, 1.86097e+17, 9.30483e+16, 260, 0, 521, 9.30483e+16, 1.86097e+17, 2.79145e+17, 3.72193e+17, 4.65242e+17, 5.5829e+17, 
7.67013e+18, 7.85616e+18, 1.39485e+18, 1.14872e+18, 1.06468e+18, 9.3811e+17, 5.5829e+17, 4.65242e+17, 3.72193e+17, 2.79145e+17, 1.86097e+17, 9.30483e+16, 521, 0, 260, 9.30483e+16, 1.86097e+17, 2.79145e+17, 3.72193e+17, 4.65242e+17, 
7.67326e+18, 7.85921e+18, 1.45977e+18, 1.22581e+18, 1.14701e+18, 1.02976e+18, 6.51338e+17, 5.5829e+17, 4.65242e+17, 3.72193e+17, 2.79145e+17, 1.86097e+17, 9.30483e+16, 260, 0, 0, 9.30483e+16, 1.86097e+17, 2.79145e+17, 3.72193e+17, 
7.67749e+18, 7.86335e+18, 1.52744e+18, 1.30485e+18, 1.23076e+18, 1.12162e+18, 7.44387e+17, 6.51338e+17, 5.5829e+17, 4.65242e+17, 3.72193e+17, 2.79145e+17, 1.86097e+17, 9.30483e+16, 0, 0, 521, 9.30483e+16, 1.86097e+17, 2.79145e+17, 
7.68284e+18, 7.86857e+18, 1.59751e+18, 1.38551e+18, 1.31567e+18, 1.21364e+18, 8.37435e+17, 7.44387e+17, 6.51338e+17, 5.5829e+17, 4.65242e+17, 3.72193e+17, 2.79145e+17, 1.86097e+17, 9.30483e+16, 521, 0, 521, 9.30483e+16, 1.86097e+17, 
7.68929e+18, 7.87487e+18, 1.66972e+18, 1.46756e+18, 1.40156e+18, 1.30581e+18, 9.30483e+17, 8.37435e+17, 7.44387e+17, 6.51338e+17, 5.5829e+17, 4.65242e+17, 3.72193e+17, 2.79145e+17, 1.86097e+17, 9.30483e+16, 521, 0, 0, 9.30483e+16, 
7.69685e+18, 7.88226e+18, 1.7438e+18, 1.55078e+18, 1.48825e+18, 1.39808e+18, 1.02353e+18, 9.30483e+17, 8.37435e+17, 7.44387e+17, 6.51338e+17, 5.5829e+17, 4.65242e+17, 3.72193e+17, 2.79145e+17, 1.86097e+17, 9.30483e+16, 0, 0, 521, 
7.70552e+18, 7.89072e+18, 1.81954e+18, 1.635e+18, 1.57563e+18, 1.49044e+18, 1.11658e+18, 1.02353e+18, 9.30483e+17, 8.37435e+17, 7.44387e+17, 6.51338e+17, 5.5829e+17, 4.65242e+17, 3.72193e+17, 2.79145e+17, 1.86097e+17, 9.30483e+16, 521, 0, 
Optimal total distance (scaled) for 20 points: 1.75551e+19
Optimal total distance for 20 points: 530.014098
Corresponding path (0-indexed):
Point #19
Point #0
Point #1
Point #5
Point #4
Point #3
Point #2
Point #6
Point #7
Point #8
Point #9
Point #10
Point #11
Point #12
Point #13
Point #14
Point #15
Point #16
Point #17
Point #18
Point #19
Execution time: 109 ms

Elapsed time: 109 ms


Execution #2/10000

Seed: 2
Estimated max possible cost 534.352535
for path: 
0 1 2 3 4 5 6 7 8 9 10 11 12 13 14 15 16 17 18 19 0
Execution time: 68 ms

Elapsed time: 177 ms


Execution #3/10000

Seed: 3
Estimated max possible cost 534.352535
for path: 
0 1 2 3 4 5 6 7 8 9 10 11 12 13 14 15 16 17 18 19 0
Execution time: 68 ms

Elapsed time: 245 ms


Execution #4/10000

Seed: 4
Estimated max possible cost 534.352535
for path: 
0 1 2 3 4 5 6 7 8 9 10 11 12 13 14 15 16 17 18 19 0
Execution time: 88 ms

Elapsed time: 333 ms


Execution #5/10000

Seed: 5
Estimated max possible cost 534.352535
for path: 
0 1 2 3 4 5 6 7 8 9 10 11 12 13 14 15 16 17 18 19 0
Execution time: 74 ms

Elapsed time: 407 ms


Execution #6/10000

Seed: 6
Estimated max possible cost 534.352535
for path: 
0 1 2 3 4 5 6 7 8 9 10 11 12 13 14 15 16 17 18 19 0
Execution time: 48 ms

Elapsed time: 455 ms


Execution #7/10000

Seed: 7
Estimated max possible cost 534.352535
for path: 
0 1 2 3 4 5 6 7 8 9 10 11 12 13 14 15 16 17 18 19 0
Execution time: 62 ms

Elapsed time: 517 ms


Execution #8/10000

Seed: 8
Estimated max possible cost 534.352535
for path: 
0 1 2 3 4 5 6 7 8 9 10 11 12 13 14 15 16 17 18 19 0
Execution time: 60 ms

Elapsed time: 577 ms


Execution #9/10000

Seed: 9
Estimated max possible cost 534.352535
for path: 
0 1 2 3 4 5 6 7 8 9 10 11 12 13 14 15 16 17 18 19 0
Execution time: 57 ms

Elapsed time: 634 ms


Execution #10/10000

Seed: 10
Estimated max possible cost 534.352535
for path: 
0 1 2 3 4 5 6 7 8 9 10 11 12 13 14 15 16 17 18 19 0
Execution time: 49 ms

Elapsed time: 683 ms


Execution #11/10000

Seed: 11
Estimated max possible cost 534.352535
for path: 
0 1 2 3 4 5 6 7 8 9 10 11 12 13 14 15 16 17 18 19 0
Execution time: 106 ms

Elapsed time: 789 ms


Execution #12/10000

Seed: 12
Estimated max possible cost 534.352535
for path: 
0 1 2 3 4 5 6 7 8 9 10 11 12 13 14 15 16 17 18 19 0
Execution time: 79 ms

Elapsed time: 868 ms


Execution #13/10000

Seed: 13
Estimated max possible cost 534.352535
for path: 
0 1 2 3 4 5 6 7 8 9 10 11 12 13 14 15 16 17 18 19 0
Execution time: 74 ms

Elapsed time: 942 ms


Execution #14/10000

Seed: 14
Estimated max possible cost 534.352535
for path: 
0 1 2 3 4 5 6 7 8 9 10 11 12 13 14 15 16 17 18 19 0
Execution time: 76 ms

Elapsed time: 1018 ms


Execution #15/10000

Seed: 15
Estimated max possible cost 534.352535
for path: 
0 1 2 3 4 5 6 7 8 9 10 11 12 13 14 15 16 17 18 19 0
Execution time: 50 ms

Elapsed time: 1068 ms


Execution #16/10000

Seed: 16
Estimated max possible cost 534.352535
for path: 
0 1 2 3 4 5 6 7 8 9 10 11 12 13 14 15 16 17 18 19 0
Execution time: 47 ms

Elapsed time: 1115 ms


Execution #17/10000

Seed: 17
Estimated max possible cost 534.352535
for path: 
0 1 2 3 4 5 6 7 8 9 10 11 12 13 14 15 16 17 18 19 0
Execution time: 71 ms

Elapsed time: 1186 ms


Execution #18/10000

Seed: 18
Estimated max possible cost 534.352535
for path: 
0 1 2 3 4 5 6 7 8 9 10 11 12 13 14 15 16 17 18 19 0
Execution time: 57 ms

Elapsed time: 1243 ms


Execution #19/10000

Seed: 19
Estimated max possible cost 534.352535
for path: 
0 1 2 3 4 5 6 7 8 9 10 11 12 13 14 15 16 17 18 19 0
Execution time: 63 ms

Elapsed time: 1306 ms


Execution #20/10000

Seed: 20
Estimated max possible cost 534.352535
for path: 
0 1 2 3 4 5 6 7 8 9 10 11 12 13 14 15 16 17 18 19 0
Execution time: 67 ms

Elapsed time: 1373 ms


Execution #21/10000

Seed: 21
Estimated max possible cost 534.352535
for path: 
0 1 2 3 4 5 6 7 8 9 10 11 12 13 14 15 16 17 18 19 0
Execution time: 51 ms

Elapsed time: 1424 ms


Execution #22/10000

Seed: 22
Estimated max possible cost 534.352535
for path: 
0 1 2 3 4 5 6 7 8 9 10 11 12 13 14 15 16 17 18 19 0
Execution time: 80 ms

Elapsed time: 1504 ms


Execution #23/10000

Seed: 23
Estimated max possible cost 534.352535
for path: 
0 1 2 3 4 5 6 7 8 9 10 11 12 13 14 15 16 17 18 19 0
Execution time: 92 ms

Elapsed time: 1596 ms


Execution #24/10000

Seed: 24
Estimated max possible cost 534.352535
for path: 
0 1 2 3 4 5 6 7 8 9 10 11 12 13 14 15 16 17 18 19 0
Execution time: 77 ms

Elapsed time: 1673 ms


Execution #25/10000

Seed: 25
Estimated max possible cost 534.352535
for path: 
0 1 2 3 4 5 6 7 8 9 10 11 12 13 14 15 16 17 18 19 0
Execution time: 47 ms

Elapsed time: 1720 ms


Execution #26/10000

Seed: 26
Estimated max possible cost 534.352535
for path: 
0 1 2 3 4 5 6 7 8 9 10 11 12 13 14 15 16 17 18 19 0
Execution time: 61 ms

Elapsed time: 1781 ms


Execution #27/10000

Seed: 27
Estimated max possible cost 534.352535
for path: 
0 1 2 3 4 5 6 7 8 9 10 11 12 13 14 15 16 17 18 19 0
Execution time: 65 ms

Elapsed time: 1846 ms


Execution #28/10000

Seed: 28
Estimated max possible cost 534.352535
for path: 
0 1 2 3 4 5 6 7 8 9 10 11 12 13 14 15 16 17 18 19 0
Execution time: 50 ms

Elapsed time: 1896 ms


Execution #29/10000

Seed: 29
Estimated max possible cost 534.352535
for path: 
0 1 2 3 4 5 6 7 8 9 10 11 12 13 14 15 16 17 18 19 0
Execution time: 79 ms

Elapsed time: 1975 ms


Execution #30/10000

Seed: 30
Estimated max possible cost 534.352535
for path: 
0 1 2 3 4 5 6 7 8 9 10 11 12 13 14 15 16 17 18 19 0
Execution time: 64 ms

Elapsed time: 2039 ms


Execution #31/10000

Seed: 31
Estimated max possible cost 534.352535
for path: 
0 1 2 3 4 5 6 7 8 9 10 11 12 13 14 15 16 17 18 19 0
Execution time: 53 ms

Elapsed time: 2092 ms


Execution #32/10000

Seed: 32
Estimated max possible cost 534.352535
for path: 
0 1 2 3 4 5 6 7 8 9 10 11 12 13 14 15 16 17 18 19 0
Execution time: 48 ms

Elapsed time: 2140 ms


Execution #33/10000

Seed: 33
Estimated max possible cost 534.352535
for path: 
0 1 2 3 4 5 6 7 8 9 10 11 12 13 14 15 16 17 18 19 0
Execution time: 52 ms

Elapsed time: 2192 ms


Execution #34/10000

Seed: 34
Estimated max possible cost 534.352535
for path: 
0 1 2 3 4 5 6 7 8 9 10 11 12 13 14 15 16 17 18 19 0
Execution time: 98 ms

Elapsed time: 2290 ms


Execution #35/10000

Seed: 35
Estimated max possible cost 534.352535
for path: 
0 1 2 3 4 5 6 7 8 9 10 11 12 13 14 15 16 17 18 19 0
Execution time: 48 ms

Elapsed time: 2338 ms


Execution #36/10000

Seed: 36
Estimated max possible cost 534.352535
for path: 
0 1 2 3 4 5 6 7 8 9 10 11 12 13 14 15 16 17 18 19 0
Execution time: 60 ms

Elapsed time: 2398 ms


Execution #37/10000

Seed: 37
Estimated max possible cost 534.352535
for path: 
0 1 2 3 4 5 6 7 8 9 10 11 12 13 14 15 16 17 18 19 0
Execution time: 54 ms

Elapsed time: 2452 ms


Execution #38/10000

Seed: 38
Estimated max possible cost 534.352535
for path: 
0 1 2 3 4 5 6 7 8 9 10 11 12 13 14 15 16 17 18 19 0
Execution time: 80 ms

Elapsed time: 2532 ms


Execution #39/10000

Seed: 39
Estimated max possible cost 534.352535
for path: 
0 1 2 3 4 5 6 7 8 9 10 11 12 13 14 15 16 17 18 19 0
Execution time: 50 ms

Elapsed time: 2582 ms


Execution #40/10000

Seed: 40
Estimated max possible cost 534.352535
for path: 
0 1 2 3 4 5 6 7 8 9 10 11 12 13 14 15 16 17 18 19 0
Execution time: 56 ms

Elapsed time: 2638 ms


Execution #41/10000

Seed: 41
Estimated max possible cost 534.352535
for path: 
0 1 2 3 4 5 6 7 8 9 10 11 12 13 14 15 16 17 18 19 0
Execution time: 84 ms

Elapsed time: 2722 ms


Execution #42/10000

Seed: 42
Estimated max possible cost 534.352535
for path: 
0 1 2 3 4 5 6 7 8 9 10 11 12 13 14 15 16 17 18 19 0
Execution time: 71 ms

Elapsed time: 2793 ms


Execution #43/10000

Seed: 43
Estimated max possible cost 534.352535
for path: 
0 1 2 3 4 5 6 7 8 9 10 11 12 13 14 15 16 17 18 19 0
Execution time: 59 ms

Elapsed time: 2852 ms


Execution #44/10000

Seed: 44
Estimated max possible cost 534.352535
for path: 
0 1 2 3 4 5 6 7 8 9 10 11 12 13 14 15 16 17 18 19 0
Execution time: 102 ms

Elapsed time: 2954 ms


Execution #45/10000

Seed: 45
Estimated max possible cost 534.352535
for path: 
0 1 2 3 4 5 6 7 8 9 10 11 12 13 14 15 16 17 18 19 0
Execution time: 59 ms

Elapsed time: 3013 ms


Execution #46/10000

Seed: 46
Estimated max possible cost 534.352535
for path: 
0 1 2 3 4 5 6 7 8 9 10 11 12 13 14 15 16 17 18 19 0
Execution time: 72 ms

Elapsed time: 3085 ms


Execution #47/10000

Seed: 47
Estimated max possible cost 534.352535
for path: 
0 1 2 3 4 5 6 7 8 9 10 11 12 13 14 15 16 17 18 19 0
Execution time: 92 ms

Elapsed time: 3177 ms


Execution #48/10000

Seed: 48
Estimated max possible cost 534.352535
for path: 
0 1 2 3 4 5 6 7 8 9 10 11 12 13 14 15 16 17 18 19 0
Execution time: 93 ms

Elapsed time: 3270 ms


Execution #49/10000

Seed: 49
Estimated max possible cost 534.352535
for path: 
0 1 2 3 4 5 6 7 8 9 10 11 12 13 14 15 16 17 18 19 0
Execution time: 47 ms

Elapsed time: 3317 ms


Execution #50/10000

Seed: 50
Estimated max possible cost 534.352535
for path: 
0 1 2 3 4 5 6 7 8 9 10 11 12 13 14 15 16 17 18 19 0
Execution time: 46 ms

Elapsed time: 3363 ms


Execution #51/10000

Seed: 51
Estimated max possible cost 534.352535
for path: 
0 1 2 3 4 5 6 7 8 9 10 11 12 13 14 15 16 17 18 19 0
Execution time: 67 ms

Elapsed time: 3430 ms


Execution #52/10000

Seed: 52
Estimated max possible cost 534.352535
for path: 
0 1 2 3 4 5 6 7 8 9 10 11 12 13 14 15 16 17 18 19 0
Execution time: 47 ms

Elapsed time: 3477 ms


Execution #53/10000

Seed: 53
Estimated max possible cost 534.352535
for path: 
0 1 2 3 4 5 6 7 8 9 10 11 12 13 14 15 16 17 18 19 0
Execution time: 59 ms

Elapsed time: 3536 ms


Execution #54/10000

Seed: 54
Estimated max possible cost 534.352535
for path: 
0 1 2 3 4 5 6 7 8 9 10 11 12 13 14 15 16 17 18 19 0
Execution time: 60 ms

Elapsed time: 3596 ms


Execution #55/10000

Seed: 55
Estimated max possible cost 534.352535
for path: 
0 1 2 3 4 5 6 7 8 9 10 11 12 13 14 15 16 17 18 19 0
Execution time: 75 ms

Elapsed time: 3671 ms


Execution #56/10000

Seed: 56
Estimated max possible cost 534.352535
for path: 
0 1 2 3 4 5 6 7 8 9 10 11 12 13 14 15 16 17 18 19 0
Execution time: 105 ms

Elapsed time: 3776 ms


Execution #57/10000

Seed: 57
Estimated max possible cost 534.352535
for path: 
0 1 2 3 4 5 6 7 8 9 10 11 12 13 14 15 16 17 18 19 0
Execution time: 64 ms

Elapsed time: 3840 ms


Execution #58/10000

Seed: 58
Estimated max possible cost 534.352535
for path: 
0 1 2 3 4 5 6 7 8 9 10 11 12 13 14 15 16 17 18 19 0
Execution time: 75 ms

Elapsed time: 3915 ms


Execution #59/10000

Seed: 59
Estimated max possible cost 534.352535
for path: 
0 1 2 3 4 5 6 7 8 9 10 11 12 13 14 15 16 17 18 19 0
Execution time: 44 ms

Elapsed time: 3959 ms


Execution #60/10000

Seed: 60
Estimated max possible cost 534.352535
for path: 
0 1 2 3 4 5 6 7 8 9 10 11 12 13 14 15 16 17 18 19 0
Execution time: 46 ms

Elapsed time: 4005 ms


Execution #61/10000

Seed: 61
Estimated max possible cost 534.352535
for path: 
0 1 2 3 4 5 6 7 8 9 10 11 12 13 14 15 16 17 18 19 0
Execution time: 71 ms

Elapsed time: 4076 ms


Execution #62/10000

Seed: 62
Estimated max possible cost 534.352535
for path: 
0 1 2 3 4 5 6 7 8 9 10 11 12 13 14 15 16 17 18 19 0
Execution time: 52 ms

Elapsed time: 4128 ms


Execution #63/10000

Seed: 63
Estimated max possible cost 534.352535
for path: 
0 1 2 3 4 5 6 7 8 9 10 11 12 13 14 15 16 17 18 19 0
Execution time: 46 ms

Elapsed time: 4174 ms


Execution #64/10000

Seed: 64
Estimated max possible cost 534.352535
for path: 
0 1 2 3 4 5 6 7 8 9 10 11 12 13 14 15 16 17 18 19 0
Execution time: 59 ms

Elapsed time: 4233 ms


Execution #65/10000

Seed: 65
Estimated max possible cost 534.352535
for path: 
0 1 2 3 4 5 6 7 8 9 10 11 12 13 14 15 16 17 18 19 0
Execution time: 51 ms

Elapsed time: 4284 ms


Execution #66/10000

Seed: 66
Estimated max possible cost 534.352535
for path: 
0 1 2 3 4 5 6 7 8 9 10 11 12 13 14 15 16 17 18 19 0
Execution time: 69 ms

Elapsed time: 4353 ms


Execution #67/10000

Seed: 67
Estimated max possible cost 534.352535
for path: 
0 1 2 3 4 5 6 7 8 9 10 11 12 13 14 15 16 17 18 19 0
Execution time: 75 ms

Elapsed time: 4428 ms


Execution #68/10000

Seed: 68
Estimated max possible cost 534.352535
for path: 
0 1 2 3 4 5 6 7 8 9 10 11 12 13 14 15 16 17 18 19 0
Execution time: 80 ms

Elapsed time: 4508 ms


Execution #69/10000

Seed: 69
Estimated max possible cost 534.352535
for path: 
0 1 2 3 4 5 6 7 8 9 10 11 12 13 14 15 16 17 18 19 0
Execution time: 71 ms

Elapsed time: 4579 ms


Execution #70/10000

Seed: 70
Estimated max possible cost 534.352535
for path: 
0 1 2 3 4 5 6 7 8 9 10 11 12 13 14 15 16 17 18 19 0
Execution time: 45 ms

Elapsed time: 4624 ms


Execution #71/10000

Seed: 71
Estimated max possible cost 534.352535
for path: 
0 1 2 3 4 5 6 7 8 9 10 11 12 13 14 15 16 17 18 19 0
Execution time: 46 ms

Elapsed time: 4670 ms


Execution #72/10000

Seed: 72
Estimated max possible cost 534.352535
for path: 
0 1 2 3 4 5 6 7 8 9 10 11 12 13 14 15 16 17 18 19 0
Execution time: 76 ms

Elapsed time: 4746 ms


Execution #73/10000

Seed: 73
Estimated max possible cost 534.352535
for path: 
0 1 2 3 4 5 6 7 8 9 10 11 12 13 14 15 16 17 18 19 0
Execution time: 82 ms

Elapsed time: 4828 ms


Execution #74/10000

Seed: 74
Estimated max possible cost 534.352535
for path: 
0 1 2 3 4 5 6 7 8 9 10 11 12 13 14 15 16 17 18 19 0
Execution time: 50 ms

Elapsed time: 4878 ms


Execution #75/10000

Seed: 75
Estimated max possible cost 534.352535
for path: 
0 1 2 3 4 5 6 7 8 9 10 11 12 13 14 15 16 17 18 19 0
Execution time: 61 ms

Elapsed time: 4939 ms


Execution #76/10000

Seed: 76
Estimated max possible cost 534.352535
for path: 
0 1 2 3 4 5 6 7 8 9 10 11 12 13 14 15 16 17 18 19 0
Execution time: 60 ms

Elapsed time: 4999 ms


Execution #77/10000

Seed: 77
Estimated max possible cost 534.352535
for path: 
0 1 2 3 4 5 6 7 8 9 10 11 12 13 14 15 16 17 18 19 0
Execution time: 68 ms

Elapsed time: 5067 ms


Execution #78/10000

Seed: 78
Estimated max possible cost 534.352535
for path: 
0 1 2 3 4 5 6 7 8 9 10 11 12 13 14 15 16 17 18 19 0
Execution time: 48 ms

Elapsed time: 5115 ms


Execution #79/10000

Seed: 79
Estimated max possible cost 534.352535
for path: 
0 1 2 3 4 5 6 7 8 9 10 11 12 13 14 15 16 17 18 19 0
Execution time: 79 ms

Elapsed time: 5194 ms


Execution #80/10000

Seed: 80
Estimated max possible cost 534.352535
for path: 
0 1 2 3 4 5 6 7 8 9 10 11 12 13 14 15 16 17 18 19 0
Execution time: 49 ms

Elapsed time: 5243 ms


Execution #81/10000

Seed: 81
Estimated max possible cost 534.352535
for path: 
0 1 2 3 4 5 6 7 8 9 10 11 12 13 14 15 16 17 18 19 0
Execution time: 46 ms

Elapsed time: 5289 ms


Execution #82/10000

Seed: 82
Estimated max possible cost 534.352535
for path: 
0 1 2 3 4 5 6 7 8 9 10 11 12 13 14 15 16 17 18 19 0
Execution time: 72 ms

Elapsed time: 5361 ms


Execution #83/10000

Seed: 83
Estimated max possible cost 534.352535
for path: 
0 1 2 3 4 5 6 7 8 9 10 11 12 13 14 15 16 17 18 19 0
Execution time: 45 ms

Elapsed time: 5406 ms


Execution #84/10000

Seed: 84
Estimated max possible cost 534.352535
for path: 
0 1 2 3 4 5 6 7 8 9 10 11 12 13 14 15 16 17 18 19 0
Execution time: 71 ms

Elapsed time: 5477 ms


Execution #85/10000

Seed: 85
Estimated max possible cost 534.352535
for path: 
0 1 2 3 4 5 6 7 8 9 10 11 12 13 14 15 16 17 18 19 0
Execution time: 64 ms

Elapsed time: 5541 ms


Execution #86/10000

Seed: 86
Estimated max possible cost 534.352535
for path: 
0 1 2 3 4 5 6 7 8 9 10 11 12 13 14 15 16 17 18 19 0
Execution time: 59 ms

Elapsed time: 5600 ms


Execution #87/10000

Seed: 87
Estimated max possible cost 534.352535
for path: 
0 1 2 3 4 5 6 7 8 9 10 11 12 13 14 15 16 17 18 19 0
Execution time: 50 ms

Elapsed time: 5650 ms


Execution #88/10000

Seed: 88
Estimated max possible cost 534.352535
for path: 
0 1 2 3 4 5 6 7 8 9 10 11 12 13 14 15 16 17 18 19 0
Execution time: 68 ms

Elapsed time: 5718 ms


Execution #89/10000

Seed: 89
Estimated max possible cost 534.352535
for path: 
0 1 2 3 4 5 6 7 8 9 10 11 12 13 14 15 16 17 18 19 0
Execution time: 58 ms

Elapsed time: 5776 ms


Execution #90/10000

Seed: 90
Estimated max possible cost 534.352535
for path: 
0 1 2 3 4 5 6 7 8 9 10 11 12 13 14 15 16 17 18 19 0
Execution time: 79 ms

Elapsed time: 5855 ms


Execution #91/10000

Seed: 91
Estimated max possible cost 534.352535
for path: 
0 1 2 3 4 5 6 7 8 9 10 11 12 13 14 15 16 17 18 19 0
Execution time: 46 ms

Elapsed time: 5901 ms


Execution #92/10000

Seed: 92
Estimated max possible cost 534.352535
for path: 
0 1 2 3 4 5 6 7 8 9 10 11 12 13 14 15 16 17 18 19 0
Execution time: 68 ms

Elapsed time: 5969 ms


Execution #93/10000

Seed: 93
Estimated max possible cost 534.352535
for path: 
0 1 2 3 4 5 6 7 8 9 10 11 12 13 14 15 16 17 18 19 0
Execution time: 61 ms

Elapsed time: 6030 ms


Execution #94/10000

Seed: 94
Estimated max possible cost 534.352535
for path: 
0 1 2 3 4 5 6 7 8 9 10 11 12 13 14 15 16 17 18 19 0
Execution time: 97 ms

Elapsed time: 6127 ms


Execution #95/10000

Seed: 95
Estimated max possible cost 534.352535
for path: 
0 1 2 3 4 5 6 7 8 9 10 11 12 13 14 15 16 17 18 19 0
Execution time: 75 ms

Elapsed time: 6202 ms


Execution #96/10000

Seed: 96
Estimated max possible cost 534.352535
for path: 
0 1 2 3 4 5 6 7 8 9 10 11 12 13 14 15 16 17 18 19 0
Execution time: 46 ms

Elapsed time: 6248 ms


Execution #97/10000

Seed: 97
Estimated max possible cost 534.352535
for path: 
0 1 2 3 4 5 6 7 8 9 10 11 12 13 14 15 16 17 18 19 0
Execution time: 65 ms

Elapsed time: 6313 ms


Execution #98/10000

Seed: 98
Estimated max possible cost 534.352535
for path: 
0 1 2 3 4 5 6 7 8 9 10 11 12 13 14 15 16 17 18 19 0
Execution time: 70 ms

Elapsed time: 6383 ms


Execution #99/10000

Seed: 99
Estimated max possible cost 534.352535
for path: 
0 1 2 3 4 5 6 7 8 9 10 11 12 13 14 15 16 17 18 19 0
Execution time: 83 ms

Elapsed time: 6466 ms


Execution #100/10000

Seed: 100
Estimated max possible cost 534.352535
for path: 
0 1 2 3 4 5 6 7 8 9 10 11 12 13 14 15 16 17 18 19 0
Execution time: 59 ms

Elapsed time: 6525 ms


Execution #101/10000

Seed: 101
Estimated max possible cost 534.352535
for path: 
0 1 2 3 4 5 6 7 8 9 10 11 12 13 14 15 16 17 18 19 0
Execution time: 86 ms

Elapsed time: 6611 ms


Execution #102/10000

Seed: 102
Estimated max possible cost 534.352535
for path: 
0 1 2 3 4 5 6 7 8 9 10 11 12 13 14 15 16 17 18 19 0
Execution time: 92 ms

Elapsed time: 6703 ms


Execution #103/10000

Seed: 103
Estimated max possible cost 534.352535
for path: 
0 1 2 3 4 5 6 7 8 9 10 11 12 13 14 15 16 17 18 19 0
Execution time: 79 ms

Elapsed time: 6782 ms


Execution #104/10000

Seed: 104
Estimated max possible cost 534.352535
for path: 
0 1 2 3 4 5 6 7 8 9 10 11 12 13 14 15 16 17 18 19 0
Execution time: 74 ms

Elapsed time: 6856 ms


Execution #105/10000

Seed: 105
Estimated max possible cost 534.352535
for path: 
0 1 2 3 4 5 6 7 8 9 10 11 12 13 14 15 16 17 18 19 0
Execution time: 74 ms

Elapsed time: 6930 ms


Execution #106/10000

Seed: 106
Estimated max possible cost 534.352535
for path: 
0 1 2 3 4 5 6 7 8 9 10 11 12 13 14 15 16 17 18 19 0
Execution time: 51 ms

Elapsed time: 6981 ms


Execution #107/10000

Seed: 107
Estimated max possible cost 534.352535
for path: 
0 1 2 3 4 5 6 7 8 9 10 11 12 13 14 15 16 17 18 19 0
Execution time: 73 ms

Elapsed time: 7054 ms


Execution #108/10000

Seed: 108
Estimated max possible cost 534.352535
for path: 
0 1 2 3 4 5 6 7 8 9 10 11 12 13 14 15 16 17 18 19 0
Execution time: 70 ms

Elapsed time: 7124 ms


Execution #109/10000

Seed: 109
Estimated max possible cost 534.352535
for path: 
0 1 2 3 4 5 6 7 8 9 10 11 12 13 14 15 16 17 18 19 0
Execution time: 56 ms

Elapsed time: 7180 ms


Execution #110/10000

Seed: 110
Estimated max possible cost 534.352535
for path: 
0 1 2 3 4 5 6 7 8 9 10 11 12 13 14 15 16 17 18 19 0
Execution time: 49 ms

Elapsed time: 7229 ms


Execution #111/10000

Seed: 111
Estimated max possible cost 534.352535
for path: 
0 1 2 3 4 5 6 7 8 9 10 11 12 13 14 15 16 17 18 19 0
Execution time: 46 ms

Elapsed time: 7275 ms


Execution #112/10000

Seed: 112
Estimated max possible cost 534.352535
for path: 
0 1 2 3 4 5 6 7 8 9 10 11 12 13 14 15 16 17 18 19 0
Execution time: 79 ms

Elapsed time: 7354 ms


Execution #113/10000

Seed: 113
Estimated max possible cost 534.352535
for path: 
0 1 2 3 4 5 6 7 8 9 10 11 12 13 14 15 16 17 18 19 0
Execution time: 51 ms

Elapsed time: 7405 ms


Execution #114/10000

Seed: 114
Estimated max possible cost 534.352535
for path: 
0 1 2 3 4 5 6 7 8 9 10 11 12 13 14 15 16 17 18 19 0
Execution time: 49 ms

Elapsed time: 7454 ms


Execution #115/10000

Seed: 115
Estimated max possible cost 534.352535
for path: 
0 1 2 3 4 5 6 7 8 9 10 11 12 13 14 15 16 17 18 19 0
Execution time: 47 ms

Elapsed time: 7501 ms


Execution #116/10000

Seed: 116
Estimated max possible cost 534.352535
for path: 
0 1 2 3 4 5 6 7 8 9 10 11 12 13 14 15 16 17 18 19 0
Execution time: 67 ms

Elapsed time: 7568 ms


Execution #117/10000

Seed: 117
Estimated max possible cost 534.352535
for path: 
0 1 2 3 4 5 6 7 8 9 10 11 12 13 14 15 16 17 18 19 0
Execution time: 73 ms

Elapsed time: 7641 ms


Execution #118/10000

Seed: 118
Estimated max possible cost 534.352535
for path: 
0 1 2 3 4 5 6 7 8 9 10 11 12 13 14 15 16 17 18 19 0
Execution time: 73 ms

Elapsed time: 7714 ms


Execution #119/10000

Seed: 119
Estimated max possible cost 534.352535
for path: 
0 1 2 3 4 5 6 7 8 9 10 11 12 13 14 15 16 17 18 19 0
Execution time: 66 ms

Elapsed time: 7780 ms


Execution #120/10000

Seed: 120
Estimated max possible cost 534.352535
for path: 
0 1 2 3 4 5 6 7 8 9 10 11 12 13 14 15 16 17 18 19 0
Execution time: 50 ms

Elapsed time: 7830 ms


Execution #121/10000

Seed: 121
Estimated max possible cost 534.352535
for path: 
0 1 2 3 4 5 6 7 8 9 10 11 12 13 14 15 16 17 18 19 0
Execution time: 56 ms

Elapsed time: 7886 ms


Execution #122/10000

Seed: 122
Estimated max possible cost 534.352535
for path: 
0 1 2 3 4 5 6 7 8 9 10 11 12 13 14 15 16 17 18 19 0
Execution time: 71 ms

Elapsed time: 7957 ms


Execution #123/10000

Seed: 123
Estimated max possible cost 534.352535
for path: 
0 1 2 3 4 5 6 7 8 9 10 11 12 13 14 15 16 17 18 19 0
Execution time: 50 ms

Elapsed time: 8007 ms


Execution #124/10000

Seed: 124
Estimated max possible cost 534.352535
for path: 
0 1 2 3 4 5 6 7 8 9 10 11 12 13 14 15 16 17 18 19 0
Execution time: 85 ms

Elapsed time: 8092 ms


Execution #125/10000

Seed: 125
Estimated max possible cost 534.352535
for path: 
0 1 2 3 4 5 6 7 8 9 10 11 12 13 14 15 16 17 18 19 0
Execution time: 47 ms

Elapsed time: 8139 ms


Execution #126/10000

Seed: 126
Estimated max possible cost 534.352535
for path: 
0 1 2 3 4 5 6 7 8 9 10 11 12 13 14 15 16 17 18 19 0
Execution time: 69 ms

Elapsed time: 8208 ms


Execution #127/10000

Seed: 127
Estimated max possible cost 534.352535
for path: 
0 1 2 3 4 5 6 7 8 9 10 11 12 13 14 15 16 17 18 19 0
Execution time: 55 ms

Elapsed time: 8263 ms


Execution #128/10000

Seed: 128
Estimated max possible cost 534.352535
for path: 
0 1 2 3 4 5 6 7 8 9 10 11 12 13 14 15 16 17 18 19 0
Execution time: 47 ms

Elapsed time: 8310 ms


Execution #129/10000

Seed: 129
Estimated max possible cost 534.352535
for path: 
0 1 2 3 4 5 6 7 8 9 10 11 12 13 14 15 16 17 18 19 0
Execution time: 82 ms

Elapsed time: 8392 ms


Execution #130/10000

Seed: 130
Estimated max possible cost 534.352535
for path: 
0 1 2 3 4 5 6 7 8 9 10 11 12 13 14 15 16 17 18 19 0
Execution time: 78 ms

Elapsed time: 8470 ms


Execution #131/10000

Seed: 131
Estimated max possible cost 534.352535
for path: 
0 1 2 3 4 5 6 7 8 9 10 11 12 13 14 15 16 17 18 19 0
Execution time: 48 ms

Elapsed time: 8518 ms


Execution #132/10000

Seed: 132
Estimated max possible cost 534.352535
for path: 
0 1 2 3 4 5 6 7 8 9 10 11 12 13 14 15 16 17 18 19 0
Execution time: 47 ms

Elapsed time: 8565 ms


Execution #133/10000

Seed: 133
Estimated max possible cost 534.352535
for path: 
0 1 2 3 4 5 6 7 8 9 10 11 12 13 14 15 16 17 18 19 0
Execution time: 77 ms

Elapsed time: 8642 ms


Execution #134/10000

Seed: 134
Estimated max possible cost 534.352535
for path: 
0 1 2 3 4 5 6 7 8 9 10 11 12 13 14 15 16 17 18 19 0
Execution time: 48 ms

Elapsed time: 8690 ms


Execution #135/10000

Seed: 135
Estimated max possible cost 534.352535
for path: 
0 1 2 3 4 5 6 7 8 9 10 11 12 13 14 15 16 17 18 19 0
Execution time: 49 ms

Elapsed time: 8739 ms


Execution #136/10000

Seed: 136
Estimated max possible cost 534.352535
for path: 
0 1 2 3 4 5 6 7 8 9 10 11 12 13 14 15 16 17 18 19 0
Execution time: 49 ms

Elapsed time: 8788 ms


Execution #137/10000

Seed: 137
Estimated max possible cost 534.352535
for path: 
0 1 2 3 4 5 6 7 8 9 10 11 12 13 14 15 16 17 18 19 0
Execution time: 85 ms

Elapsed time: 8873 ms


Execution #138/10000

Seed: 138
Estimated max possible cost 534.352535
for path: 
0 1 2 3 4 5 6 7 8 9 10 11 12 13 14 15 16 17 18 19 0
Execution time: 74 ms

Elapsed time: 8947 ms


Execution #139/10000

Seed: 139
Estimated max possible cost 534.352535
for path: 
0 1 2 3 4 5 6 7 8 9 10 11 12 13 14 15 16 17 18 19 0
Execution time: 59 ms

Elapsed time: 9006 ms


Execution #140/10000

Seed: 140
Estimated max possible cost 534.352535
for path: 
0 1 2 3 4 5 6 7 8 9 10 11 12 13 14 15 16 17 18 19 0
Execution time: 63 ms

Elapsed time: 9069 ms


Execution #141/10000

Seed: 141
Estimated max possible cost 534.352535
for path: 
0 1 2 3 4 5 6 7 8 9 10 11 12 13 14 15 16 17 18 19 0
Execution time: 48 ms

Elapsed time: 9117 ms


Execution #142/10000

Seed: 142
Estimated max possible cost 534.352535
for path: 
0 1 2 3 4 5 6 7 8 9 10 11 12 13 14 15 16 17 18 19 0
Execution time: 61 ms

Elapsed time: 9178 ms


Execution #143/10000

Seed: 143
Estimated max possible cost 534.352535
for path: 
0 1 2 3 4 5 6 7 8 9 10 11 12 13 14 15 16 17 18 19 0
Execution time: 88 ms

Elapsed time: 9266 ms


Execution #144/10000

Seed: 144
Estimated max possible cost 534.352535
for path: 
0 1 2 3 4 5 6 7 8 9 10 11 12 13 14 15 16 17 18 19 0
Execution time: 46 ms

Elapsed time: 9312 ms


Execution #145/10000

Seed: 145
Estimated max possible cost 534.352535
for path: 
0 1 2 3 4 5 6 7 8 9 10 11 12 13 14 15 16 17 18 19 0
Execution time: 65 ms

Elapsed time: 9377 ms


Execution #146/10000

Seed: 146
Estimated max possible cost 534.352535
for path: 
0 1 2 3 4 5 6 7 8 9 10 11 12 13 14 15 16 17 18 19 0
Execution time: 84 ms

Elapsed time: 9461 ms


Execution #147/10000

Seed: 147
Estimated max possible cost 534.352535
for path: 
0 1 2 3 4 5 6 7 8 9 10 11 12 13 14 15 16 17 18 19 0
Execution time: 87 ms

Elapsed time: 9548 ms


Execution #148/10000

Seed: 148
Estimated max possible cost 534.352535
for path: 
0 1 2 3 4 5 6 7 8 9 10 11 12 13 14 15 16 17 18 19 0
Execution time: 59 ms

Elapsed time: 9607 ms


Execution #149/10000

Seed: 149
Estimated max possible cost 534.352535
for path: 
0 1 2 3 4 5 6 7 8 9 10 11 12 13 14 15 16 17 18 19 0
Execution time: 69 ms

Elapsed time: 9676 ms


Execution #150/10000

Seed: 150
Estimated max possible cost 534.352535
for path: 
0 1 2 3 4 5 6 7 8 9 10 11 12 13 14 15 16 17 18 19 0
Execution time: 48 ms

Elapsed time: 9724 ms


Execution #151/10000

Seed: 151
Estimated max possible cost 534.352535
for path: 
0 1 2 3 4 5 6 7 8 9 10 11 12 13 14 15 16 17 18 19 0
Execution time: 53 ms

Elapsed time: 9777 ms


Execution #152/10000

Seed: 152
Estimated max possible cost 534.352535
for path: 
0 1 2 3 4 5 6 7 8 9 10 11 12 13 14 15 16 17 18 19 0
Execution time: 76 ms

Elapsed time: 9853 ms


Execution #153/10000

Seed: 153
Estimated max possible cost 534.352535
for path: 
0 1 2 3 4 5 6 7 8 9 10 11 12 13 14 15 16 17 18 19 0
Execution time: 52 ms

Elapsed time: 9905 ms


Execution #154/10000

Seed: 154
Estimated max possible cost 534.352535
for path: 
0 1 2 3 4 5 6 7 8 9 10 11 12 13 14 15 16 17 18 19 0
Execution time: 93 ms

Elapsed time: 9998 ms


Execution #155/10000

Seed: 155
Estimated max possible cost 534.352535
for path: 
0 1 2 3 4 5 6 7 8 9 10 11 12 13 14 15 16 17 18 19 0
Execution time: 77 ms

Elapsed time: 10075 ms


Execution #156/10000

Seed: 156
Estimated max possible cost 534.352535
for path: 
0 1 2 3 4 5 6 7 8 9 10 11 12 13 14 15 16 17 18 19 0
Execution time: 62 ms

Elapsed time: 10137 ms


Execution #157/10000

Seed: 157
Estimated max possible cost 534.352535
for path: 
0 1 2 3 4 5 6 7 8 9 10 11 12 13 14 15 16 17 18 19 0
Execution time: 49 ms

Elapsed time: 10186 ms


Execution #158/10000

Seed: 158
Estimated max possible cost 534.352535
for path: 
0 1 2 3 4 5 6 7 8 9 10 11 12 13 14 15 16 17 18 19 0
Execution time: 54 ms

Elapsed time: 10240 ms


Execution #159/10000

Seed: 159
Estimated max possible cost 534.352535
for path: 
0 1 2 3 4 5 6 7 8 9 10 11 12 13 14 15 16 17 18 19 0
Execution time: 47 ms

Elapsed time: 10287 ms


Execution #160/10000

Seed: 160
Estimated max possible cost 534.352535
for path: 
0 1 2 3 4 5 6 7 8 9 10 11 12 13 14 15 16 17 18 19 0
Execution time: 81 ms

Elapsed time: 10368 ms


Execution #161/10000

Seed: 161
Estimated max possible cost 534.352535
for path: 
0 1 2 3 4 5 6 7 8 9 10 11 12 13 14 15 16 17 18 19 0
Execution time: 49 ms

Elapsed time: 10417 ms


Execution #162/10000

Seed: 162
Estimated max possible cost 534.352535
for path: 
0 1 2 3 4 5 6 7 8 9 10 11 12 13 14 15 16 17 18 19 0
Execution time: 77 ms

Elapsed time: 10494 ms


Execution #163/10000

Seed: 163
Estimated max possible cost 534.352535
for path: 
0 1 2 3 4 5 6 7 8 9 10 11 12 13 14 15 16 17 18 19 0
Execution time: 73 ms

Elapsed time: 10567 ms


Execution #164/10000

Seed: 164
Estimated max possible cost 534.352535
for path: 
0 1 2 3 4 5 6 7 8 9 10 11 12 13 14 15 16 17 18 19 0
Execution time: 89 ms

Elapsed time: 10656 ms


Execution #165/10000

Seed: 165
Estimated max possible cost 534.352535
for path: 
0 1 2 3 4 5 6 7 8 9 10 11 12 13 14 15 16 17 18 19 0
Execution time: 75 ms

Elapsed time: 10731 ms


Execution #166/10000

Seed: 166
Estimated max possible cost 534.352535
for path: 
0 1 2 3 4 5 6 7 8 9 10 11 12 13 14 15 16 17 18 19 0
Execution time: 58 ms

Elapsed time: 10789 ms


Execution #167/10000

Seed: 167
Estimated max possible cost 534.352535
for path: 
0 1 2 3 4 5 6 7 8 9 10 11 12 13 14 15 16 17 18 19 0
Execution time: 61 ms

Elapsed time: 10850 ms


Execution #168/10000

Seed: 168
Estimated max possible cost 534.352535
for path: 
0 1 2 3 4 5 6 7 8 9 10 11 12 13 14 15 16 17 18 19 0
Execution time: 49 ms

Elapsed time: 10899 ms


Execution #169/10000

Seed: 169
Estimated max possible cost 534.352535
for path: 
0 1 2 3 4 5 6 7 8 9 10 11 12 13 14 15 16 17 18 19 0
Execution time: 64 ms

Elapsed time: 10963 ms


Execution #170/10000

Seed: 170
Estimated max possible cost 534.352535
for path: 
0 1 2 3 4 5 6 7 8 9 10 11 12 13 14 15 16 17 18 19 0
Execution time: 47 ms

Elapsed time: 11010 ms


Execution #171/10000

Seed: 171
Estimated max possible cost 534.352535
for path: 
0 1 2 3 4 5 6 7 8 9 10 11 12 13 14 15 16 17 18 19 0
Execution time: 53 ms

Elapsed time: 11063 ms


Execution #172/10000

Seed: 172
Estimated max possible cost 534.352535
for path: 
0 1 2 3 4 5 6 7 8 9 10 11 12 13 14 15 16 17 18 19 0
Execution time: 49 ms

Elapsed time: 11112 ms


Execution #173/10000

Seed: 173
Estimated max possible cost 534.352535
for path: 
0 1 2 3 4 5 6 7 8 9 10 11 12 13 14 15 16 17 18 19 0
Execution time: 73 ms

Elapsed time: 11185 ms


Execution #174/10000

Seed: 174
Estimated max possible cost 534.352535
for path: 
0 1 2 3 4 5 6 7 8 9 10 11 12 13 14 15 16 17 18 19 0
Execution time: 55 ms

Elapsed time: 11240 ms


Execution #175/10000

Seed: 175
Estimated max possible cost 534.352535
for path: 
0 1 2 3 4 5 6 7 8 9 10 11 12 13 14 15 16 17 18 19 0
Execution time: 52 ms

Elapsed time: 11292 ms


