Solving TSP


Execution #1/10000

Seed: 1
Estimated max possible cost 537.159061
for path: 
0 1 2 3 4 5 6 7 8 9 10 11 12 13 14 15 16 17 18 19 20 0
Memory needed for path: 3394920 locs, for costs: 3359200 locs.
Desired precision: 1e+12
Mem constraint for cost_t: 64 bits
Rounded to pow of 2 bytes mem constraint (capped at 64bits) for cost_t: 64 bits
Bits needed for an int to preserve precision: 49
Bits used per cost_t: 49
Selected cost_t = (u)int64_t
Solving with cost_t = y
Memory [GB] needed: 0.0281898
Distances:
0, 5.08, 242.54, 232.423, 228.124, 218.013, 212.172, 212.044, 211.947, 211.88, 211.843, 211.837, 211.862, 211.917, 212.002, 212.117, 212.263, 212.44, 212.646, 212.882, 213.149, 
5.08, 0, 247.599, 237.481, 233.181, 223.068, 217.244, 217.119, 217.024, 216.959, 216.923, 216.917, 216.941, 216.995, 217.078, 217.191, 217.333, 217.505, 217.707, 217.938, 218.198, 
242.54, 247.599, 0, 10.16, 14.478, 24.638, 31.3255, 32.219, 33.2827, 34.501, 35.8581, 37.3389, 38.9292, 40.6162, 42.3883, 44.2354, 46.1484, 48.1194, 50.1417, 52.2092, 54.3168, 
232.423, 237.481, 10.16, 0, 4.318, 14.478, 21.9236, 23.1823, 24.6393, 26.2617, 28.0207, 29.8922, 31.8565, 33.8973, 36.0018, 38.1592, 40.3612, 42.6009, 44.8725, 47.1716, 49.4942, 
228.124, 233.181, 14.478, 4.318, 0, 10.16, 18.1765, 19.6764, 21.3738, 23.2254, 25.1973, 27.2633, 29.4037, 31.6034, 33.8507, 36.1368, 38.4548, 40.7992, 43.1658, 45.5511, 47.9522, 
218.013, 223.068, 24.638, 14.478, 10.16, 0, 11.1326, 13.4428, 15.8236, 18.2474, 20.6991, 23.1698, 25.654, 28.1482, 30.6499, 33.1575, 35.6696, 38.1854, 40.7042, 43.2255, 45.7489, 
212.172, 217.244, 31.3255, 21.9236, 18.1765, 11.1326, 0, 2.54, 5.08, 7.62, 10.16, 12.7, 15.24, 17.78, 20.32, 22.86, 25.4, 27.94, 30.48, 33.02, 35.56, 
212.044, 217.119, 32.219, 23.1823, 19.6764, 13.4428, 2.54, 0, 2.54, 5.08, 7.62, 10.16, 12.7, 15.24, 17.78, 20.32, 22.86, 25.4, 27.94, 30.48, 33.02, 
211.947, 217.024, 33.2827, 24.6393, 21.3738, 15.8236, 5.08, 2.54, 0, 2.54, 5.08, 7.62, 10.16, 12.7, 15.24, 17.78, 20.32, 22.86, 25.4, 27.94, 30.48, 
211.88, 216.959, 34.501, 26.2617, 23.2254, 18.2474, 7.62, 5.08, 2.54, 0, 2.54, 5.08, 7.62, 10.16, 12.7, 15.24, 17.78, 20.32, 22.86, 25.4, 27.94, 
211.843, 216.923, 35.8581, 28.0207, 25.1973, 20.6991, 10.16, 7.62, 5.08, 2.54, 0, 2.54, 5.08, 7.62, 10.16, 12.7, 15.24, 17.78, 20.32, 22.86, 25.4, 
211.837, 216.917, 37.3389, 29.8922, 27.2633, 23.1698, 12.7, 10.16, 7.62, 5.08, 2.54, 0, 2.54, 5.08, 7.62, 10.16, 12.7, 15.24, 17.78, 20.32, 22.86, 
211.862, 216.941, 38.9292, 31.8565, 29.4037, 25.654, 15.24, 12.7, 10.16, 7.62, 5.08, 2.54, 0, 2.54, 5.08, 7.62, 10.16, 12.7, 15.24, 17.78, 20.32, 
211.917, 216.995, 40.6162, 33.8973, 31.6034, 28.1482, 17.78, 15.24, 12.7, 10.16, 7.62, 5.08, 2.54, 0, 2.54, 5.08, 7.62, 10.16, 12.7, 15.24, 17.78, 
212.002, 217.078, 42.3883, 36.0018, 33.8507, 30.6499, 20.32, 17.78, 15.24, 12.7, 10.16, 7.62, 5.08, 2.54, 0, 2.54, 5.08, 7.62, 10.16, 12.7, 15.24, 
212.117, 217.191, 44.2354, 38.1592, 36.1368, 33.1575, 22.86, 20.32, 17.78, 15.24, 12.7, 10.16, 7.62, 5.08, 2.54, 0, 2.54, 5.08, 7.62, 10.16, 12.7, 
212.263, 217.333, 46.1484, 40.3612, 38.4548, 35.6696, 25.4, 22.86, 20.32, 17.78, 15.24, 12.7, 10.16, 7.62, 5.08, 2.54, 0, 2.54, 5.08, 7.62, 10.16, 
212.44, 217.505, 48.1194, 42.6009, 40.7992, 38.1854, 27.94, 25.4, 22.86, 20.32, 17.78, 15.24, 12.7, 10.16, 7.62, 5.08, 2.54, 0, 2.54, 5.08, 7.62, 
212.646, 217.707, 50.1417, 44.8725, 43.1658, 40.7042, 30.48, 27.94, 25.4, 22.86, 20.32, 17.78, 15.24, 12.7, 10.16, 7.62, 5.08, 2.54, 0, 2.54, 5.08, 
212.882, 217.938, 52.2092, 47.1716, 45.5511, 43.2255, 33.02, 30.48, 27.94, 25.4, 22.86, 20.32, 17.78, 15.24, 12.7, 10.16, 7.62, 5.08, 2.54, 0, 2.54, 
213.149, 218.198, 54.3168, 49.4942, 47.9522, 45.7489, 35.56, 33.02, 30.48, 27.94, 25.4, 22.86, 20.32, 17.78, 15.24, 12.7, 10.16, 7.62, 5.08, 2.54, 0, 
Scaled Distances:
0, 9.28149e+16, 8.7699e+18, 8.40021e+18, 8.24314e+18, 7.87367e+18, 7.66023e+18, 7.65556e+18, 7.652e+18, 7.64956e+18, 7.64822e+18, 7.648e+18, 7.64889e+18, 7.65089e+18, 7.654e+18, 7.65823e+18, 7.66356e+18, 7.67e+18, 7.67754e+18, 7.68619e+18, 7.69593e+18, 
9.28149e+16, 0, 8.95479e+18, 8.58504e+18, 8.42794e+18, 8.05838e+18, 7.84557e+18, 7.84101e+18, 7.83754e+18, 7.83515e+18, 7.83384e+18, 7.83363e+18, 7.8345e+18, 7.83645e+18, 7.83949e+18, 7.84362e+18, 7.84883e+18, 7.85512e+18, 7.86248e+18, 7.87093e+18, 7.88044e+18, 
8.7699e+18, 8.95479e+18, 0, 2.78445e+17, 4.3623e+17, 8.0749e+17, 1.05186e+18, 1.08451e+18, 1.12338e+18, 1.1679e+18, 1.21749e+18, 1.2716e+18, 1.32971e+18, 1.39135e+18, 1.45611e+18, 1.5236e+18, 1.59351e+18, 1.66553e+18, 1.73943e+18, 1.81498e+18, 1.89199e+18, 
8.40021e+18, 8.58504e+18, 2.78445e+17, 0, 6.49704e+16, 4.3623e+17, 7.08302e+17, 7.54296e+17, 8.07537e+17, 8.66821e+17, 9.31098e+17, 9.99487e+17, 1.07126e+18, 1.14584e+18, 1.22274e+18, 1.30157e+18, 1.38204e+18, 1.46388e+18, 1.54689e+18, 1.6309e+18, 1.71577e+18, 
8.24314e+18, 8.42794e+18, 4.3623e+17, 6.49704e+16, 0, 2.78445e+17, 5.71379e+17, 6.26186e+17, 6.8821e+17, 7.55871e+17, 8.27926e+17, 9.03422e+17, 9.81635e+17, 1.06201e+18, 1.14413e+18, 1.22767e+18, 1.31237e+18, 1.39804e+18, 1.48452e+18, 1.57168e+18, 1.65942e+18, 
7.87367e+18, 8.05838e+18, 8.0749e+17, 4.3623e+17, 2.78445e+17, 0, 3.13986e+17, 3.98403e+17, 4.854e+17, 5.73968e+17, 6.63555e+17, 7.53838e+17, 8.44616e+17, 9.35757e+17, 1.02717e+18, 1.1188e+18, 1.2106e+18, 1.30253e+18, 1.39457e+18, 1.4867e+18, 1.57891e+18, 
7.66023e+18, 7.84557e+18, 1.05186e+18, 7.08302e+17, 5.71379e+17, 3.13986e+17, 0, 260, 9.28149e+16, 1.8563e+17, 2.78445e+17, 3.7126e+17, 4.64074e+17, 5.56889e+17, 6.49704e+17, 7.42519e+17, 8.35334e+17, 9.28149e+17, 1.02096e+18, 1.11378e+18, 1.20659e+18, 
7.65556e+18, 7.84101e+18, 1.08451e+18, 7.54296e+17, 6.26186e+17, 3.98403e+17, 260, 0, 260, 9.28149e+16, 1.8563e+17, 2.78445e+17, 3.7126e+17, 4.64074e+17, 5.56889e+17, 6.49704e+17, 7.42519e+17, 8.35334e+17, 9.28149e+17, 1.02096e+18, 1.11378e+18, 
7.652e+18, 7.83754e+18, 1.12338e+18, 8.07537e+17, 6.8821e+17, 4.854e+17, 9.28149e+16, 260, 0, 260, 9.28149e+16, 1.8563e+17, 2.78445e+17, 3.7126e+17, 4.64074e+17, 5.56889e+17, 6.49704e+17, 7.42519e+17, 8.35334e+17, 9.28149e+17, 1.02096e+18, 
7.64956e+18, 7.83515e+18, 1.1679e+18, 8.66821e+17, 7.55871e+17, 5.73968e+17, 1.8563e+17, 9.28149e+16, 260, 0, 260, 9.28149e+16, 1.8563e+17, 2.78445e+17, 3.7126e+17, 4.64074e+17, 5.56889e+17, 6.49704e+17, 7.42519e+17, 8.35334e+17, 9.28149e+17, 
7.64822e+18, 7.83384e+18, 1.21749e+18, 9.31098e+17, 8.27926e+17, 6.63555e+17, 2.78445e+17, 1.8563e+17, 9.28149e+16, 260, 0, 260, 9.28149e+16, 1.8563e+17, 2.78445e+17, 3.7126e+17, 4.64074e+17, 5.56889e+17, 6.49704e+17, 7.42519e+17, 8.35334e+17, 
7.648e+18, 7.83363e+18, 1.2716e+18, 9.99487e+17, 9.03422e+17, 7.53838e+17, 3.7126e+17, 2.78445e+17, 1.8563e+17, 9.28149e+16, 260, 0, 260, 9.28149e+16, 1.8563e+17, 2.78445e+17, 3.7126e+17, 4.64074e+17, 5.56889e+17, 6.49704e+17, 7.42519e+17, 
7.64889e+18, 7.8345e+18, 1.32971e+18, 1.07126e+18, 9.81635e+17, 8.44616e+17, 4.64074e+17, 3.7126e+17, 2.78445e+17, 1.8563e+17, 9.28149e+16, 260, 0, 519, 9.28149e+16, 1.8563e+17, 2.78445e+17, 3.7126e+17, 4.64074e+17, 5.56889e+17, 6.49704e+17, 
7.65089e+18, 7.83645e+18, 1.39135e+18, 1.14584e+18, 1.06201e+18, 9.35757e+17, 5.56889e+17, 4.64074e+17, 3.7126e+17, 2.78445e+17, 1.8563e+17, 9.28149e+16, 519, 0, 260, 9.28149e+16, 1.8563e+17, 2.78445e+17, 3.7126e+17, 4.64074e+17, 5.56889e+17, 
7.654e+18, 7.83949e+18, 1.45611e+18, 1.22274e+18, 1.14413e+18, 1.02717e+18, 6.49704e+17, 5.56889e+17, 4.64074e+17, 3.7126e+17, 2.78445e+17, 1.8563e+17, 9.28149e+16, 260, 0, 0, 9.28149e+16, 1.8563e+17, 2.78445e+17, 3.7126e+17, 4.64074e+17, 
7.65823e+18, 7.84362e+18, 1.5236e+18, 1.30157e+18, 1.22767e+18, 1.1188e+18, 7.42519e+17, 6.49704e+17, 5.56889e+17, 4.64074e+17, 3.7126e+17, 2.78445e+17, 1.8563e+17, 9.28149e+16, 0, 0, 519, 9.28149e+16, 1.8563e+17, 2.78445e+17, 3.7126e+17, 
7.66356e+18, 7.84883e+18, 1.59351e+18, 1.38204e+18, 1.31237e+18, 1.2106e+18, 8.35334e+17, 7.42519e+17, 6.49704e+17, 5.56889e+17, 4.64074e+17, 3.7126e+17, 2.78445e+17, 1.8563e+17, 9.28149e+16, 519, 0, 519, 9.28149e+16, 1.8563e+17, 2.78445e+17, 
7.67e+18, 7.85512e+18, 1.66553e+18, 1.46388e+18, 1.39804e+18, 1.30253e+18, 9.28149e+17, 8.35334e+17, 7.42519e+17, 6.49704e+17, 5.56889e+17, 4.64074e+17, 3.7126e+17, 2.78445e+17, 1.8563e+17, 9.28149e+16, 519, 0, 0, 9.28149e+16, 1.8563e+17, 
7.67754e+18, 7.86248e+18, 1.73943e+18, 1.54689e+18, 1.48452e+18, 1.39457e+18, 1.02096e+18, 9.28149e+17, 8.35334e+17, 7.42519e+17, 6.49704e+17, 5.56889e+17, 4.64074e+17, 3.7126e+17, 2.78445e+17, 1.8563e+17, 9.28149e+16, 0, 0, 519, 9.28149e+16, 
7.68619e+18, 7.87093e+18, 1.81498e+18, 1.6309e+18, 1.57168e+18, 1.4867e+18, 1.11378e+18, 1.02096e+18, 9.28149e+17, 8.35334e+17, 7.42519e+17, 6.49704e+17, 5.56889e+17, 4.64074e+17, 3.7126e+17, 2.78445e+17, 1.8563e+17, 9.28149e+16, 519, 0, 0, 
7.69593e+18, 7.88044e+18, 1.89199e+18, 1.71577e+18, 1.65942e+18, 1.57891e+18, 1.20659e+18, 1.11378e+18, 1.02096e+18, 9.28149e+17, 8.35334e+17, 7.42519e+17, 6.49704e+17, 5.56889e+17, 4.64074e+17, 3.7126e+17, 2.78445e+17, 1.8563e+17, 9.28149e+16, 0, 0, 
Optimal total distance (scaled) for 21 points: 1.75206e+19
Optimal total distance for 21 points: 532.815040
Corresponding path (0-indexed):
Point #20
Point #1
Point #0
Point #5
Point #4
Point #3
Point #2
Point #6
Point #7
Point #8
Point #9
Point #10
Point #11
Point #12
Point #13
Point #14
Point #15
Point #16
Point #17
Point #18
Point #19
Point #20
Execution time: 129 ms

Elapsed time: 129 ms


Execution #2/10000

Seed: 2
Estimated max possible cost 537.159061
for path: 
0 1 2 3 4 5 6 7 8 9 10 11 12 13 14 15 16 17 18 19 20 0
Execution time: 139 ms

Elapsed time: 268 ms


Execution #3/10000

Seed: 3
Estimated max possible cost 537.159061
for path: 
0 1 2 3 4 5 6 7 8 9 10 11 12 13 14 15 16 17 18 19 20 0
Execution time: 133 ms

Elapsed time: 401 ms


Execution #4/10000

Seed: 4
Estimated max possible cost 537.159061
for path: 
0 1 2 3 4 5 6 7 8 9 10 11 12 13 14 15 16 17 18 19 20 0
Execution time: 93 ms

Elapsed time: 494 ms


Execution #5/10000

Seed: 5
Estimated max possible cost 537.159061
for path: 
0 1 2 3 4 5 6 7 8 9 10 11 12 13 14 15 16 17 18 19 20 0
Execution time: 118 ms

Elapsed time: 612 ms


Execution #6/10000

Seed: 6
Estimated max possible cost 537.159061
for path: 
0 1 2 3 4 5 6 7 8 9 10 11 12 13 14 15 16 17 18 19 20 0
Execution time: 159 ms

Elapsed time: 771 ms


Execution #7/10000

Seed: 7
Estimated max possible cost 537.159061
for path: 
0 1 2 3 4 5 6 7 8 9 10 11 12 13 14 15 16 17 18 19 20 0
Execution time: 193 ms

Elapsed time: 964 ms


Execution #8/10000

Seed: 8
Estimated max possible cost 537.159061
for path: 
0 1 2 3 4 5 6 7 8 9 10 11 12 13 14 15 16 17 18 19 20 0
Execution time: 135 ms

Elapsed time: 1099 ms


Execution #9/10000

Seed: 9
Estimated max possible cost 537.159061
for path: 
0 1 2 3 4 5 6 7 8 9 10 11 12 13 14 15 16 17 18 19 20 0
Execution time: 128 ms

Elapsed time: 1227 ms


Execution #10/10000

Seed: 10
Estimated max possible cost 537.159061
for path: 
0 1 2 3 4 5 6 7 8 9 10 11 12 13 14 15 16 17 18 19 20 0
Execution time: 129 ms

Elapsed time: 1356 ms


Execution #11/10000

Seed: 11
Estimated max possible cost 537.159061
for path: 
0 1 2 3 4 5 6 7 8 9 10 11 12 13 14 15 16 17 18 19 20 0
Execution time: 135 ms

Elapsed time: 1491 ms


Execution #12/10000

Seed: 12
Estimated max possible cost 537.159061
for path: 
0 1 2 3 4 5 6 7 8 9 10 11 12 13 14 15 16 17 18 19 20 0
Execution time: 119 ms

Elapsed time: 1610 ms


Execution #13/10000

Seed: 13
Estimated max possible cost 537.159061
for path: 
0 1 2 3 4 5 6 7 8 9 10 11 12 13 14 15 16 17 18 19 20 0
Execution time: 101 ms

Elapsed time: 1711 ms


Execution #14/10000

Seed: 14
Estimated max possible cost 537.159061
for path: 
0 1 2 3 4 5 6 7 8 9 10 11 12 13 14 15 16 17 18 19 20 0
Execution time: 162 ms

Elapsed time: 1873 ms


Execution #15/10000

Seed: 15
Estimated max possible cost 537.159061
for path: 
0 1 2 3 4 5 6 7 8 9 10 11 12 13 14 15 16 17 18 19 20 0
Execution time: 120 ms

Elapsed time: 1993 ms


Execution #16/10000

Seed: 16
Estimated max possible cost 537.159061
for path: 
0 1 2 3 4 5 6 7 8 9 10 11 12 13 14 15 16 17 18 19 20 0
Execution time: 112 ms

Elapsed time: 2105 ms


Execution #17/10000

Seed: 17
Estimated max possible cost 537.159061
for path: 
0 1 2 3 4 5 6 7 8 9 10 11 12 13 14 15 16 17 18 19 20 0
Execution time: 112 ms

Elapsed time: 2217 ms


Execution #18/10000

Seed: 18
Estimated max possible cost 537.159061
for path: 
0 1 2 3 4 5 6 7 8 9 10 11 12 13 14 15 16 17 18 19 20 0
Execution time: 117 ms

Elapsed time: 2334 ms


Execution #19/10000

Seed: 19
Estimated max possible cost 537.159061
for path: 
0 1 2 3 4 5 6 7 8 9 10 11 12 13 14 15 16 17 18 19 20 0
Execution time: 145 ms

Elapsed time: 2479 ms


Execution #20/10000

Seed: 20
Estimated max possible cost 537.159061
for path: 
0 1 2 3 4 5 6 7 8 9 10 11 12 13 14 15 16 17 18 19 20 0
Execution time: 140 ms

Elapsed time: 2619 ms


Execution #21/10000

Seed: 21
Estimated max possible cost 537.159061
for path: 
0 1 2 3 4 5 6 7 8 9 10 11 12 13 14 15 16 17 18 19 20 0
Execution time: 94 ms

Elapsed time: 2713 ms


Execution #22/10000

Seed: 22
Estimated max possible cost 537.159061
for path: 
0 1 2 3 4 5 6 7 8 9 10 11 12 13 14 15 16 17 18 19 20 0
Execution time: 106 ms

Elapsed time: 2819 ms


Execution #23/10000

Seed: 23
Estimated max possible cost 537.159061
for path: 
0 1 2 3 4 5 6 7 8 9 10 11 12 13 14 15 16 17 18 19 20 0
Execution time: 136 ms

Elapsed time: 2955 ms


Execution #24/10000

Seed: 24
Estimated max possible cost 537.159061
for path: 
0 1 2 3 4 5 6 7 8 9 10 11 12 13 14 15 16 17 18 19 20 0
Execution time: 116 ms

Elapsed time: 3071 ms


Execution #25/10000

Seed: 25
Estimated max possible cost 537.159061
for path: 
0 1 2 3 4 5 6 7 8 9 10 11 12 13 14 15 16 17 18 19 20 0
Execution time: 148 ms

Elapsed time: 3219 ms


Execution #26/10000

Seed: 26
Estimated max possible cost 537.159061
for path: 
0 1 2 3 4 5 6 7 8 9 10 11 12 13 14 15 16 17 18 19 20 0
Execution time: 128 ms

Elapsed time: 3347 ms


Execution #27/10000

Seed: 27
Estimated max possible cost 537.159061
for path: 
0 1 2 3 4 5 6 7 8 9 10 11 12 13 14 15 16 17 18 19 20 0
Execution time: 137 ms

Elapsed time: 3484 ms


Execution #28/10000

Seed: 28
Estimated max possible cost 537.159061
for path: 
0 1 2 3 4 5 6 7 8 9 10 11 12 13 14 15 16 17 18 19 20 0
Execution time: 140 ms

Elapsed time: 3624 ms


Execution #29/10000

Seed: 29
Estimated max possible cost 537.159061
for path: 
0 1 2 3 4 5 6 7 8 9 10 11 12 13 14 15 16 17 18 19 20 0
Execution time: 123 ms

Elapsed time: 3747 ms


Execution #30/10000

Seed: 30
Estimated max possible cost 537.159061
for path: 
0 1 2 3 4 5 6 7 8 9 10 11 12 13 14 15 16 17 18 19 20 0
Execution time: 152 ms

Elapsed time: 3899 ms


Execution #31/10000

Seed: 31
Estimated max possible cost 537.159061
for path: 
0 1 2 3 4 5 6 7 8 9 10 11 12 13 14 15 16 17 18 19 20 0
Execution time: 144 ms

Elapsed time: 4043 ms


Execution #32/10000

Seed: 32
Estimated max possible cost 537.159061
for path: 
0 1 2 3 4 5 6 7 8 9 10 11 12 13 14 15 16 17 18 19 20 0
Execution time: 155 ms

Elapsed time: 4198 ms


Execution #33/10000

Seed: 33
Estimated max possible cost 537.159061
for path: 
0 1 2 3 4 5 6 7 8 9 10 11 12 13 14 15 16 17 18 19 20 0
Execution time: 129 ms

Elapsed time: 4327 ms


Execution #34/10000

Seed: 34
Estimated max possible cost 537.159061
for path: 
0 1 2 3 4 5 6 7 8 9 10 11 12 13 14 15 16 17 18 19 20 0
Execution time: 112 ms

Elapsed time: 4439 ms


Execution #35/10000

Seed: 35
Estimated max possible cost 537.159061
for path: 
0 1 2 3 4 5 6 7 8 9 10 11 12 13 14 15 16 17 18 19 20 0
Execution time: 129 ms

Elapsed time: 4568 ms


Execution #36/10000

Seed: 36
Estimated max possible cost 537.159061
for path: 
0 1 2 3 4 5 6 7 8 9 10 11 12 13 14 15 16 17 18 19 20 0
Execution time: 151 ms

Elapsed time: 4719 ms


Execution #37/10000

Seed: 37
Estimated max possible cost 537.159061
for path: 
0 1 2 3 4 5 6 7 8 9 10 11 12 13 14 15 16 17 18 19 20 0
Execution time: 138 ms

Elapsed time: 4857 ms


Execution #38/10000

Seed: 38
Estimated max possible cost 537.159061
for path: 
0 1 2 3 4 5 6 7 8 9 10 11 12 13 14 15 16 17 18 19 20 0
Execution time: 199 ms

Elapsed time: 5056 ms


Execution #39/10000

Seed: 39
Estimated max possible cost 537.159061
for path: 
0 1 2 3 4 5 6 7 8 9 10 11 12 13 14 15 16 17 18 19 20 0
Execution time: 130 ms

Elapsed time: 5186 ms


Execution #40/10000

Seed: 40
Estimated max possible cost 537.159061
for path: 
0 1 2 3 4 5 6 7 8 9 10 11 12 13 14 15 16 17 18 19 20 0
Execution time: 130 ms

Elapsed time: 5316 ms


Execution #41/10000

Seed: 41
Estimated max possible cost 537.159061
for path: 
0 1 2 3 4 5 6 7 8 9 10 11 12 13 14 15 16 17 18 19 20 0
Execution time: 115 ms

Elapsed time: 5431 ms


Execution #42/10000

Seed: 42
Estimated max possible cost 537.159061
for path: 
0 1 2 3 4 5 6 7 8 9 10 11 12 13 14 15 16 17 18 19 20 0
Execution time: 155 ms

Elapsed time: 5586 ms


Execution #43/10000

Seed: 43
Estimated max possible cost 537.159061
for path: 
0 1 2 3 4 5 6 7 8 9 10 11 12 13 14 15 16 17 18 19 20 0
Execution time: 100 ms

Elapsed time: 5686 ms


Execution #44/10000

Seed: 44
Estimated max possible cost 537.159061
for path: 
0 1 2 3 4 5 6 7 8 9 10 11 12 13 14 15 16 17 18 19 20 0
Execution time: 158 ms

Elapsed time: 5844 ms


Execution #45/10000

Seed: 45
Estimated max possible cost 537.159061
for path: 
0 1 2 3 4 5 6 7 8 9 10 11 12 13 14 15 16 17 18 19 20 0
Execution time: 123 ms

Elapsed time: 5967 ms


Execution #46/10000

Seed: 46
Estimated max possible cost 537.159061
for path: 
0 1 2 3 4 5 6 7 8 9 10 11 12 13 14 15 16 17 18 19 20 0
Execution time: 143 ms

Elapsed time: 6110 ms


Execution #47/10000

Seed: 47
Estimated max possible cost 537.159061
for path: 
0 1 2 3 4 5 6 7 8 9 10 11 12 13 14 15 16 17 18 19 20 0
Execution time: 107 ms

Elapsed time: 6217 ms


Execution #48/10000

Seed: 48
Estimated max possible cost 537.159061
for path: 
0 1 2 3 4 5 6 7 8 9 10 11 12 13 14 15 16 17 18 19 20 0
Execution time: 129 ms

Elapsed time: 6346 ms


Execution #49/10000

Seed: 49
Estimated max possible cost 537.159061
for path: 
0 1 2 3 4 5 6 7 8 9 10 11 12 13 14 15 16 17 18 19 20 0
Execution time: 120 ms

Elapsed time: 6466 ms


Execution #50/10000

Seed: 50
Estimated max possible cost 537.159061
for path: 
0 1 2 3 4 5 6 7 8 9 10 11 12 13 14 15 16 17 18 19 20 0
Execution time: 183 ms

Elapsed time: 6649 ms


Execution #51/10000

Seed: 51
Estimated max possible cost 537.159061
for path: 
0 1 2 3 4 5 6 7 8 9 10 11 12 13 14 15 16 17 18 19 20 0
Execution time: 134 ms

Elapsed time: 6783 ms


Execution #52/10000

Seed: 52
Estimated max possible cost 537.159061
for path: 
0 1 2 3 4 5 6 7 8 9 10 11 12 13 14 15 16 17 18 19 20 0
Execution time: 116 ms

Elapsed time: 6899 ms


Execution #53/10000

Seed: 53
Estimated max possible cost 537.159061
for path: 
0 1 2 3 4 5 6 7 8 9 10 11 12 13 14 15 16 17 18 19 20 0
Execution time: 123 ms

Elapsed time: 7022 ms


Execution #54/10000

Seed: 54
Estimated max possible cost 537.159061
for path: 
0 1 2 3 4 5 6 7 8 9 10 11 12 13 14 15 16 17 18 19 20 0
Execution time: 123 ms

Elapsed time: 7145 ms


Execution #55/10000

Seed: 55
Estimated max possible cost 537.159061
for path: 
0 1 2 3 4 5 6 7 8 9 10 11 12 13 14 15 16 17 18 19 20 0
Execution time: 190 ms

Elapsed time: 7335 ms


Execution #56/10000

Seed: 56
Estimated max possible cost 537.159061
for path: 
0 1 2 3 4 5 6 7 8 9 10 11 12 13 14 15 16 17 18 19 20 0
Execution time: 177 ms

Elapsed time: 7512 ms


Execution #57/10000

Seed: 57
Estimated max possible cost 537.159061
for path: 
0 1 2 3 4 5 6 7 8 9 10 11 12 13 14 15 16 17 18 19 20 0
Execution time: 143 ms

Elapsed time: 7655 ms


Execution #58/10000

Seed: 58
Estimated max possible cost 537.159061
for path: 
0 1 2 3 4 5 6 7 8 9 10 11 12 13 14 15 16 17 18 19 20 0
Execution time: 150 ms

Elapsed time: 7805 ms


Execution #59/10000

Seed: 59
Estimated max possible cost 537.159061
for path: 
0 1 2 3 4 5 6 7 8 9 10 11 12 13 14 15 16 17 18 19 20 0
Execution time: 107 ms

Elapsed time: 7912 ms


Execution #60/10000

Seed: 60
Estimated max possible cost 537.159061
for path: 
0 1 2 3 4 5 6 7 8 9 10 11 12 13 14 15 16 17 18 19 20 0
Execution time: 127 ms

Elapsed time: 8039 ms


Execution #61/10000

Seed: 61
Estimated max possible cost 537.159061
for path: 
0 1 2 3 4 5 6 7 8 9 10 11 12 13 14 15 16 17 18 19 20 0
Execution time: 134 ms

Elapsed time: 8173 ms


Execution #62/10000

Seed: 62
Estimated max possible cost 537.159061
for path: 
0 1 2 3 4 5 6 7 8 9 10 11 12 13 14 15 16 17 18 19 20 0
Execution time: 172 ms

Elapsed time: 8345 ms


Execution #63/10000

Seed: 63
Estimated max possible cost 537.159061
for path: 
0 1 2 3 4 5 6 7 8 9 10 11 12 13 14 15 16 17 18 19 20 0
Execution time: 157 ms

Elapsed time: 8502 ms


Execution #64/10000

Seed: 64
Estimated max possible cost 537.159061
for path: 
0 1 2 3 4 5 6 7 8 9 10 11 12 13 14 15 16 17 18 19 20 0
Execution time: 167 ms

Elapsed time: 8669 ms


Execution #65/10000

Seed: 65
Estimated max possible cost 537.159061
for path: 
0 1 2 3 4 5 6 7 8 9 10 11 12 13 14 15 16 17 18 19 20 0
Execution time: 140 ms

Elapsed time: 8809 ms


Execution #66/10000

Seed: 66
Estimated max possible cost 537.159061
for path: 
0 1 2 3 4 5 6 7 8 9 10 11 12 13 14 15 16 17 18 19 20 0
Execution time: 118 ms

Elapsed time: 8927 ms


Execution #67/10000

Seed: 67
Estimated max possible cost 537.159061
for path: 
0 1 2 3 4 5 6 7 8 9 10 11 12 13 14 15 16 17 18 19 20 0
Execution time: 139 ms

Elapsed time: 9066 ms


Execution #68/10000

Seed: 68
Estimated max possible cost 537.159061
for path: 
0 1 2 3 4 5 6 7 8 9 10 11 12 13 14 15 16 17 18 19 20 0
Execution time: 93 ms

Elapsed time: 9159 ms


Execution #69/10000

Seed: 69
Estimated max possible cost 537.159061
for path: 
0 1 2 3 4 5 6 7 8 9 10 11 12 13 14 15 16 17 18 19 20 0
Execution time: 111 ms

Elapsed time: 9270 ms


Execution #70/10000

Seed: 70
Estimated max possible cost 537.159061
for path: 
0 1 2 3 4 5 6 7 8 9 10 11 12 13 14 15 16 17 18 19 20 0
Execution time: 208 ms

Elapsed time: 9478 ms


Execution #71/10000

Seed: 71
Estimated max possible cost 537.159061
for path: 
0 1 2 3 4 5 6 7 8 9 10 11 12 13 14 15 16 17 18 19 20 0
Execution time: 150 ms

Elapsed time: 9628 ms


Execution #72/10000

Seed: 72
Estimated max possible cost 537.159061
for path: 
0 1 2 3 4 5 6 7 8 9 10 11 12 13 14 15 16 17 18 19 20 0
Execution time: 161 ms

Elapsed time: 9789 ms


Execution #73/10000

Seed: 73
Estimated max possible cost 537.159061
for path: 
0 1 2 3 4 5 6 7 8 9 10 11 12 13 14 15 16 17 18 19 20 0
Execution time: 137 ms

Elapsed time: 9926 ms


Execution #74/10000

Seed: 74
Estimated max possible cost 537.159061
for path: 
0 1 2 3 4 5 6 7 8 9 10 11 12 13 14 15 16 17 18 19 20 0
Execution time: 94 ms

Elapsed time: 10020 ms


Execution #75/10000

Seed: 75
Estimated max possible cost 537.159061
for path: 
0 1 2 3 4 5 6 7 8 9 10 11 12 13 14 15 16 17 18 19 20 0
Execution time: 102 ms

Elapsed time: 10122 ms


Execution #76/10000

Seed: 76
Estimated max possible cost 537.159061
for path: 
0 1 2 3 4 5 6 7 8 9 10 11 12 13 14 15 16 17 18 19 20 0
Execution time: 130 ms

Elapsed time: 10252 ms


Execution #77/10000

Seed: 77
Estimated max possible cost 537.159061
for path: 
0 1 2 3 4 5 6 7 8 9 10 11 12 13 14 15 16 17 18 19 20 0
Execution time: 150 ms

Elapsed time: 10402 ms


Execution #78/10000

Seed: 78
Estimated max possible cost 537.159061
for path: 
0 1 2 3 4 5 6 7 8 9 10 11 12 13 14 15 16 17 18 19 20 0
Execution time: 136 ms

Elapsed time: 10538 ms


Execution #79/10000

Seed: 79
Estimated max possible cost 537.159061
for path: 
0 1 2 3 4 5 6 7 8 9 10 11 12 13 14 15 16 17 18 19 20 0
Execution time: 119 ms

Elapsed time: 10657 ms


Execution #80/10000

Seed: 80
Estimated max possible cost 537.159061
for path: 
0 1 2 3 4 5 6 7 8 9 10 11 12 13 14 15 16 17 18 19 20 0
Execution time: 108 ms

Elapsed time: 10765 ms


Execution #81/10000

Seed: 81
Estimated max possible cost 537.159061
for path: 
0 1 2 3 4 5 6 7 8 9 10 11 12 13 14 15 16 17 18 19 20 0
Execution time: 144 ms

Elapsed time: 10909 ms


Execution #82/10000

Seed: 82
Estimated max possible cost 537.159061
for path: 
0 1 2 3 4 5 6 7 8 9 10 11 12 13 14 15 16 17 18 19 20 0
Execution time: 127 ms

Elapsed time: 11036 ms


Execution #83/10000

Seed: 83
Estimated max possible cost 537.159061
for path: 
0 1 2 3 4 5 6 7 8 9 10 11 12 13 14 15 16 17 18 19 20 0
Execution time: 144 ms

Elapsed time: 11180 ms


Execution #84/10000

Seed: 84
Estimated max possible cost 537.159061
for path: 
0 1 2 3 4 5 6 7 8 9 10 11 12 13 14 15 16 17 18 19 20 0
Execution time: 146 ms

Elapsed time: 11326 ms


Execution #85/10000

Seed: 85
Estimated max possible cost 537.159061
for path: 
0 1 2 3 4 5 6 7 8 9 10 11 12 13 14 15 16 17 18 19 20 0
Execution time: 140 ms

Elapsed time: 11466 ms


Execution #86/10000

Seed: 86
Estimated max possible cost 537.159061
for path: 
0 1 2 3 4 5 6 7 8 9 10 11 12 13 14 15 16 17 18 19 20 0
Execution time: 149 ms

Elapsed time: 11615 ms


Execution #87/10000

Seed: 87
Estimated max possible cost 537.159061
for path: 
0 1 2 3 4 5 6 7 8 9 10 11 12 13 14 15 16 17 18 19 20 0
Execution time: 141 ms

Elapsed time: 11756 ms


Execution #88/10000

Seed: 88
Estimated max possible cost 537.159061
for path: 
0 1 2 3 4 5 6 7 8 9 10 11 12 13 14 15 16 17 18 19 20 0
Execution time: 103 ms

Elapsed time: 11859 ms


Execution #89/10000

Seed: 89
Estimated max possible cost 537.159061
for path: 
0 1 2 3 4 5 6 7 8 9 10 11 12 13 14 15 16 17 18 19 20 0
Execution time: 141 ms

Elapsed time: 12000 ms


Execution #90/10000

Seed: 90
Estimated max possible cost 537.159061
for path: 
0 1 2 3 4 5 6 7 8 9 10 11 12 13 14 15 16 17 18 19 20 0
Execution time: 145 ms

Elapsed time: 12145 ms


Execution #91/10000

Seed: 91
Estimated max possible cost 537.159061
for path: 
0 1 2 3 4 5 6 7 8 9 10 11 12 13 14 15 16 17 18 19 20 0
Execution time: 108 ms

Elapsed time: 12253 ms


Execution #92/10000

Seed: 92
Estimated max possible cost 537.159061
for path: 
0 1 2 3 4 5 6 7 8 9 10 11 12 13 14 15 16 17 18 19 20 0
Execution time: 165 ms

Elapsed time: 12418 ms


Execution #93/10000

Seed: 93
Estimated max possible cost 537.159061
for path: 
0 1 2 3 4 5 6 7 8 9 10 11 12 13 14 15 16 17 18 19 20 0
Execution time: 119 ms

Elapsed time: 12537 ms


Execution #94/10000

Seed: 94
Estimated max possible cost 537.159061
for path: 
0 1 2 3 4 5 6 7 8 9 10 11 12 13 14 15 16 17 18 19 20 0
Execution time: 136 ms

Elapsed time: 12673 ms


Execution #95/10000

Seed: 95
Estimated max possible cost 537.159061
for path: 
0 1 2 3 4 5 6 7 8 9 10 11 12 13 14 15 16 17 18 19 20 0
Execution time: 97 ms

Elapsed time: 12770 ms


Execution #96/10000

Seed: 96
Estimated max possible cost 537.159061
for path: 
0 1 2 3 4 5 6 7 8 9 10 11 12 13 14 15 16 17 18 19 20 0
Execution time: 141 ms

Elapsed time: 12911 ms


Execution #97/10000

Seed: 97
Estimated max possible cost 537.159061
for path: 
0 1 2 3 4 5 6 7 8 9 10 11 12 13 14 15 16 17 18 19 20 0
Execution time: 122 ms

Elapsed time: 13033 ms


Execution #98/10000

Seed: 98
Estimated max possible cost 537.159061
for path: 
0 1 2 3 4 5 6 7 8 9 10 11 12 13 14 15 16 17 18 19 20 0
Execution time: 142 ms

Elapsed time: 13175 ms


Execution #99/10000

Seed: 99
Estimated max possible cost 537.159061
for path: 
0 1 2 3 4 5 6 7 8 9 10 11 12 13 14 15 16 17 18 19 20 0
Execution time: 137 ms

Elapsed time: 13312 ms


Execution #100/10000

Seed: 100
Estimated max possible cost 537.159061
for path: 
0 1 2 3 4 5 6 7 8 9 10 11 12 13 14 15 16 17 18 19 20 0
Execution time: 137 ms

Elapsed time: 13449 ms


Execution #101/10000

Seed: 101
Estimated max possible cost 537.159061
for path: 
0 1 2 3 4 5 6 7 8 9 10 11 12 13 14 15 16 17 18 19 20 0
Execution time: 137 ms

Elapsed time: 13586 ms


Execution #102/10000

Seed: 102
Estimated max possible cost 537.159061
for path: 
0 1 2 3 4 5 6 7 8 9 10 11 12 13 14 15 16 17 18 19 20 0
Execution time: 139 ms

Elapsed time: 13725 ms


Execution #103/10000

Seed: 103
Estimated max possible cost 537.159061
for path: 
0 1 2 3 4 5 6 7 8 9 10 11 12 13 14 15 16 17 18 19 20 0
Execution time: 133 ms

Elapsed time: 13858 ms


Execution #104/10000

Seed: 104
Estimated max possible cost 537.159061
for path: 
0 1 2 3 4 5 6 7 8 9 10 11 12 13 14 15 16 17 18 19 20 0
Execution time: 161 ms

Elapsed time: 14019 ms


Execution #105/10000

Seed: 105
Estimated max possible cost 537.159061
for path: 
0 1 2 3 4 5 6 7 8 9 10 11 12 13 14 15 16 17 18 19 20 0
Execution time: 117 ms

Elapsed time: 14136 ms


Execution #106/10000

Seed: 106
Estimated max possible cost 537.159061
for path: 
0 1 2 3 4 5 6 7 8 9 10 11 12 13 14 15 16 17 18 19 20 0
Execution time: 121 ms

Elapsed time: 14257 ms


Execution #107/10000

Seed: 107
Estimated max possible cost 537.159061
for path: 
0 1 2 3 4 5 6 7 8 9 10 11 12 13 14 15 16 17 18 19 20 0
Execution time: 132 ms

Elapsed time: 14389 ms


Execution #108/10000

Seed: 108
Estimated max possible cost 537.159061
for path: 
0 1 2 3 4 5 6 7 8 9 10 11 12 13 14 15 16 17 18 19 20 0
Execution time: 96 ms

Elapsed time: 14485 ms


Execution #109/10000

Seed: 109
Estimated max possible cost 537.159061
for path: 
0 1 2 3 4 5 6 7 8 9 10 11 12 13 14 15 16 17 18 19 20 0
Execution time: 133 ms

Elapsed time: 14618 ms


Execution #110/10000

Seed: 110
Estimated max possible cost 537.159061
for path: 
0 1 2 3 4 5 6 7 8 9 10 11 12 13 14 15 16 17 18 19 20 0
Execution time: 146 ms

Elapsed time: 14764 ms


Execution #111/10000

Seed: 111
Estimated max possible cost 537.159061
for path: 
0 1 2 3 4 5 6 7 8 9 10 11 12 13 14 15 16 17 18 19 20 0
Execution time: 135 ms

Elapsed time: 14899 ms


Execution #112/10000

Seed: 112
Estimated max possible cost 537.159061
for path: 
0 1 2 3 4 5 6 7 8 9 10 11 12 13 14 15 16 17 18 19 20 0
Execution time: 131 ms

Elapsed time: 15030 ms


Execution #113/10000

Seed: 113
Estimated max possible cost 537.159061
for path: 
0 1 2 3 4 5 6 7 8 9 10 11 12 13 14 15 16 17 18 19 20 0
Execution time: 170 ms

Elapsed time: 15200 ms


Execution #114/10000

Seed: 114
Estimated max possible cost 537.159061
for path: 
0 1 2 3 4 5 6 7 8 9 10 11 12 13 14 15 16 17 18 19 20 0
Execution time: 153 ms

Elapsed time: 15353 ms


Execution #115/10000

Seed: 115
Estimated max possible cost 537.159061
for path: 
0 1 2 3 4 5 6 7 8 9 10 11 12 13 14 15 16 17 18 19 20 0
Execution time: 183 ms

Elapsed time: 15536 ms


Execution #116/10000

Seed: 116
Estimated max possible cost 537.159061
for path: 
0 1 2 3 4 5 6 7 8 9 10 11 12 13 14 15 16 17 18 19 20 0
Execution time: 123 ms

Elapsed time: 15659 ms


Execution #117/10000

Seed: 117
Estimated max possible cost 537.159061
for path: 
0 1 2 3 4 5 6 7 8 9 10 11 12 13 14 15 16 17 18 19 20 0
Execution time: 95 ms

Elapsed time: 15754 ms


Execution #118/10000

Seed: 118
Estimated max possible cost 537.159061
for path: 
0 1 2 3 4 5 6 7 8 9 10 11 12 13 14 15 16 17 18 19 20 0
Execution time: 103 ms

Elapsed time: 15857 ms


Execution #119/10000

Seed: 119
Estimated max possible cost 537.159061
for path: 
0 1 2 3 4 5 6 7 8 9 10 11 12 13 14 15 16 17 18 19 20 0
Execution time: 125 ms

Elapsed time: 15982 ms


Execution #120/10000

Seed: 120
Estimated max possible cost 537.159061
for path: 
0 1 2 3 4 5 6 7 8 9 10 11 12 13 14 15 16 17 18 19 20 0
Execution time: 140 ms

Elapsed time: 16122 ms


Execution #121/10000

Seed: 121
Estimated max possible cost 537.159061
for path: 
0 1 2 3 4 5 6 7 8 9 10 11 12 13 14 15 16 17 18 19 20 0
Execution time: 162 ms

Elapsed time: 16284 ms


Execution #122/10000

Seed: 122
Estimated max possible cost 537.159061
for path: 
0 1 2 3 4 5 6 7 8 9 10 11 12 13 14 15 16 17 18 19 20 0
Execution time: 101 ms

Elapsed time: 16385 ms


Execution #123/10000

Seed: 123
Estimated max possible cost 537.159061
for path: 
0 1 2 3 4 5 6 7 8 9 10 11 12 13 14 15 16 17 18 19 20 0
Execution time: 124 ms

Elapsed time: 16509 ms


Execution #124/10000

Seed: 124
Estimated max possible cost 537.159061
for path: 
0 1 2 3 4 5 6 7 8 9 10 11 12 13 14 15 16 17 18 19 20 0
Execution time: 161 ms

Elapsed time: 16670 ms


Execution #125/10000

Seed: 125
Estimated max possible cost 537.159061
for path: 
0 1 2 3 4 5 6 7 8 9 10 11 12 13 14 15 16 17 18 19 20 0
Execution time: 125 ms

Elapsed time: 16795 ms


Execution #126/10000

Seed: 126
Estimated max possible cost 537.159061
for path: 
0 1 2 3 4 5 6 7 8 9 10 11 12 13 14 15 16 17 18 19 20 0
Execution time: 116 ms

Elapsed time: 16911 ms


Execution #127/10000

Seed: 127
Estimated max possible cost 537.159061
for path: 
0 1 2 3 4 5 6 7 8 9 10 11 12 13 14 15 16 17 18 19 20 0
Execution time: 121 ms

Elapsed time: 17032 ms


Execution #128/10000

Seed: 128
Estimated max possible cost 537.159061
for path: 
0 1 2 3 4 5 6 7 8 9 10 11 12 13 14 15 16 17 18 19 20 0
Execution time: 143 ms

Elapsed time: 17175 ms


Execution #129/10000

Seed: 129
Estimated max possible cost 537.159061
for path: 
0 1 2 3 4 5 6 7 8 9 10 11 12 13 14 15 16 17 18 19 20 0
Execution time: 132 ms

Elapsed time: 17307 ms


Execution #130/10000

Seed: 130
Estimated max possible cost 537.159061
for path: 
0 1 2 3 4 5 6 7 8 9 10 11 12 13 14 15 16 17 18 19 20 0
Execution time: 142 ms

Elapsed time: 17449 ms


Execution #131/10000

Seed: 131
Estimated max possible cost 537.159061
for path: 
0 1 2 3 4 5 6 7 8 9 10 11 12 13 14 15 16 17 18 19 20 0
Execution time: 106 ms

Elapsed time: 17555 ms


Execution #132/10000

Seed: 132
Estimated max possible cost 537.159061
for path: 
0 1 2 3 4 5 6 7 8 9 10 11 12 13 14 15 16 17 18 19 20 0
Execution time: 129 ms

Elapsed time: 17684 ms


Execution #133/10000

Seed: 133
Estimated max possible cost 537.159061
for path: 
0 1 2 3 4 5 6 7 8 9 10 11 12 13 14 15 16 17 18 19 20 0
Execution time: 119 ms

Elapsed time: 17803 ms


Execution #134/10000

Seed: 134
Estimated max possible cost 537.159061
for path: 
0 1 2 3 4 5 6 7 8 9 10 11 12 13 14 15 16 17 18 19 20 0
Execution time: 142 ms

Elapsed time: 17945 ms


Execution #135/10000

Seed: 135
Estimated max possible cost 537.159061
for path: 
0 1 2 3 4 5 6 7 8 9 10 11 12 13 14 15 16 17 18 19 20 0
Execution time: 129 ms

Elapsed time: 18074 ms


Execution #136/10000

Seed: 136
Estimated max possible cost 537.159061
for path: 
0 1 2 3 4 5 6 7 8 9 10 11 12 13 14 15 16 17 18 19 20 0
Execution time: 135 ms

Elapsed time: 18209 ms


Execution #137/10000

Seed: 137
Estimated max possible cost 537.159061
for path: 
0 1 2 3 4 5 6 7 8 9 10 11 12 13 14 15 16 17 18 19 20 0
Execution time: 131 ms

Elapsed time: 18340 ms


Execution #138/10000

Seed: 138
Estimated max possible cost 537.159061
for path: 
0 1 2 3 4 5 6 7 8 9 10 11 12 13 14 15 16 17 18 19 20 0
Execution time: 121 ms

Elapsed time: 18461 ms


Execution #139/10000

Seed: 139
Estimated max possible cost 537.159061
for path: 
0 1 2 3 4 5 6 7 8 9 10 11 12 13 14 15 16 17 18 19 20 0
Execution time: 117 ms

Elapsed time: 18578 ms


Execution #140/10000

Seed: 140
Estimated max possible cost 537.159061
for path: 
0 1 2 3 4 5 6 7 8 9 10 11 12 13 14 15 16 17 18 19 20 0
Execution time: 161 ms

Elapsed time: 18739 ms


Execution #141/10000

Seed: 141
Estimated max possible cost 537.159061
for path: 
0 1 2 3 4 5 6 7 8 9 10 11 12 13 14 15 16 17 18 19 20 0
Execution time: 110 ms

Elapsed time: 18849 ms


Execution #142/10000

Seed: 142
Estimated max possible cost 537.159061
for path: 
0 1 2 3 4 5 6 7 8 9 10 11 12 13 14 15 16 17 18 19 20 0
Execution time: 149 ms

Elapsed time: 18998 ms


Execution #143/10000

Seed: 143
Estimated max possible cost 537.159061
for path: 
0 1 2 3 4 5 6 7 8 9 10 11 12 13 14 15 16 17 18 19 20 0
Execution time: 178 ms

Elapsed time: 19176 ms


Execution #144/10000

Seed: 144
Estimated max possible cost 537.159061
for path: 
0 1 2 3 4 5 6 7 8 9 10 11 12 13 14 15 16 17 18 19 20 0
Execution time: 112 ms

Elapsed time: 19288 ms


Execution #145/10000

Seed: 145
Estimated max possible cost 537.159061
for path: 
0 1 2 3 4 5 6 7 8 9 10 11 12 13 14 15 16 17 18 19 20 0
Execution time: 152 ms

Elapsed time: 19440 ms


Execution #146/10000

Seed: 146
Estimated max possible cost 537.159061
for path: 
0 1 2 3 4 5 6 7 8 9 10 11 12 13 14 15 16 17 18 19 20 0
Execution time: 182 ms

Elapsed time: 19622 ms


Execution #147/10000

Seed: 147
Estimated max possible cost 537.159061
for path: 
0 1 2 3 4 5 6 7 8 9 10 11 12 13 14 15 16 17 18 19 20 0
Execution time: 118 ms

Elapsed time: 19740 ms


Execution #148/10000

Seed: 148
Estimated max possible cost 537.159061
for path: 
0 1 2 3 4 5 6 7 8 9 10 11 12 13 14 15 16 17 18 19 20 0
Execution time: 134 ms

Elapsed time: 19874 ms


Execution #149/10000

Seed: 149
Estimated max possible cost 537.159061
for path: 
0 1 2 3 4 5 6 7 8 9 10 11 12 13 14 15 16 17 18 19 20 0
Execution time: 138 ms

Elapsed time: 20012 ms


Execution #150/10000

Seed: 150
Estimated max possible cost 537.159061
for path: 
0 1 2 3 4 5 6 7 8 9 10 11 12 13 14 15 16 17 18 19 20 0
Execution time: 163 ms

Elapsed time: 20175 ms


Execution #151/10000

Seed: 151
Estimated max possible cost 537.159061
for path: 
0 1 2 3 4 5 6 7 8 9 10 11 12 13 14 15 16 17 18 19 20 0
Execution time: 111 ms

Elapsed time: 20286 ms


Execution #152/10000

Seed: 152
Estimated max possible cost 537.159061
for path: 
0 1 2 3 4 5 6 7 8 9 10 11 12 13 14 15 16 17 18 19 20 0
Execution time: 126 ms

Elapsed time: 20412 ms


Execution #153/10000

Seed: 153
Estimated max possible cost 537.159061
for path: 
0 1 2 3 4 5 6 7 8 9 10 11 12 13 14 15 16 17 18 19 20 0
Execution time: 131 ms

Elapsed time: 20543 ms


Execution #154/10000

Seed: 154
Estimated max possible cost 537.159061
for path: 
0 1 2 3 4 5 6 7 8 9 10 11 12 13 14 15 16 17 18 19 20 0
Execution time: 127 ms

Elapsed time: 20670 ms


Execution #155/10000

Seed: 155
Estimated max possible cost 537.159061
for path: 
0 1 2 3 4 5 6 7 8 9 10 11 12 13 14 15 16 17 18 19 20 0
Execution time: 153 ms

Elapsed time: 20823 ms


Execution #156/10000

Seed: 156
Estimated max possible cost 537.159061
for path: 
0 1 2 3 4 5 6 7 8 9 10 11 12 13 14 15 16 17 18 19 20 0
Execution time: 139 ms

Elapsed time: 20962 ms


Execution #157/10000

Seed: 157
Estimated max possible cost 537.159061
for path: 
0 1 2 3 4 5 6 7 8 9 10 11 12 13 14 15 16 17 18 19 20 0
Execution time: 140 ms

Elapsed time: 21102 ms


Execution #158/10000

Seed: 158
Estimated max possible cost 537.159061
for path: 
0 1 2 3 4 5 6 7 8 9 10 11 12 13 14 15 16 17 18 19 20 0
Execution time: 95 ms

Elapsed time: 21197 ms


Execution #159/10000

Seed: 159
Estimated max possible cost 537.159061
for path: 
0 1 2 3 4 5 6 7 8 9 10 11 12 13 14 15 16 17 18 19 20 0
Execution time: 144 ms

Elapsed time: 21341 ms


Execution #160/10000

Seed: 160
Estimated max possible cost 537.159061
for path: 
0 1 2 3 4 5 6 7 8 9 10 11 12 13 14 15 16 17 18 19 20 0
Execution time: 158 ms

Elapsed time: 21499 ms


Execution #161/10000

Seed: 161
Estimated max possible cost 537.159061
for path: 
0 1 2 3 4 5 6 7 8 9 10 11 12 13 14 15 16 17 18 19 20 0
Execution time: 122 ms

Elapsed time: 21621 ms


Execution #162/10000

Seed: 162
Estimated max possible cost 537.159061
for path: 
0 1 2 3 4 5 6 7 8 9 10 11 12 13 14 15 16 17 18 19 20 0
Execution time: 148 ms

Elapsed time: 21769 ms


Execution #163/10000

Seed: 163
Estimated max possible cost 537.159061
for path: 
0 1 2 3 4 5 6 7 8 9 10 11 12 13 14 15 16 17 18 19 20 0
Execution time: 132 ms

Elapsed time: 21901 ms


Execution #164/10000

Seed: 164
Estimated max possible cost 537.159061
for path: 
0 1 2 3 4 5 6 7 8 9 10 11 12 13 14 15 16 17 18 19 20 0
Execution time: 114 ms

Elapsed time: 22015 ms


Execution #165/10000

Seed: 165
Estimated max possible cost 537.159061
for path: 
0 1 2 3 4 5 6 7 8 9 10 11 12 13 14 15 16 17 18 19 20 0
Execution time: 131 ms

Elapsed time: 22146 ms


Execution #166/10000

Seed: 166
Estimated max possible cost 537.159061
for path: 
0 1 2 3 4 5 6 7 8 9 10 11 12 13 14 15 16 17 18 19 20 0
Execution time: 140 ms

Elapsed time: 22286 ms


Execution #167/10000

Seed: 167
Estimated max possible cost 537.159061
for path: 
0 1 2 3 4 5 6 7 8 9 10 11 12 13 14 15 16 17 18 19 20 0
