Solving TSP


Execution #1/10000

Seed: 1
Estimated max possible cost 559.656328
for path: 
0 1 2 3 4 5 6 7 8 9 10 11 12 13 14 15 16 17 18 19 20 21 0
Memory needed for path: 5542509 locs, for costs: 6172530 locs.
Desired precision: 1e+12
Mem constraint for cost_t: 64 bits
Rounded to pow of 2 bytes mem constraint (capped at 64bits) for cost_t: 64 bits
Bits needed for an int to preserve precision: 49
Bits used per cost_t: 49
Selected cost_t = (u)int64_t
Solving with cost_t = y
Memory [GB] needed: 0.0511508
Distances:
0, 5.08, 242.54, 232.423, 228.124, 218.013, 212.172, 212.044, 211.947, 211.88, 211.843, 211.837, 211.862, 211.917, 212.002, 212.117, 212.263, 212.44, 212.646, 212.882, 213.149, 196.958, 
5.08, 0, 247.599, 237.481, 233.181, 223.068, 217.244, 217.119, 217.024, 216.959, 216.923, 216.917, 216.941, 216.995, 217.078, 217.191, 217.333, 217.505, 217.707, 217.938, 218.198, 202.029, 
242.54, 247.599, 0, 10.16, 14.478, 24.638, 31.3255, 32.219, 33.2827, 34.501, 35.8581, 37.3389, 38.9292, 40.6162, 42.3883, 44.2354, 46.1484, 48.1194, 50.1417, 52.2092, 54.3168, 46.0364, 
232.423, 237.481, 10.16, 0, 4.318, 14.478, 21.9236, 23.1823, 24.6393, 26.2617, 28.0207, 29.8922, 31.8565, 33.8973, 36.0018, 38.1592, 40.3612, 42.6009, 44.8725, 47.1716, 49.4942, 36.1805, 
228.124, 233.181, 14.478, 4.318, 0, 10.16, 18.1765, 19.6764, 21.3738, 23.2254, 25.1973, 27.2633, 29.4037, 31.6034, 33.8507, 36.1368, 38.4548, 40.7992, 43.1658, 45.5511, 47.9522, 32.0493, 
218.013, 223.068, 24.638, 14.478, 10.16, 0, 11.1326, 13.4428, 15.8236, 18.2474, 20.6991, 23.1698, 25.654, 28.1482, 30.6499, 33.1575, 35.6696, 38.1854, 40.7042, 43.2255, 45.7489, 22.606, 
212.172, 217.244, 31.3255, 21.9236, 18.1765, 11.1326, 0, 2.54, 5.08, 7.62, 10.16, 12.7, 15.24, 17.78, 20.32, 22.86, 25.4, 27.94, 30.48, 33.02, 35.56, 15.24, 
212.044, 217.119, 32.219, 23.1823, 19.6764, 13.4428, 2.54, 0, 2.54, 5.08, 7.62, 10.16, 12.7, 15.24, 17.78, 20.32, 22.86, 25.4, 27.94, 30.48, 33.02, 15.4502, 
211.947, 217.024, 33.2827, 24.6393, 21.3738, 15.8236, 5.08, 2.54, 0, 2.54, 5.08, 7.62, 10.16, 12.7, 15.24, 17.78, 20.32, 22.86, 25.4, 27.94, 30.48, 16.0644, 
211.88, 216.959, 34.501, 26.2617, 23.2254, 18.2474, 7.62, 5.08, 2.54, 0, 2.54, 5.08, 7.62, 10.16, 12.7, 15.24, 17.78, 20.32, 22.86, 25.4, 27.94, 17.0388, 
211.843, 216.923, 35.8581, 28.0207, 25.1973, 20.6991, 10.16, 7.62, 5.08, 2.54, 0, 2.54, 5.08, 7.62, 10.16, 12.7, 15.24, 17.78, 20.32, 22.86, 25.4, 18.3162, 
211.837, 216.917, 37.3389, 29.8922, 27.2633, 23.1698, 12.7, 10.16, 7.62, 5.08, 2.54, 0, 2.54, 5.08, 7.62, 10.16, 12.7, 15.24, 17.78, 20.32, 22.86, 19.838, 
211.862, 216.941, 38.9292, 31.8565, 29.4037, 25.654, 15.24, 12.7, 10.16, 7.62, 5.08, 2.54, 0, 2.54, 5.08, 7.62, 10.16, 12.7, 15.24, 17.78, 20.32, 21.5526, 
211.917, 216.995, 40.6162, 33.8973, 31.6034, 28.1482, 17.78, 15.24, 12.7, 10.16, 7.62, 5.08, 2.54, 0, 2.54, 5.08, 7.62, 10.16, 12.7, 15.24, 17.78, 23.4176, 
212.002, 217.078, 42.3883, 36.0018, 33.8507, 30.6499, 20.32, 17.78, 15.24, 12.7, 10.16, 7.62, 5.08, 2.54, 0, 2.54, 5.08, 7.62, 10.16, 12.7, 15.24, 25.4, 
212.117, 217.191, 44.2354, 38.1592, 36.1368, 33.1575, 22.86, 20.32, 17.78, 15.24, 12.7, 10.16, 7.62, 5.08, 2.54, 0, 2.54, 5.08, 7.62, 10.16, 12.7, 27.4743, 
212.263, 217.333, 46.1484, 40.3612, 38.4548, 35.6696, 25.4, 22.86, 20.32, 17.78, 15.24, 12.7, 10.16, 7.62, 5.08, 2.54, 0, 2.54, 5.08, 7.62, 10.16, 29.6212, 
212.44, 217.505, 48.1194, 42.6009, 40.7992, 38.1854, 27.94, 25.4, 22.86, 20.32, 17.78, 15.24, 12.7, 10.16, 7.62, 5.08, 2.54, 0, 2.54, 5.08, 7.62, 31.8261, 
212.646, 217.707, 50.1417, 44.8725, 43.1658, 40.7042, 30.48, 27.94, 25.4, 22.86, 20.32, 17.78, 15.24, 12.7, 10.16, 7.62, 5.08, 2.54, 0, 2.54, 5.08, 34.0777, 
212.882, 217.938, 52.2092, 47.1716, 45.5511, 43.2255, 33.02, 30.48, 27.94, 25.4, 22.86, 20.32, 17.78, 15.24, 12.7, 10.16, 7.62, 5.08, 2.54, 0, 2.54, 36.3673, 
213.149, 218.198, 54.3168, 49.4942, 47.9522, 45.7489, 35.56, 33.02, 30.48, 27.94, 25.4, 22.86, 20.32, 17.78, 15.24, 12.7, 10.16, 7.62, 5.08, 2.54, 0, 38.6881, 
196.958, 202.029, 46.0364, 36.1805, 32.0493, 22.606, 15.24, 15.4502, 16.0644, 17.0388, 18.3162, 19.838, 21.5526, 23.4176, 25.4, 27.4743, 29.6212, 31.8261, 34.0777, 36.3673, 38.6881, 0, 
Scaled Distances:
0, 8.91153e+16, 8.42033e+18, 8.06539e+18, 7.91457e+18, 7.55983e+18, 7.3549e+18, 7.35041e+18, 7.347e+18, 7.34465e+18, 7.34336e+18, 7.34315e+18, 7.34401e+18, 7.34593e+18, 7.34892e+18, 7.35298e+18, 7.3581e+18, 7.36428e+18, 7.37152e+18, 7.37982e+18, 7.38917e+18, 6.82112e+18, 
8.91153e+16, 0, 8.59786e+18, 8.24284e+18, 8.092e+18, 7.73718e+18, 7.53285e+18, 7.52847e+18, 7.52514e+18, 7.52284e+18, 7.52159e+18, 7.52138e+18, 7.52222e+18, 7.52409e+18, 7.52701e+18, 7.53097e+18, 7.53598e+18, 7.54201e+18, 7.54909e+18, 7.55719e+18, 7.56633e+18, 6.99903e+18, 
8.42033e+18, 8.59786e+18, 0, 2.67346e+17, 4.18842e+17, 7.75303e+17, 1.00993e+18, 1.04128e+18, 1.0786e+18, 1.12135e+18, 1.16896e+18, 1.22091e+18, 1.27671e+18, 1.33589e+18, 1.39807e+18, 1.46287e+18, 1.52999e+18, 1.59914e+18, 1.67009e+18, 1.74263e+18, 1.81658e+18, 1.52606e+18, 
8.06539e+18, 8.24284e+18, 2.67346e+17, 0, 6.23807e+16, 4.18842e+17, 6.80069e+17, 7.2423e+17, 7.75349e+17, 8.3227e+17, 8.93985e+17, 9.59648e+17, 1.02856e+18, 1.10017e+18, 1.174e+18, 1.24969e+18, 1.32695e+18, 1.40553e+18, 1.48523e+18, 1.56589e+18, 1.64738e+18, 1.18027e+18, 
7.91457e+18, 8.092e+18, 4.18842e+17, 6.23807e+16, 0, 2.67346e+17, 5.48604e+17, 6.01227e+17, 6.60778e+17, 7.25742e+17, 7.94925e+17, 8.67412e+17, 9.42508e+17, 1.01968e+18, 1.09853e+18, 1.17874e+18, 1.26006e+18, 1.34232e+18, 1.42535e+18, 1.50903e+18, 1.59328e+18, 1.03533e+18, 
7.55983e+18, 7.73718e+18, 7.75303e+17, 4.18842e+17, 2.67346e+17, 0, 3.0147e+17, 3.82523e+17, 4.66052e+17, 5.5109e+17, 6.37106e+17, 7.2379e+17, 8.10949e+17, 8.98458e+17, 9.8623e+17, 1.07421e+18, 1.16234e+18, 1.25061e+18, 1.33898e+18, 1.42744e+18, 1.51598e+18, 7.04011e+17, 
7.3549e+18, 7.53285e+18, 1.00993e+18, 6.80069e+17, 5.48604e+17, 3.0147e+17, 0, 249, 8.91153e+16, 1.78231e+17, 2.67346e+17, 3.56461e+17, 4.45577e+17, 5.34692e+17, 6.23807e+17, 7.12923e+17, 8.02038e+17, 8.91153e+17, 9.80269e+17, 1.06938e+18, 1.1585e+18, 4.45577e+17, 
7.35041e+18, 7.52847e+18, 1.04128e+18, 7.2423e+17, 6.01227e+17, 3.82523e+17, 249, 0, 249, 8.91153e+16, 1.78231e+17, 2.67346e+17, 3.56461e+17, 4.45577e+17, 5.34692e+17, 6.23807e+17, 7.12923e+17, 8.02038e+17, 8.91153e+17, 9.80269e+17, 1.06938e+18, 4.52952e+17, 
7.347e+18, 7.52514e+18, 1.0786e+18, 7.75349e+17, 6.60778e+17, 4.66052e+17, 8.91153e+16, 249, 0, 249, 8.91153e+16, 1.78231e+17, 2.67346e+17, 3.56461e+17, 4.45577e+17, 5.34692e+17, 6.23807e+17, 7.12923e+17, 8.02038e+17, 8.91153e+17, 9.80269e+17, 4.74499e+17, 
7.34465e+18, 7.52284e+18, 1.12135e+18, 8.3227e+17, 7.25742e+17, 5.5109e+17, 1.78231e+17, 8.91153e+16, 249, 0, 249, 8.91153e+16, 1.78231e+17, 2.67346e+17, 3.56461e+17, 4.45577e+17, 5.34692e+17, 6.23807e+17, 7.12923e+17, 8.02038e+17, 8.91153e+17, 5.08688e+17, 
7.34336e+18, 7.52159e+18, 1.16896e+18, 8.93985e+17, 7.94925e+17, 6.37106e+17, 2.67346e+17, 1.78231e+17, 8.91153e+16, 249, 0, 249, 8.91153e+16, 1.78231e+17, 2.67346e+17, 3.56461e+17, 4.45577e+17, 5.34692e+17, 6.23807e+17, 7.12923e+17, 8.02038e+17, 5.53504e+17, 
7.34315e+18, 7.52138e+18, 1.22091e+18, 9.59648e+17, 8.67412e+17, 7.2379e+17, 3.56461e+17, 2.67346e+17, 1.78231e+17, 8.91153e+16, 249, 0, 249, 8.91153e+16, 1.78231e+17, 2.67346e+17, 3.56461e+17, 4.45577e+17, 5.34692e+17, 6.23807e+17, 7.12923e+17, 6.06898e+17, 
7.34401e+18, 7.52222e+18, 1.27671e+18, 1.02856e+18, 9.42508e+17, 8.10949e+17, 4.45577e+17, 3.56461e+17, 2.67346e+17, 1.78231e+17, 8.91153e+16, 249, 0, 499, 8.91153e+16, 1.78231e+17, 2.67346e+17, 3.56461e+17, 4.45577e+17, 5.34692e+17, 6.23807e+17, 6.67053e+17, 
7.34593e+18, 7.52409e+18, 1.33589e+18, 1.10017e+18, 1.01968e+18, 8.98458e+17, 5.34692e+17, 4.45577e+17, 3.56461e+17, 2.67346e+17, 1.78231e+17, 8.91153e+16, 499, 0, 249, 8.91153e+16, 1.78231e+17, 2.67346e+17, 3.56461e+17, 4.45577e+17, 5.34692e+17, 7.32487e+17, 
7.34892e+18, 7.52701e+18, 1.39807e+18, 1.174e+18, 1.09853e+18, 9.8623e+17, 6.23807e+17, 5.34692e+17, 4.45577e+17, 3.56461e+17, 2.67346e+17, 1.78231e+17, 8.91153e+16, 249, 0, 0, 8.91153e+16, 1.78231e+17, 2.67346e+17, 3.56461e+17, 4.45577e+17, 8.02038e+17, 
7.35298e+18, 7.53097e+18, 1.46287e+18, 1.24969e+18, 1.17874e+18, 1.07421e+18, 7.12923e+17, 6.23807e+17, 5.34692e+17, 4.45577e+17, 3.56461e+17, 2.67346e+17, 1.78231e+17, 8.91153e+16, 0, 0, 499, 8.91153e+16, 1.78231e+17, 2.67346e+17, 3.56461e+17, 8.74814e+17, 
7.3581e+18, 7.53598e+18, 1.52999e+18, 1.32695e+18, 1.26006e+18, 1.16234e+18, 8.02038e+17, 7.12923e+17, 6.23807e+17, 5.34692e+17, 4.45577e+17, 3.56461e+17, 2.67346e+17, 1.78231e+17, 8.91153e+16, 499, 0, 499, 8.91153e+16, 1.78231e+17, 2.67346e+17, 9.50139e+17, 
7.36428e+18, 7.54201e+18, 1.59914e+18, 1.40553e+18, 1.34232e+18, 1.25061e+18, 8.91153e+17, 8.02038e+17, 7.12923e+17, 6.23807e+17, 5.34692e+17, 4.45577e+17, 3.56461e+17, 2.67346e+17, 1.78231e+17, 8.91153e+16, 499, 0, 0, 8.91153e+16, 1.78231e+17, 1.0275e+18, 
7.37152e+18, 7.54909e+18, 1.67009e+18, 1.48523e+18, 1.42535e+18, 1.33898e+18, 9.80269e+17, 8.91153e+17, 8.02038e+17, 7.12923e+17, 6.23807e+17, 5.34692e+17, 4.45577e+17, 3.56461e+17, 2.67346e+17, 1.78231e+17, 8.91153e+16, 0, 0, 499, 8.91153e+16, 1.10649e+18, 
7.37982e+18, 7.55719e+18, 1.74263e+18, 1.56589e+18, 1.50903e+18, 1.42744e+18, 1.06938e+18, 9.80269e+17, 8.91153e+17, 8.02038e+17, 7.12923e+17, 6.23807e+17, 5.34692e+17, 4.45577e+17, 3.56461e+17, 2.67346e+17, 1.78231e+17, 8.91153e+16, 499, 0, 0, 1.18682e+18, 
7.38917e+18, 7.56633e+18, 1.81658e+18, 1.64738e+18, 1.59328e+18, 1.51598e+18, 1.1585e+18, 1.06938e+18, 9.80269e+17, 8.91153e+17, 8.02038e+17, 7.12923e+17, 6.23807e+17, 5.34692e+17, 4.45577e+17, 3.56461e+17, 2.67346e+17, 1.78231e+17, 8.91153e+16, 0, 0, 1.26825e+18, 
6.82112e+18, 6.99903e+18, 1.52606e+18, 1.18027e+18, 1.03533e+18, 7.04011e+17, 4.45577e+17, 4.52952e+17, 4.74499e+17, 5.08688e+17, 5.53504e+17, 6.06898e+17, 6.67053e+17, 7.32487e+17, 8.02038e+17, 8.74814e+17, 9.50139e+17, 1.0275e+18, 1.10649e+18, 1.18682e+18, 1.26825e+18, 0, 
Optimal total distance (scaled) for 22 points: 1.67876e+19
Optimal total distance for 22 points: 534.366066
Corresponding path (0-indexed):
Point #21
Point #5
Point #4
Point #3
Point #2
Point #6
Point #7
Point #8
Point #9
Point #10
Point #11
Point #12
Point #13
Point #14
Point #15
Point #16
Point #17
Point #18
Point #19
Point #20
Point #1
Point #0
Point #21
Execution time: 345 ms

Elapsed time: 345 ms


Execution #2/10000

Seed: 2
Estimated max possible cost 559.656328
for path: 
0 1 2 3 4 5 6 7 8 9 10 11 12 13 14 15 16 17 18 19 20 21 0
Execution time: 282 ms

Elapsed time: 627 ms


Execution #3/10000

Seed: 3
Estimated max possible cost 559.656328
for path: 
0 1 2 3 4 5 6 7 8 9 10 11 12 13 14 15 16 17 18 19 20 21 0
Execution time: 426 ms

Elapsed time: 1053 ms


Execution #4/10000

Seed: 4
Estimated max possible cost 559.656328
for path: 
0 1 2 3 4 5 6 7 8 9 10 11 12 13 14 15 16 17 18 19 20 21 0
Execution time: 309 ms

Elapsed time: 1362 ms


Execution #5/10000

Seed: 5
Estimated max possible cost 559.656328
for path: 
0 1 2 3 4 5 6 7 8 9 10 11 12 13 14 15 16 17 18 19 20 21 0
Execution time: 316 ms

Elapsed time: 1678 ms


Execution #6/10000

Seed: 6
Estimated max possible cost 559.656328
for path: 
0 1 2 3 4 5 6 7 8 9 10 11 12 13 14 15 16 17 18 19 20 21 0
Execution time: 338 ms

Elapsed time: 2016 ms


Execution #7/10000

Seed: 7
Estimated max possible cost 559.656328
for path: 
0 1 2 3 4 5 6 7 8 9 10 11 12 13 14 15 16 17 18 19 20 21 0
Execution time: 282 ms

Elapsed time: 2298 ms


Execution #8/10000

Seed: 8
Estimated max possible cost 559.656328
for path: 
0 1 2 3 4 5 6 7 8 9 10 11 12 13 14 15 16 17 18 19 20 21 0
Execution time: 365 ms

Elapsed time: 2663 ms


Execution #9/10000

Seed: 9
Estimated max possible cost 559.656328
for path: 
0 1 2 3 4 5 6 7 8 9 10 11 12 13 14 15 16 17 18 19 20 21 0
Execution time: 303 ms

Elapsed time: 2966 ms


Execution #10/10000

Seed: 10
Estimated max possible cost 559.656328
for path: 
0 1 2 3 4 5 6 7 8 9 10 11 12 13 14 15 16 17 18 19 20 21 0
Execution time: 358 ms

Elapsed time: 3324 ms


Execution #11/10000

Seed: 11
Estimated max possible cost 559.656328
for path: 
0 1 2 3 4 5 6 7 8 9 10 11 12 13 14 15 16 17 18 19 20 21 0
Execution time: 329 ms

Elapsed time: 3653 ms


Execution #12/10000

Seed: 12
Estimated max possible cost 559.656328
for path: 
0 1 2 3 4 5 6 7 8 9 10 11 12 13 14 15 16 17 18 19 20 21 0
Execution time: 383 ms

Elapsed time: 4036 ms


Execution #13/10000

Seed: 13
Estimated max possible cost 559.656328
for path: 
0 1 2 3 4 5 6 7 8 9 10 11 12 13 14 15 16 17 18 19 20 21 0
Execution time: 339 ms

Elapsed time: 4375 ms


Execution #14/10000

Seed: 14
Estimated max possible cost 559.656328
for path: 
0 1 2 3 4 5 6 7 8 9 10 11 12 13 14 15 16 17 18 19 20 21 0
Execution time: 363 ms

Elapsed time: 4738 ms


Execution #15/10000

Seed: 15
Estimated max possible cost 559.656328
for path: 
0 1 2 3 4 5 6 7 8 9 10 11 12 13 14 15 16 17 18 19 20 21 0
Execution time: 418 ms

Elapsed time: 5156 ms


Execution #16/10000

Seed: 16
Estimated max possible cost 559.656328
for path: 
0 1 2 3 4 5 6 7 8 9 10 11 12 13 14 15 16 17 18 19 20 21 0
Execution time: 296 ms

Elapsed time: 5452 ms


Execution #17/10000

Seed: 17
Estimated max possible cost 559.656328
for path: 
0 1 2 3 4 5 6 7 8 9 10 11 12 13 14 15 16 17 18 19 20 21 0
Execution time: 375 ms

Elapsed time: 5827 ms


Execution #18/10000

Seed: 18
Estimated max possible cost 559.656328
for path: 
0 1 2 3 4 5 6 7 8 9 10 11 12 13 14 15 16 17 18 19 20 21 0
Execution time: 341 ms

Elapsed time: 6168 ms


Execution #19/10000

Seed: 19
Estimated max possible cost 559.656328
for path: 
0 1 2 3 4 5 6 7 8 9 10 11 12 13 14 15 16 17 18 19 20 21 0
Execution time: 309 ms

Elapsed time: 6477 ms


Execution #20/10000

Seed: 20
Estimated max possible cost 559.656328
for path: 
0 1 2 3 4 5 6 7 8 9 10 11 12 13 14 15 16 17 18 19 20 21 0
Execution time: 376 ms

Elapsed time: 6853 ms


Execution #21/10000

Seed: 21
Estimated max possible cost 559.656328
for path: 
0 1 2 3 4 5 6 7 8 9 10 11 12 13 14 15 16 17 18 19 20 21 0
Execution time: 352 ms

Elapsed time: 7205 ms


Execution #22/10000

Seed: 22
Estimated max possible cost 559.656328
for path: 
0 1 2 3 4 5 6 7 8 9 10 11 12 13 14 15 16 17 18 19 20 21 0
Execution time: 415 ms

Elapsed time: 7620 ms


Execution #23/10000

Seed: 23
Estimated max possible cost 559.656328
for path: 
0 1 2 3 4 5 6 7 8 9 10 11 12 13 14 15 16 17 18 19 20 21 0
Execution time: 326 ms

Elapsed time: 7946 ms


Execution #24/10000

Seed: 24
Estimated max possible cost 559.656328
for path: 
0 1 2 3 4 5 6 7 8 9 10 11 12 13 14 15 16 17 18 19 20 21 0
Execution time: 363 ms

Elapsed time: 8309 ms


Execution #25/10000

Seed: 25
Estimated max possible cost 559.656328
for path: 
0 1 2 3 4 5 6 7 8 9 10 11 12 13 14 15 16 17 18 19 20 21 0
Execution time: 425 ms

Elapsed time: 8734 ms


Execution #26/10000

Seed: 26
Estimated max possible cost 559.656328
for path: 
0 1 2 3 4 5 6 7 8 9 10 11 12 13 14 15 16 17 18 19 20 21 0
Execution time: 339 ms

Elapsed time: 9073 ms


Execution #27/10000

Seed: 27
Estimated max possible cost 559.656328
for path: 
0 1 2 3 4 5 6 7 8 9 10 11 12 13 14 15 16 17 18 19 20 21 0
Execution time: 313 ms

Elapsed time: 9386 ms


Execution #28/10000

Seed: 28
Estimated max possible cost 559.656328
for path: 
0 1 2 3 4 5 6 7 8 9 10 11 12 13 14 15 16 17 18 19 20 21 0
Execution time: 414 ms

Elapsed time: 9800 ms


Execution #29/10000

Seed: 29
Estimated max possible cost 559.656328
for path: 
0 1 2 3 4 5 6 7 8 9 10 11 12 13 14 15 16 17 18 19 20 21 0
Execution time: 285 ms

Elapsed time: 10085 ms


Execution #30/10000

Seed: 30
Estimated max possible cost 559.656328
for path: 
0 1 2 3 4 5 6 7 8 9 10 11 12 13 14 15 16 17 18 19 20 21 0
Execution time: 351 ms

Elapsed time: 10436 ms


Execution #31/10000

Seed: 31
Estimated max possible cost 559.656328
for path: 
0 1 2 3 4 5 6 7 8 9 10 11 12 13 14 15 16 17 18 19 20 21 0
Execution time: 307 ms

Elapsed time: 10743 ms


Execution #32/10000

Seed: 32
Estimated max possible cost 559.656328
for path: 
0 1 2 3 4 5 6 7 8 9 10 11 12 13 14 15 16 17 18 19 20 21 0
Execution time: 331 ms

Elapsed time: 11074 ms


Execution #33/10000

Seed: 33
Estimated max possible cost 559.656328
for path: 
0 1 2 3 4 5 6 7 8 9 10 11 12 13 14 15 16 17 18 19 20 21 0
Execution time: 385 ms

Elapsed time: 11459 ms


Execution #34/10000

Seed: 34
Estimated max possible cost 559.656328
for path: 
0 1 2 3 4 5 6 7 8 9 10 11 12 13 14 15 16 17 18 19 20 21 0
Execution time: 361 ms

Elapsed time: 11820 ms


Execution #35/10000

Seed: 35
Estimated max possible cost 559.656328
for path: 
0 1 2 3 4 5 6 7 8 9 10 11 12 13 14 15 16 17 18 19 20 21 0
Execution time: 341 ms

Elapsed time: 12161 ms


Execution #36/10000

Seed: 36
Estimated max possible cost 559.656328
for path: 
0 1 2 3 4 5 6 7 8 9 10 11 12 13 14 15 16 17 18 19 20 21 0
Execution time: 339 ms

Elapsed time: 12500 ms


Execution #37/10000

Seed: 37
Estimated max possible cost 559.656328
for path: 
0 1 2 3 4 5 6 7 8 9 10 11 12 13 14 15 16 17 18 19 20 21 0
Execution time: 302 ms

Elapsed time: 12802 ms


Execution #38/10000

Seed: 38
Estimated max possible cost 559.656328
for path: 
0 1 2 3 4 5 6 7 8 9 10 11 12 13 14 15 16 17 18 19 20 21 0
Execution time: 346 ms

Elapsed time: 13148 ms


Execution #39/10000

Seed: 39
Estimated max possible cost 559.656328
for path: 
0 1 2 3 4 5 6 7 8 9 10 11 12 13 14 15 16 17 18 19 20 21 0
Execution time: 351 ms

Elapsed time: 13499 ms


Execution #40/10000

Seed: 40
Estimated max possible cost 559.656328
for path: 
0 1 2 3 4 5 6 7 8 9 10 11 12 13 14 15 16 17 18 19 20 21 0
Execution time: 380 ms

Elapsed time: 13879 ms


Execution #41/10000

Seed: 41
Estimated max possible cost 559.656328
for path: 
0 1 2 3 4 5 6 7 8 9 10 11 12 13 14 15 16 17 18 19 20 21 0
Execution time: 346 ms

Elapsed time: 14225 ms


Execution #42/10000

Seed: 42
Estimated max possible cost 559.656328
for path: 
0 1 2 3 4 5 6 7 8 9 10 11 12 13 14 15 16 17 18 19 20 21 0
Execution time: 317 ms

Elapsed time: 14542 ms


Execution #43/10000

Seed: 43
Estimated max possible cost 559.656328
for path: 
0 1 2 3 4 5 6 7 8 9 10 11 12 13 14 15 16 17 18 19 20 21 0
Execution time: 340 ms

Elapsed time: 14882 ms


Execution #44/10000

Seed: 44
Estimated max possible cost 559.656328
for path: 
0 1 2 3 4 5 6 7 8 9 10 11 12 13 14 15 16 17 18 19 20 21 0
Execution time: 386 ms

Elapsed time: 15268 ms


Execution #45/10000

Seed: 45
Estimated max possible cost 559.656328
for path: 
0 1 2 3 4 5 6 7 8 9 10 11 12 13 14 15 16 17 18 19 20 21 0
Execution time: 397 ms

Elapsed time: 15665 ms


Execution #46/10000

Seed: 46
Estimated max possible cost 559.656328
for path: 
0 1 2 3 4 5 6 7 8 9 10 11 12 13 14 15 16 17 18 19 20 21 0
Execution time: 258 ms

Elapsed time: 15923 ms


Execution #47/10000

Seed: 47
Estimated max possible cost 559.656328
for path: 
0 1 2 3 4 5 6 7 8 9 10 11 12 13 14 15 16 17 18 19 20 21 0
Execution time: 375 ms

Elapsed time: 16298 ms


Execution #48/10000

Seed: 48
Estimated max possible cost 559.656328
for path: 
0 1 2 3 4 5 6 7 8 9 10 11 12 13 14 15 16 17 18 19 20 21 0
Execution time: 313 ms

Elapsed time: 16611 ms


Execution #49/10000

Seed: 49
Estimated max possible cost 559.656328
for path: 
0 1 2 3 4 5 6 7 8 9 10 11 12 13 14 15 16 17 18 19 20 21 0
Execution time: 349 ms

Elapsed time: 16960 ms


Execution #50/10000

Seed: 50
Estimated max possible cost 559.656328
for path: 
0 1 2 3 4 5 6 7 8 9 10 11 12 13 14 15 16 17 18 19 20 21 0
Execution time: 327 ms

Elapsed time: 17287 ms


Execution #51/10000

Seed: 51
Estimated max possible cost 559.656328
for path: 
0 1 2 3 4 5 6 7 8 9 10 11 12 13 14 15 16 17 18 19 20 21 0
Execution time: 349 ms

Elapsed time: 17636 ms


Execution #52/10000

Seed: 52
Estimated max possible cost 559.656328
for path: 
0 1 2 3 4 5 6 7 8 9 10 11 12 13 14 15 16 17 18 19 20 21 0
Execution time: 331 ms

Elapsed time: 17967 ms


Execution #53/10000

Seed: 53
Estimated max possible cost 559.656328
for path: 
0 1 2 3 4 5 6 7 8 9 10 11 12 13 14 15 16 17 18 19 20 21 0
Execution time: 315 ms

Elapsed time: 18282 ms


Execution #54/10000

Seed: 54
Estimated max possible cost 559.656328
for path: 
0 1 2 3 4 5 6 7 8 9 10 11 12 13 14 15 16 17 18 19 20 21 0
Execution time: 306 ms

Elapsed time: 18588 ms


Execution #55/10000

Seed: 55
Estimated max possible cost 559.656328
for path: 
0 1 2 3 4 5 6 7 8 9 10 11 12 13 14 15 16 17 18 19 20 21 0
Execution time: 363 ms

Elapsed time: 18951 ms


Execution #56/10000

Seed: 56
Estimated max possible cost 559.656328
for path: 
0 1 2 3 4 5 6 7 8 9 10 11 12 13 14 15 16 17 18 19 20 21 0
Execution time: 372 ms

Elapsed time: 19323 ms


Execution #57/10000

Seed: 57
Estimated max possible cost 559.656328
for path: 
0 1 2 3 4 5 6 7 8 9 10 11 12 13 14 15 16 17 18 19 20 21 0
Execution time: 390 ms

Elapsed time: 19713 ms


Execution #58/10000

Seed: 58
Estimated max possible cost 559.656328
for path: 
0 1 2 3 4 5 6 7 8 9 10 11 12 13 14 15 16 17 18 19 20 21 0
Execution time: 350 ms

Elapsed time: 20063 ms


Execution #59/10000

Seed: 59
Estimated max possible cost 559.656328
for path: 
0 1 2 3 4 5 6 7 8 9 10 11 12 13 14 15 16 17 18 19 20 21 0
Execution time: 346 ms

Elapsed time: 20409 ms


Execution #60/10000

Seed: 60
Estimated max possible cost 559.656328
for path: 
0 1 2 3 4 5 6 7 8 9 10 11 12 13 14 15 16 17 18 19 20 21 0
Execution time: 316 ms

Elapsed time: 20725 ms


Execution #61/10000

Seed: 61
Estimated max possible cost 559.656328
for path: 
0 1 2 3 4 5 6 7 8 9 10 11 12 13 14 15 16 17 18 19 20 21 0
Execution time: 367 ms

Elapsed time: 21092 ms


Execution #62/10000

Seed: 62
Estimated max possible cost 559.656328
for path: 
0 1 2 3 4 5 6 7 8 9 10 11 12 13 14 15 16 17 18 19 20 21 0
Execution time: 297 ms

Elapsed time: 21389 ms


Execution #63/10000

Seed: 63
Estimated max possible cost 559.656328
for path: 
0 1 2 3 4 5 6 7 8 9 10 11 12 13 14 15 16 17 18 19 20 21 0
Execution time: 356 ms

Elapsed time: 21745 ms


Execution #64/10000

Seed: 64
Estimated max possible cost 559.656328
for path: 
0 1 2 3 4 5 6 7 8 9 10 11 12 13 14 15 16 17 18 19 20 21 0
Execution time: 335 ms

Elapsed time: 22080 ms


Execution #65/10000

Seed: 65
Estimated max possible cost 559.656328
for path: 
0 1 2 3 4 5 6 7 8 9 10 11 12 13 14 15 16 17 18 19 20 21 0
Execution time: 341 ms

Elapsed time: 22421 ms


Execution #66/10000

Seed: 66
Estimated max possible cost 559.656328
for path: 
0 1 2 3 4 5 6 7 8 9 10 11 12 13 14 15 16 17 18 19 20 21 0
Execution time: 323 ms

Elapsed time: 22744 ms


Execution #67/10000

Seed: 67
Estimated max possible cost 559.656328
for path: 
0 1 2 3 4 5 6 7 8 9 10 11 12 13 14 15 16 17 18 19 20 21 0
Execution time: 338 ms

Elapsed time: 23082 ms


Execution #68/10000

Seed: 68
Estimated max possible cost 559.656328
for path: 
0 1 2 3 4 5 6 7 8 9 10 11 12 13 14 15 16 17 18 19 20 21 0
Execution time: 345 ms

Elapsed time: 23427 ms


Execution #69/10000

Seed: 69
Estimated max possible cost 559.656328
for path: 
0 1 2 3 4 5 6 7 8 9 10 11 12 13 14 15 16 17 18 19 20 21 0
Execution time: 337 ms

Elapsed time: 23764 ms


Execution #70/10000

Seed: 70
Estimated max possible cost 559.656328
for path: 
0 1 2 3 4 5 6 7 8 9 10 11 12 13 14 15 16 17 18 19 20 21 0
Execution time: 346 ms

Elapsed time: 24110 ms


Execution #71/10000

Seed: 71
Estimated max possible cost 559.656328
for path: 
0 1 2 3 4 5 6 7 8 9 10 11 12 13 14 15 16 17 18 19 20 21 0
Execution time: 313 ms

Elapsed time: 24423 ms


Execution #72/10000

Seed: 72
Estimated max possible cost 559.656328
for path: 
0 1 2 3 4 5 6 7 8 9 10 11 12 13 14 15 16 17 18 19 20 21 0
Execution time: 362 ms

Elapsed time: 24785 ms


Execution #73/10000

Seed: 73
Estimated max possible cost 559.656328
for path: 
0 1 2 3 4 5 6 7 8 9 10 11 12 13 14 15 16 17 18 19 20 21 0
Execution time: 289 ms

Elapsed time: 25074 ms


Execution #74/10000

Seed: 74
Estimated max possible cost 559.656328
for path: 
0 1 2 3 4 5 6 7 8 9 10 11 12 13 14 15 16 17 18 19 20 21 0
Execution time: 357 ms

Elapsed time: 25431 ms


Execution #75/10000

Seed: 75
Estimated max possible cost 559.656328
for path: 
0 1 2 3 4 5 6 7 8 9 10 11 12 13 14 15 16 17 18 19 20 21 0
Execution time: 337 ms

Elapsed time: 25768 ms


Execution #76/10000

Seed: 76
Estimated max possible cost 559.656328
for path: 
0 1 2 3 4 5 6 7 8 9 10 11 12 13 14 15 16 17 18 19 20 21 0
Execution time: 351 ms

Elapsed time: 26119 ms


Execution #77/10000

Seed: 77
Estimated max possible cost 559.656328
for path: 
0 1 2 3 4 5 6 7 8 9 10 11 12 13 14 15 16 17 18 19 20 21 0
Execution time: 309 ms

Elapsed time: 26428 ms


Execution #78/10000

Seed: 78
Estimated max possible cost 559.656328
for path: 
0 1 2 3 4 5 6 7 8 9 10 11 12 13 14 15 16 17 18 19 20 21 0
Execution time: 341 ms

Elapsed time: 26769 ms


Execution #79/10000

Seed: 79
Estimated max possible cost 559.656328
for path: 
0 1 2 3 4 5 6 7 8 9 10 11 12 13 14 15 16 17 18 19 20 21 0
Execution time: 384 ms

Elapsed time: 27153 ms


Execution #80/10000

Seed: 80
Estimated max possible cost 559.656328
for path: 
0 1 2 3 4 5 6 7 8 9 10 11 12 13 14 15 16 17 18 19 20 21 0
Execution time: 333 ms

Elapsed time: 27486 ms


Execution #81/10000

Seed: 81
Estimated max possible cost 559.656328
for path: 
0 1 2 3 4 5 6 7 8 9 10 11 12 13 14 15 16 17 18 19 20 21 0
Execution time: 348 ms

Elapsed time: 27834 ms


Execution #82/10000

Seed: 82
Estimated max possible cost 559.656328
for path: 
0 1 2 3 4 5 6 7 8 9 10 11 12 13 14 15 16 17 18 19 20 21 0
Execution time: 359 ms

Elapsed time: 28193 ms


Execution #83/10000

Seed: 83
Estimated max possible cost 559.656328
for path: 
0 1 2 3 4 5 6 7 8 9 10 11 12 13 14 15 16 17 18 19 20 21 0
Execution time: 322 ms

Elapsed time: 28515 ms


Execution #84/10000

Seed: 84
Estimated max possible cost 559.656328
for path: 
0 1 2 3 4 5 6 7 8 9 10 11 12 13 14 15 16 17 18 19 20 21 0
Execution time: 353 ms

Elapsed time: 28868 ms


Execution #85/10000

Seed: 85
Estimated max possible cost 559.656328
for path: 
0 1 2 3 4 5 6 7 8 9 10 11 12 13 14 15 16 17 18 19 20 21 0
Execution time: 307 ms

Elapsed time: 29175 ms


Execution #86/10000

Seed: 86
Estimated max possible cost 559.656328
for path: 
0 1 2 3 4 5 6 7 8 9 10 11 12 13 14 15 16 17 18 19 20 21 0
Execution time: 348 ms

Elapsed time: 29523 ms


Execution #87/10000

Seed: 87
Estimated max possible cost 559.656328
for path: 
0 1 2 3 4 5 6 7 8 9 10 11 12 13 14 15 16 17 18 19 20 21 0
Execution time: 375 ms

Elapsed time: 29898 ms


Execution #88/10000

Seed: 88
Estimated max possible cost 559.656328
for path: 
0 1 2 3 4 5 6 7 8 9 10 11 12 13 14 15 16 17 18 19 20 21 0
Execution time: 320 ms

Elapsed time: 30218 ms


Execution #89/10000

Seed: 89
Estimated max possible cost 559.656328
for path: 
0 1 2 3 4 5 6 7 8 9 10 11 12 13 14 15 16 17 18 19 20 21 0
Execution time: 291 ms

Elapsed time: 30509 ms


Execution #90/10000

Seed: 90
Estimated max possible cost 559.656328
for path: 
0 1 2 3 4 5 6 7 8 9 10 11 12 13 14 15 16 17 18 19 20 21 0
Execution time: 362 ms

Elapsed time: 30871 ms


Execution #91/10000

Seed: 91
Estimated max possible cost 559.656328
for path: 
0 1 2 3 4 5 6 7 8 9 10 11 12 13 14 15 16 17 18 19 20 21 0
Execution time: 378 ms

Elapsed time: 31249 ms


Execution #92/10000

Seed: 92
Estimated max possible cost 559.656328
for path: 
0 1 2 3 4 5 6 7 8 9 10 11 12 13 14 15 16 17 18 19 20 21 0
Execution time: 388 ms

Elapsed time: 31637 ms


Execution #93/10000

Seed: 93
Estimated max possible cost 559.656328
for path: 
0 1 2 3 4 5 6 7 8 9 10 11 12 13 14 15 16 17 18 19 20 21 0
Execution time: 351 ms

Elapsed time: 31988 ms


Execution #94/10000

Seed: 94
Estimated max possible cost 559.656328
for path: 
0 1 2 3 4 5 6 7 8 9 10 11 12 13 14 15 16 17 18 19 20 21 0
Execution time: 317 ms

Elapsed time: 32305 ms


Execution #95/10000

Seed: 95
Estimated max possible cost 559.656328
for path: 
0 1 2 3 4 5 6 7 8 9 10 11 12 13 14 15 16 17 18 19 20 21 0
Execution time: 376 ms

Elapsed time: 32681 ms


Execution #96/10000

Seed: 96
Estimated max possible cost 559.656328
for path: 
0 1 2 3 4 5 6 7 8 9 10 11 12 13 14 15 16 17 18 19 20 21 0
Execution time: 341 ms

Elapsed time: 33022 ms


Execution #97/10000

Seed: 97
Estimated max possible cost 559.656328
for path: 
0 1 2 3 4 5 6 7 8 9 10 11 12 13 14 15 16 17 18 19 20 21 0
Execution time: 360 ms

Elapsed time: 33382 ms


Execution #98/10000

Seed: 98
Estimated max possible cost 559.656328
for path: 
0 1 2 3 4 5 6 7 8 9 10 11 12 13 14 15 16 17 18 19 20 21 0
Execution time: 332 ms

Elapsed time: 33714 ms


Execution #99/10000

Seed: 99
Estimated max possible cost 559.656328
for path: 
0 1 2 3 4 5 6 7 8 9 10 11 12 13 14 15 16 17 18 19 20 21 0
Execution time: 334 ms

Elapsed time: 34048 ms


Execution #100/10000

Seed: 100
Estimated max possible cost 559.656328
for path: 
0 1 2 3 4 5 6 7 8 9 10 11 12 13 14 15 16 17 18 19 20 21 0
Execution time: 366 ms

Elapsed time: 34414 ms


Execution #101/10000

Seed: 101
Estimated max possible cost 559.656328
for path: 
0 1 2 3 4 5 6 7 8 9 10 11 12 13 14 15 16 17 18 19 20 21 0
Execution time: 308 ms

Elapsed time: 34722 ms


Execution #102/10000

Seed: 102
Estimated max possible cost 559.656328
for path: 
0 1 2 3 4 5 6 7 8 9 10 11 12 13 14 15 16 17 18 19 20 21 0
Execution time: 275 ms

Elapsed time: 34997 ms


Execution #103/10000

Seed: 103
Estimated max possible cost 559.656328
for path: 
0 1 2 3 4 5 6 7 8 9 10 11 12 13 14 15 16 17 18 19 20 21 0
Execution time: 393 ms

Elapsed time: 35390 ms


Execution #104/10000

Seed: 104
Estimated max possible cost 559.656328
for path: 
0 1 2 3 4 5 6 7 8 9 10 11 12 13 14 15 16 17 18 19 20 21 0
Execution time: 371 ms

Elapsed time: 35761 ms


Execution #105/10000

Seed: 105
Estimated max possible cost 559.656328
for path: 
0 1 2 3 4 5 6 7 8 9 10 11 12 13 14 15 16 17 18 19 20 21 0
Execution time: 309 ms

Elapsed time: 36070 ms


Execution #106/10000

Seed: 106
Estimated max possible cost 559.656328
for path: 
0 1 2 3 4 5 6 7 8 9 10 11 12 13 14 15 16 17 18 19 20 21 0
Execution time: 365 ms

Elapsed time: 36435 ms


Execution #107/10000

Seed: 107
Estimated max possible cost 559.656328
for path: 
0 1 2 3 4 5 6 7 8 9 10 11 12 13 14 15 16 17 18 19 20 21 0
Execution time: 335 ms

Elapsed time: 36770 ms


Execution #108/10000

Seed: 108
Estimated max possible cost 559.656328
for path: 
0 1 2 3 4 5 6 7 8 9 10 11 12 13 14 15 16 17 18 19 20 21 0
Execution time: 320 ms

Elapsed time: 37090 ms


Execution #109/10000

Seed: 109
Estimated max possible cost 559.656328
for path: 
0 1 2 3 4 5 6 7 8 9 10 11 12 13 14 15 16 17 18 19 20 21 0
Execution time: 392 ms

Elapsed time: 37482 ms


Execution #110/10000

Seed: 110
Estimated max possible cost 559.656328
for path: 
0 1 2 3 4 5 6 7 8 9 10 11 12 13 14 15 16 17 18 19 20 21 0
Execution time: 364 ms

Elapsed time: 37846 ms


Execution #111/10000

Seed: 111
Estimated max possible cost 559.656328
for path: 
0 1 2 3 4 5 6 7 8 9 10 11 12 13 14 15 16 17 18 19 20 21 0
Execution time: 416 ms

Elapsed time: 38262 ms


Execution #112/10000

Seed: 112
Estimated max possible cost 559.656328
for path: 
0 1 2 3 4 5 6 7 8 9 10 11 12 13 14 15 16 17 18 19 20 21 0
Execution time: 310 ms

Elapsed time: 38572 ms


Execution #113/10000

Seed: 113
Estimated max possible cost 559.656328
for path: 
0 1 2 3 4 5 6 7 8 9 10 11 12 13 14 15 16 17 18 19 20 21 0
Execution time: 296 ms

Elapsed time: 38868 ms


Execution #114/10000

Seed: 114
Estimated max possible cost 559.656328
for path: 
0 1 2 3 4 5 6 7 8 9 10 11 12 13 14 15 16 17 18 19 20 21 0
Execution time: 342 ms

Elapsed time: 39210 ms


Execution #115/10000

Seed: 115
Estimated max possible cost 559.656328
for path: 
0 1 2 3 4 5 6 7 8 9 10 11 12 13 14 15 16 17 18 19 20 21 0
Execution time: 279 ms

Elapsed time: 39489 ms


Execution #116/10000

Seed: 116
Estimated max possible cost 559.656328
for path: 
0 1 2 3 4 5 6 7 8 9 10 11 12 13 14 15 16 17 18 19 20 21 0
Execution time: 360 ms

Elapsed time: 39849 ms


Execution #117/10000

Seed: 117
Estimated max possible cost 559.656328
for path: 
0 1 2 3 4 5 6 7 8 9 10 11 12 13 14 15 16 17 18 19 20 21 0
Execution time: 368 ms

Elapsed time: 40217 ms


Execution #118/10000

Seed: 118
Estimated max possible cost 559.656328
for path: 
0 1 2 3 4 5 6 7 8 9 10 11 12 13 14 15 16 17 18 19 20 21 0
Execution time: 371 ms

Elapsed time: 40588 ms


Execution #119/10000

Seed: 119
Estimated max possible cost 559.656328
for path: 
0 1 2 3 4 5 6 7 8 9 10 11 12 13 14 15 16 17 18 19 20 21 0
Execution time: 276 ms

Elapsed time: 40864 ms


Execution #120/10000

Seed: 120
Estimated max possible cost 559.656328
for path: 
0 1 2 3 4 5 6 7 8 9 10 11 12 13 14 15 16 17 18 19 20 21 0
Execution time: 376 ms

Elapsed time: 41240 ms


Execution #121/10000

Seed: 121
Estimated max possible cost 559.656328
for path: 
0 1 2 3 4 5 6 7 8 9 10 11 12 13 14 15 16 17 18 19 20 21 0
Execution time: 279 ms

Elapsed time: 41519 ms


Execution #122/10000

Seed: 122
Estimated max possible cost 559.656328
for path: 
0 1 2 3 4 5 6 7 8 9 10 11 12 13 14 15 16 17 18 19 20 21 0
Execution time: 360 ms

Elapsed time: 41879 ms


Execution #123/10000

Seed: 123
Estimated max possible cost 559.656328
for path: 
0 1 2 3 4 5 6 7 8 9 10 11 12 13 14 15 16 17 18 19 20 21 0
Execution time: 362 ms

Elapsed time: 42241 ms


Execution #124/10000

Seed: 124
Estimated max possible cost 559.656328
for path: 
0 1 2 3 4 5 6 7 8 9 10 11 12 13 14 15 16 17 18 19 20 21 0
Execution time: 275 ms

Elapsed time: 42516 ms


Execution #125/10000

Seed: 125
Estimated max possible cost 559.656328
for path: 
0 1 2 3 4 5 6 7 8 9 10 11 12 13 14 15 16 17 18 19 20 21 0
Execution time: 301 ms

Elapsed time: 42817 ms


Execution #126/10000

Seed: 126
Estimated max possible cost 559.656328
for path: 
0 1 2 3 4 5 6 7 8 9 10 11 12 13 14 15 16 17 18 19 20 21 0
Execution time: 391 ms

Elapsed time: 43208 ms


Execution #127/10000

Seed: 127
Estimated max possible cost 559.656328
for path: 
0 1 2 3 4 5 6 7 8 9 10 11 12 13 14 15 16 17 18 19 20 21 0
Execution time: 327 ms

Elapsed time: 43535 ms


Execution #128/10000

Seed: 128
Estimated max possible cost 559.656328
for path: 
0 1 2 3 4 5 6 7 8 9 10 11 12 13 14 15 16 17 18 19 20 21 0
Execution time: 243 ms

Elapsed time: 43778 ms


Execution #129/10000

Seed: 129
Estimated max possible cost 559.656328
for path: 
0 1 2 3 4 5 6 7 8 9 10 11 12 13 14 15 16 17 18 19 20 21 0
Execution time: 293 ms

Elapsed time: 44071 ms


Execution #130/10000

Seed: 130
Estimated max possible cost 559.656328
for path: 
0 1 2 3 4 5 6 7 8 9 10 11 12 13 14 15 16 17 18 19 20 21 0
Execution time: 339 ms

Elapsed time: 44410 ms


Execution #131/10000

Seed: 131
Estimated max possible cost 559.656328
for path: 
0 1 2 3 4 5 6 7 8 9 10 11 12 13 14 15 16 17 18 19 20 21 0
Execution time: 331 ms

Elapsed time: 44741 ms


Execution #132/10000

Seed: 132
Estimated max possible cost 559.656328
for path: 
0 1 2 3 4 5 6 7 8 9 10 11 12 13 14 15 16 17 18 19 20 21 0
Execution time: 358 ms

Elapsed time: 45099 ms


Execution #133/10000

Seed: 133
Estimated max possible cost 559.656328
for path: 
0 1 2 3 4 5 6 7 8 9 10 11 12 13 14 15 16 17 18 19 20 21 0
Execution time: 360 ms

Elapsed time: 45459 ms


Execution #134/10000

Seed: 134
Estimated max possible cost 559.656328
for path: 
0 1 2 3 4 5 6 7 8 9 10 11 12 13 14 15 16 17 18 19 20 21 0
Execution time: 378 ms

Elapsed time: 45837 ms


Execution #135/10000

Seed: 135
Estimated max possible cost 559.656328
for path: 
0 1 2 3 4 5 6 7 8 9 10 11 12 13 14 15 16 17 18 19 20 21 0
Execution time: 321 ms

Elapsed time: 46158 ms


Execution #136/10000

Seed: 136
Estimated max possible cost 559.656328
for path: 
0 1 2 3 4 5 6 7 8 9 10 11 12 13 14 15 16 17 18 19 20 21 0
Execution time: 351 ms

Elapsed time: 46509 ms


Execution #137/10000

Seed: 137
Estimated max possible cost 559.656328
for path: 
0 1 2 3 4 5 6 7 8 9 10 11 12 13 14 15 16 17 18 19 20 21 0
Execution time: 384 ms

Elapsed time: 46893 ms


Execution #138/10000

Seed: 138
Estimated max possible cost 559.656328
for path: 
0 1 2 3 4 5 6 7 8 9 10 11 12 13 14 15 16 17 18 19 20 21 0
Execution time: 303 ms

Elapsed time: 47196 ms


Execution #139/10000

Seed: 139
Estimated max possible cost 559.656328
for path: 
0 1 2 3 4 5 6 7 8 9 10 11 12 13 14 15 16 17 18 19 20 21 0
Execution time: 394 ms

Elapsed time: 47590 ms


Execution #140/10000

Seed: 140
Estimated max possible cost 559.656328
for path: 
0 1 2 3 4 5 6 7 8 9 10 11 12 13 14 15 16 17 18 19 20 21 0
Execution time: 323 ms

Elapsed time: 47913 ms


Execution #141/10000

Seed: 141
Estimated max possible cost 559.656328
for path: 
0 1 2 3 4 5 6 7 8 9 10 11 12 13 14 15 16 17 18 19 20 21 0
Execution time: 338 ms

Elapsed time: 48251 ms


Execution #142/10000

Seed: 142
Estimated max possible cost 559.656328
for path: 
0 1 2 3 4 5 6 7 8 9 10 11 12 13 14 15 16 17 18 19 20 21 0
Execution time: 302 ms

Elapsed time: 48553 ms


Execution #143/10000

Seed: 143
Estimated max possible cost 559.656328
for path: 
0 1 2 3 4 5 6 7 8 9 10 11 12 13 14 15 16 17 18 19 20 21 0
Execution time: 354 ms

Elapsed time: 48907 ms


Execution #144/10000

Seed: 144
Estimated max possible cost 559.656328
for path: 
0 1 2 3 4 5 6 7 8 9 10 11 12 13 14 15 16 17 18 19 20 21 0
Execution time: 269 ms

Elapsed time: 49176 ms


Execution #145/10000

Seed: 145
Estimated max possible cost 559.656328
for path: 
0 1 2 3 4 5 6 7 8 9 10 11 12 13 14 15 16 17 18 19 20 21 0
Execution time: 284 ms

Elapsed time: 49460 ms


Execution #146/10000

Seed: 146
Estimated max possible cost 559.656328
for path: 
0 1 2 3 4 5 6 7 8 9 10 11 12 13 14 15 16 17 18 19 20 21 0
Execution time: 388 ms

Elapsed time: 49848 ms


Execution #147/10000

Seed: 147
Estimated max possible cost 559.656328
for path: 
0 1 2 3 4 5 6 7 8 9 10 11 12 13 14 15 16 17 18 19 20 21 0
Execution time: 356 ms

Elapsed time: 50204 ms


Execution #148/10000

Seed: 148
Estimated max possible cost 559.656328
for path: 
0 1 2 3 4 5 6 7 8 9 10 11 12 13 14 15 16 17 18 19 20 21 0
Execution time: 278 ms

Elapsed time: 50482 ms


Execution #149/10000

Seed: 149
Estimated max possible cost 559.656328
for path: 
0 1 2 3 4 5 6 7 8 9 10 11 12 13 14 15 16 17 18 19 20 21 0
Execution time: 361 ms

Elapsed time: 50843 ms


Execution #150/10000

Seed: 150
Estimated max possible cost 559.656328
for path: 
0 1 2 3 4 5 6 7 8 9 10 11 12 13 14 15 16 17 18 19 20 21 0
Execution time: 306 ms

Elapsed time: 51149 ms


Execution #151/10000

Seed: 151
Estimated max possible cost 559.656328
for path: 
0 1 2 3 4 5 6 7 8 9 10 11 12 13 14 15 16 17 18 19 20 21 0
Execution time: 358 ms

Elapsed time: 51507 ms


Execution #152/10000

Seed: 152
Estimated max possible cost 559.656328
for path: 
0 1 2 3 4 5 6 7 8 9 10 11 12 13 14 15 16 17 18 19 20 21 0
Execution time: 363 ms

Elapsed time: 51870 ms


Execution #153/10000

Seed: 153
Estimated max possible cost 559.656328
for path: 
0 1 2 3 4 5 6 7 8 9 10 11 12 13 14 15 16 17 18 19 20 21 0
Execution time: 327 ms

Elapsed time: 52197 ms


Execution #154/10000

Seed: 154
Estimated max possible cost 559.656328
for path: 
0 1 2 3 4 5 6 7 8 9 10 11 12 13 14 15 16 17 18 19 20 21 0
Execution time: 378 ms

Elapsed time: 52575 ms


Execution #155/10000

Seed: 155
Estimated max possible cost 559.656328
for path: 
0 1 2 3 4 5 6 7 8 9 10 11 12 13 14 15 16 17 18 19 20 21 0
Execution time: 356 ms

Elapsed time: 52931 ms


Execution #156/10000

Seed: 156
Estimated max possible cost 559.656328
for path: 
0 1 2 3 4 5 6 7 8 9 10 11 12 13 14 15 16 17 18 19 20 21 0
Execution time: 335 ms

Elapsed time: 53266 ms


Execution #157/10000

Seed: 157
Estimated max possible cost 559.656328
for path: 
0 1 2 3 4 5 6 7 8 9 10 11 12 13 14 15 16 17 18 19 20 21 0
Execution time: 313 ms

Elapsed time: 53579 ms


Execution #158/10000

Seed: 158
Estimated max possible cost 559.656328
for path: 
0 1 2 3 4 5 6 7 8 9 10 11 12 13 14 15 16 17 18 19 20 21 0
Execution time: 315 ms

Elapsed time: 53894 ms


Execution #159/10000

Seed: 159
Estimated max possible cost 559.656328
for path: 
