Solving TSP


Execution #1/10000

Seed: 1
Estimated max possible cost 562.058704
for path: 
0 1 2 3 4 5 6 7 8 9 10 11 12 13 14 15 16 17 18 19 20 21 22 0
Memory needed for path: 15308436 locs, for costs: 14226212 locs.
Desired precision: 1e+12
Mem constraint for cost_t: 64 bits
Rounded to pow of 2 bytes mem constraint (capped at 64bits) for cost_t: 64 bits
Bits needed for an int to preserve precision: 49
Bits used per cost_t: 49
Selected cost_t = (u)int64_t
Solving with cost_t = y
Memory [GB] needed: 0.120251
Distances:
0, 5.08, 242.54, 232.423, 228.124, 218.013, 212.172, 212.044, 211.947, 211.88, 211.843, 211.837, 211.862, 211.917, 212.002, 212.117, 212.263, 212.44, 212.646, 212.882, 213.149, 196.958, 196.821, 
5.08, 0, 247.599, 237.481, 233.181, 223.068, 217.244, 217.119, 217.024, 216.959, 216.923, 216.917, 216.941, 216.995, 217.078, 217.191, 217.333, 217.505, 217.707, 217.938, 218.198, 202.029, 201.895, 
242.54, 247.599, 0, 10.16, 14.478, 24.638, 31.3255, 32.219, 33.2827, 34.501, 35.8581, 37.3389, 38.9292, 40.6162, 42.3883, 44.2354, 46.1484, 48.1194, 50.1417, 52.2092, 54.3168, 46.0364, 46.649, 
232.423, 237.481, 10.16, 0, 4.318, 14.478, 21.9236, 23.1823, 24.6393, 26.2617, 28.0207, 29.8922, 31.8565, 33.8973, 36.0018, 38.1592, 40.3612, 42.6009, 44.8725, 47.1716, 49.4942, 36.1805, 36.9568, 
228.124, 233.181, 14.478, 4.318, 0, 10.16, 18.1765, 19.6764, 21.3738, 23.2254, 25.1973, 27.2633, 29.4037, 31.6034, 33.8507, 36.1368, 38.4548, 40.7992, 43.1658, 45.5511, 47.9522, 32.0493, 32.9231, 
218.013, 223.068, 24.638, 14.478, 10.16, 0, 11.1326, 13.4428, 15.8236, 18.2474, 20.6991, 23.1698, 25.654, 28.1482, 30.6499, 33.1575, 35.6696, 38.1854, 40.7042, 43.2255, 45.7489, 22.606, 23.8287, 
212.172, 217.244, 31.3255, 21.9236, 18.1765, 11.1326, 0, 2.54, 5.08, 7.62, 10.16, 12.7, 15.24, 17.78, 20.32, 22.86, 25.4, 27.94, 30.48, 33.02, 35.56, 15.24, 15.4502, 
212.044, 217.119, 32.219, 23.1823, 19.6764, 13.4428, 2.54, 0, 2.54, 5.08, 7.62, 10.16, 12.7, 15.24, 17.78, 20.32, 22.86, 25.4, 27.94, 30.48, 33.02, 15.4502, 15.24, 
211.947, 217.024, 33.2827, 24.6393, 21.3738, 15.8236, 5.08, 2.54, 0, 2.54, 5.08, 7.62, 10.16, 12.7, 15.24, 17.78, 20.32, 22.86, 25.4, 27.94, 30.48, 16.0644, 15.4502, 
211.88, 216.959, 34.501, 26.2617, 23.2254, 18.2474, 7.62, 5.08, 2.54, 0, 2.54, 5.08, 7.62, 10.16, 12.7, 15.24, 17.78, 20.32, 22.86, 25.4, 27.94, 17.0388, 16.0644, 
211.843, 216.923, 35.8581, 28.0207, 25.1973, 20.6991, 10.16, 7.62, 5.08, 2.54, 0, 2.54, 5.08, 7.62, 10.16, 12.7, 15.24, 17.78, 20.32, 22.86, 25.4, 18.3162, 17.0388, 
211.837, 216.917, 37.3389, 29.8922, 27.2633, 23.1698, 12.7, 10.16, 7.62, 5.08, 2.54, 0, 2.54, 5.08, 7.62, 10.16, 12.7, 15.24, 17.78, 20.32, 22.86, 19.838, 18.3162, 
211.862, 216.941, 38.9292, 31.8565, 29.4037, 25.654, 15.24, 12.7, 10.16, 7.62, 5.08, 2.54, 0, 2.54, 5.08, 7.62, 10.16, 12.7, 15.24, 17.78, 20.32, 21.5526, 19.838, 
211.917, 216.995, 40.6162, 33.8973, 31.6034, 28.1482, 17.78, 15.24, 12.7, 10.16, 7.62, 5.08, 2.54, 0, 2.54, 5.08, 7.62, 10.16, 12.7, 15.24, 17.78, 23.4176, 21.5526, 
212.002, 217.078, 42.3883, 36.0018, 33.8507, 30.6499, 20.32, 17.78, 15.24, 12.7, 10.16, 7.62, 5.08, 2.54, 0, 2.54, 5.08, 7.62, 10.16, 12.7, 15.24, 25.4, 23.4176, 
212.117, 217.191, 44.2354, 38.1592, 36.1368, 33.1575, 22.86, 20.32, 17.78, 15.24, 12.7, 10.16, 7.62, 5.08, 2.54, 0, 2.54, 5.08, 7.62, 10.16, 12.7, 27.4743, 25.4, 
212.263, 217.333, 46.1484, 40.3612, 38.4548, 35.6696, 25.4, 22.86, 20.32, 17.78, 15.24, 12.7, 10.16, 7.62, 5.08, 2.54, 0, 2.54, 5.08, 7.62, 10.16, 29.6212, 27.4743, 
212.44, 217.505, 48.1194, 42.6009, 40.7992, 38.1854, 27.94, 25.4, 22.86, 20.32, 17.78, 15.24, 12.7, 10.16, 7.62, 5.08, 2.54, 0, 2.54, 5.08, 7.62, 31.8261, 29.6212, 
212.646, 217.707, 50.1417, 44.8725, 43.1658, 40.7042, 30.48, 27.94, 25.4, 22.86, 20.32, 17.78, 15.24, 12.7, 10.16, 7.62, 5.08, 2.54, 0, 2.54, 5.08, 34.0777, 31.8261, 
212.882, 217.938, 52.2092, 47.1716, 45.5511, 43.2255, 33.02, 30.48, 27.94, 25.4, 22.86, 20.32, 17.78, 15.24, 12.7, 10.16, 7.62, 5.08, 2.54, 0, 2.54, 36.3673, 34.0777, 
213.149, 218.198, 54.3168, 49.4942, 47.9522, 45.7489, 35.56, 33.02, 30.48, 27.94, 25.4, 22.86, 20.32, 17.78, 15.24, 12.7, 10.16, 7.62, 5.08, 2.54, 0, 38.6881, 36.3673, 
196.958, 202.029, 46.0364, 36.1805, 32.0493, 22.606, 15.24, 15.4502, 16.0644, 17.0388, 18.3162, 19.838, 21.5526, 23.4176, 25.4, 27.4743, 29.6212, 31.8261, 34.0777, 36.3673, 38.6881, 0, 2.54, 
196.821, 201.895, 46.649, 36.9568, 32.9231, 23.8287, 15.4502, 15.24, 15.4502, 16.0644, 17.0388, 18.3162, 19.838, 21.5526, 23.4176, 25.4, 27.4743, 29.6212, 31.8261, 34.0777, 36.3673, 2.54, 0, 
Scaled Distances:
0, 8.89694e+16, 8.40655e+18, 8.05218e+18, 7.90161e+18, 7.54745e+18, 7.34285e+18, 7.33838e+18, 7.33497e+18, 7.33262e+18, 7.33134e+18, 7.33113e+18, 7.33198e+18, 7.3339e+18, 7.33688e+18, 7.34093e+18, 7.34605e+18, 7.35222e+18, 7.35945e+18, 7.36773e+18, 7.37707e+18, 6.80995e+18, 6.80513e+18, 
8.89694e+16, 0, 8.58378e+18, 8.22935e+18, 8.07875e+18, 7.72451e+18, 7.52052e+18, 7.51615e+18, 7.51281e+18, 7.51052e+18, 7.50927e+18, 7.50906e+18, 7.5099e+18, 7.51177e+18, 7.51469e+18, 7.51864e+18, 7.52364e+18, 7.52966e+18, 7.53673e+18, 7.54482e+18, 7.55394e+18, 6.98757e+18, 6.98287e+18, 
8.40655e+18, 8.58378e+18, 0, 2.66908e+17, 4.18156e+17, 7.74034e+17, 1.00828e+18, 1.03958e+18, 1.07684e+18, 1.11951e+18, 1.16704e+18, 1.21891e+18, 1.27462e+18, 1.33371e+18, 1.39578e+18, 1.46048e+18, 1.52748e+18, 1.59653e+18, 1.66736e+18, 1.73978e+18, 1.8136e+18, 1.52356e+18, 1.54502e+18, 
8.05218e+18, 8.22935e+18, 2.66908e+17, 0, 6.22786e+16, 4.18156e+17, 6.78956e+17, 7.23044e+17, 7.7408e+17, 8.30907e+17, 8.92521e+17, 9.58076e+17, 1.02688e+18, 1.09836e+18, 1.17208e+18, 1.24765e+18, 1.32478e+18, 1.40323e+18, 1.4828e+18, 1.56332e+18, 1.64468e+18, 1.17834e+18, 1.20553e+18, 
7.90161e+18, 8.07875e+18, 4.18156e+17, 6.22786e+16, 0, 2.66908e+17, 5.47706e+17, 6.00242e+17, 6.59696e+17, 7.24553e+17, 7.93623e+17, 8.65992e+17, 9.40964e+17, 1.01801e+18, 1.09673e+18, 1.17681e+18, 1.258e+18, 1.34012e+18, 1.42301e+18, 1.50656e+18, 1.59067e+18, 1.03363e+18, 1.06424e+18, 
7.54745e+18, 7.72451e+18, 7.74034e+17, 4.18156e+17, 2.66908e+17, 0, 3.00976e+17, 3.81896e+17, 4.65289e+17, 5.50188e+17, 6.36063e+17, 7.22605e+17, 8.09622e+17, 8.96987e+17, 9.84615e+17, 1.07245e+18, 1.16044e+18, 1.24856e+18, 1.33679e+18, 1.42511e+18, 1.51349e+18, 7.02858e+17, 7.45685e+17, 
7.34285e+18, 7.52052e+18, 1.00828e+18, 6.78956e+17, 5.47706e+17, 3.00976e+17, 0, 249, 8.89694e+16, 1.77939e+17, 2.66908e+17, 3.55878e+17, 4.44847e+17, 5.33816e+17, 6.22786e+17, 7.11755e+17, 8.00725e+17, 8.89694e+17, 9.78663e+17, 1.06763e+18, 1.1566e+18, 4.44847e+17, 4.5221e+17, 
7.33838e+18, 7.51615e+18, 1.03958e+18, 7.23044e+17, 6.00242e+17, 3.81896e+17, 249, 0, 249, 8.89694e+16, 1.77939e+17, 2.66908e+17, 3.55878e+17, 4.44847e+17, 5.33816e+17, 6.22786e+17, 7.11755e+17, 8.00725e+17, 8.89694e+17, 9.78663e+17, 1.06763e+18, 4.5221e+17, 4.44847e+17, 
7.33497e+18, 7.51281e+18, 1.07684e+18, 7.7408e+17, 6.59696e+17, 4.65289e+17, 8.89694e+16, 249, 0, 249, 8.89694e+16, 1.77939e+17, 2.66908e+17, 3.55878e+17, 4.44847e+17, 5.33816e+17, 6.22786e+17, 7.11755e+17, 8.00725e+17, 8.89694e+17, 9.78663e+17, 4.73722e+17, 4.5221e+17, 
7.33262e+18, 7.51052e+18, 1.11951e+18, 8.30907e+17, 7.24553e+17, 5.50188e+17, 1.77939e+17, 8.89694e+16, 249, 0, 249, 8.89694e+16, 1.77939e+17, 2.66908e+17, 3.55878e+17, 4.44847e+17, 5.33816e+17, 6.22786e+17, 7.11755e+17, 8.00725e+17, 8.89694e+17, 5.07855e+17, 4.73722e+17, 
7.33134e+18, 7.50927e+18, 1.16704e+18, 8.92521e+17, 7.93623e+17, 6.36063e+17, 2.66908e+17, 1.77939e+17, 8.89694e+16, 249, 0, 249, 8.89694e+16, 1.77939e+17, 2.66908e+17, 3.55878e+17, 4.44847e+17, 5.33816e+17, 6.22786e+17, 7.11755e+17, 8.00725e+17, 5.52598e+17, 5.07855e+17, 
7.33113e+18, 7.50906e+18, 1.21891e+18, 9.58076e+17, 8.65992e+17, 7.22605e+17, 3.55878e+17, 2.66908e+17, 1.77939e+17, 8.89694e+16, 249, 0, 249, 8.89694e+16, 1.77939e+17, 2.66908e+17, 3.55878e+17, 4.44847e+17, 5.33816e+17, 6.22786e+17, 7.11755e+17, 6.05904e+17, 5.52598e+17, 
7.33198e+18, 7.5099e+18, 1.27462e+18, 1.02688e+18, 9.40964e+17, 8.09622e+17, 4.44847e+17, 3.55878e+17, 2.66908e+17, 1.77939e+17, 8.89694e+16, 249, 0, 498, 8.89694e+16, 1.77939e+17, 2.66908e+17, 3.55878e+17, 4.44847e+17, 5.33816e+17, 6.22786e+17, 6.65961e+17, 6.05904e+17, 
7.3339e+18, 7.51177e+18, 1.33371e+18, 1.09836e+18, 1.01801e+18, 8.96987e+17, 5.33816e+17, 4.44847e+17, 3.55878e+17, 2.66908e+17, 1.77939e+17, 8.89694e+16, 498, 0, 249, 8.89694e+16, 1.77939e+17, 2.66908e+17, 3.55878e+17, 4.44847e+17, 5.33816e+17, 7.31288e+17, 6.65961e+17, 
7.33688e+18, 7.51469e+18, 1.39578e+18, 1.17208e+18, 1.09673e+18, 9.84615e+17, 6.22786e+17, 5.33816e+17, 4.44847e+17, 3.55878e+17, 2.66908e+17, 1.77939e+17, 8.89694e+16, 249, 0, 0, 8.89694e+16, 1.77939e+17, 2.66908e+17, 3.55878e+17, 4.44847e+17, 8.00725e+17, 7.31288e+17, 
7.34093e+18, 7.51864e+18, 1.46048e+18, 1.24765e+18, 1.17681e+18, 1.07245e+18, 7.11755e+17, 6.22786e+17, 5.33816e+17, 4.44847e+17, 3.55878e+17, 2.66908e+17, 1.77939e+17, 8.89694e+16, 0, 0, 498, 8.89694e+16, 1.77939e+17, 2.66908e+17, 3.55878e+17, 8.73382e+17, 8.00725e+17, 
7.34605e+18, 7.52364e+18, 1.52748e+18, 1.32478e+18, 1.258e+18, 1.16044e+18, 8.00725e+17, 7.11755e+17, 6.22786e+17, 5.33816e+17, 4.44847e+17, 3.55878e+17, 2.66908e+17, 1.77939e+17, 8.89694e+16, 498, 0, 498, 8.89694e+16, 1.77939e+17, 2.66908e+17, 9.48583e+17, 8.73382e+17, 
7.35222e+18, 7.52966e+18, 1.59653e+18, 1.40323e+18, 1.34012e+18, 1.24856e+18, 8.89694e+17, 8.00725e+17, 7.11755e+17, 6.22786e+17, 5.33816e+17, 4.44847e+17, 3.55878e+17, 2.66908e+17, 1.77939e+17, 8.89694e+16, 498, 0, 0, 8.89694e+16, 1.77939e+17, 1.02581e+18, 9.48583e+17, 
7.35945e+18, 7.53673e+18, 1.66736e+18, 1.4828e+18, 1.42301e+18, 1.33679e+18, 9.78663e+17, 8.89694e+17, 8.00725e+17, 7.11755e+17, 6.22786e+17, 5.33816e+17, 4.44847e+17, 3.55878e+17, 2.66908e+17, 1.77939e+17, 8.89694e+16, 0, 0, 498, 8.89694e+16, 1.10468e+18, 1.02581e+18, 
7.36773e+18, 7.54482e+18, 1.73978e+18, 1.56332e+18, 1.50656e+18, 1.42511e+18, 1.06763e+18, 9.78663e+17, 8.89694e+17, 8.00725e+17, 7.11755e+17, 6.22786e+17, 5.33816e+17, 4.44847e+17, 3.55878e+17, 2.66908e+17, 1.77939e+17, 8.89694e+16, 498, 0, 0, 1.18488e+18, 1.10468e+18, 
7.37707e+18, 7.55394e+18, 1.8136e+18, 1.64468e+18, 1.59067e+18, 1.51349e+18, 1.1566e+18, 1.06763e+18, 9.78663e+17, 8.89694e+17, 8.00725e+17, 7.11755e+17, 6.22786e+17, 5.33816e+17, 4.44847e+17, 3.55878e+17, 2.66908e+17, 1.77939e+17, 8.89694e+16, 0, 0, 1.26617e+18, 1.18488e+18, 
6.80995e+18, 6.98757e+18, 1.52356e+18, 1.17834e+18, 1.03363e+18, 7.02858e+17, 4.44847e+17, 4.5221e+17, 4.73722e+17, 5.07855e+17, 5.52598e+17, 6.05904e+17, 6.65961e+17, 7.31288e+17, 8.00725e+17, 8.73382e+17, 9.48583e+17, 1.02581e+18, 1.10468e+18, 1.18488e+18, 1.26617e+18, 0, 249, 
6.80513e+18, 6.98287e+18, 1.54502e+18, 1.20553e+18, 1.06424e+18, 7.45685e+17, 4.5221e+17, 4.44847e+17, 4.5221e+17, 4.73722e+17, 5.07855e+17, 5.52598e+17, 6.05904e+17, 6.65961e+17, 7.31288e+17, 8.00725e+17, 8.73382e+17, 9.48583e+17, 1.02581e+18, 1.10468e+18, 1.18488e+18, 249, 0, 
Optimal total distance (scaled) for 23 points: 1.67553e+19
Optimal total distance for 23 points: 536.768442
Corresponding path (0-indexed):
Point #22
Point #0
Point #1
Point #20
Point #19
Point #18
Point #17
Point #16
Point #15
Point #14
Point #13
Point #12
Point #11
Point #10
Point #9
Point #8
Point #7
Point #6
Point #2
Point #3
Point #4
Point #5
Point #21
Point #22
Execution time: 742 ms

Elapsed time: 742 ms


Execution #2/10000

Seed: 2
Estimated max possible cost 562.058704
for path: 
0 1 2 3 4 5 6 7 8 9 10 11 12 13 14 15 16 17 18 19 20 21 22 0
Execution time: 655 ms

Elapsed time: 1397 ms


Execution #3/10000

Seed: 3
Estimated max possible cost 562.058704
for path: 
0 1 2 3 4 5 6 7 8 9 10 11 12 13 14 15 16 17 18 19 20 21 22 0
Execution time: 579 ms

Elapsed time: 1976 ms


Execution #4/10000

Seed: 4
Estimated max possible cost 562.058704
for path: 
0 1 2 3 4 5 6 7 8 9 10 11 12 13 14 15 16 17 18 19 20 21 22 0
Execution time: 687 ms

Elapsed time: 2663 ms


Execution #5/10000

Seed: 5
Estimated max possible cost 562.058704
for path: 
0 1 2 3 4 5 6 7 8 9 10 11 12 13 14 15 16 17 18 19 20 21 22 0
Execution time: 719 ms

Elapsed time: 3382 ms


Execution #6/10000

Seed: 6
Estimated max possible cost 562.058704
for path: 
0 1 2 3 4 5 6 7 8 9 10 11 12 13 14 15 16 17 18 19 20 21 22 0
Execution time: 661 ms

Elapsed time: 4043 ms


Execution #7/10000

Seed: 7
Estimated max possible cost 562.058704
for path: 
0 1 2 3 4 5 6 7 8 9 10 11 12 13 14 15 16 17 18 19 20 21 22 0
Execution time: 624 ms

Elapsed time: 4667 ms


Execution #8/10000

Seed: 8
Estimated max possible cost 562.058704
for path: 
0 1 2 3 4 5 6 7 8 9 10 11 12 13 14 15 16 17 18 19 20 21 22 0
Execution time: 729 ms

Elapsed time: 5396 ms


Execution #9/10000

Seed: 9
Estimated max possible cost 562.058704
for path: 
0 1 2 3 4 5 6 7 8 9 10 11 12 13 14 15 16 17 18 19 20 21 22 0
Execution time: 775 ms

Elapsed time: 6171 ms


Execution #10/10000

Seed: 10
Estimated max possible cost 562.058704
for path: 
0 1 2 3 4 5 6 7 8 9 10 11 12 13 14 15 16 17 18 19 20 21 22 0
Execution time: 610 ms

Elapsed time: 6781 ms


Execution #11/10000

Seed: 11
Estimated max possible cost 562.058704
for path: 
0 1 2 3 4 5 6 7 8 9 10 11 12 13 14 15 16 17 18 19 20 21 22 0
Execution time: 619 ms

Elapsed time: 7400 ms


Execution #12/10000

Seed: 12
Estimated max possible cost 562.058704
for path: 
0 1 2 3 4 5 6 7 8 9 10 11 12 13 14 15 16 17 18 19 20 21 22 0
Execution time: 715 ms

Elapsed time: 8115 ms


Execution #13/10000

Seed: 13
Estimated max possible cost 562.058704
for path: 
0 1 2 3 4 5 6 7 8 9 10 11 12 13 14 15 16 17 18 19 20 21 22 0
Execution time: 716 ms

Elapsed time: 8831 ms


Execution #14/10000

Seed: 14
Estimated max possible cost 562.058704
for path: 
0 1 2 3 4 5 6 7 8 9 10 11 12 13 14 15 16 17 18 19 20 21 22 0
Execution time: 669 ms

Elapsed time: 9500 ms


Execution #15/10000

Seed: 15
Estimated max possible cost 562.058704
for path: 
0 1 2 3 4 5 6 7 8 9 10 11 12 13 14 15 16 17 18 19 20 21 22 0
Execution time: 678 ms

Elapsed time: 10178 ms


Execution #16/10000

Seed: 16
Estimated max possible cost 562.058704
for path: 
0 1 2 3 4 5 6 7 8 9 10 11 12 13 14 15 16 17 18 19 20 21 22 0
Execution time: 592 ms

Elapsed time: 10770 ms


Execution #17/10000

Seed: 17
Estimated max possible cost 562.058704
for path: 
0 1 2 3 4 5 6 7 8 9 10 11 12 13 14 15 16 17 18 19 20 21 22 0
Execution time: 733 ms

Elapsed time: 11503 ms


Execution #18/10000

Seed: 18
Estimated max possible cost 562.058704
for path: 
0 1 2 3 4 5 6 7 8 9 10 11 12 13 14 15 16 17 18 19 20 21 22 0
Execution time: 659 ms

Elapsed time: 12162 ms


Execution #19/10000

Seed: 19
Estimated max possible cost 562.058704
for path: 
0 1 2 3 4 5 6 7 8 9 10 11 12 13 14 15 16 17 18 19 20 21 22 0
Execution time: 667 ms

Elapsed time: 12829 ms


Execution #20/10000

Seed: 20
Estimated max possible cost 562.058704
for path: 
0 1 2 3 4 5 6 7 8 9 10 11 12 13 14 15 16 17 18 19 20 21 22 0
Execution time: 704 ms

Elapsed time: 13533 ms


Execution #21/10000

Seed: 21
Estimated max possible cost 562.058704
for path: 
0 1 2 3 4 5 6 7 8 9 10 11 12 13 14 15 16 17 18 19 20 21 22 0
Execution time: 700 ms

Elapsed time: 14233 ms


Execution #22/10000

Seed: 22
Estimated max possible cost 562.058704
for path: 
0 1 2 3 4 5 6 7 8 9 10 11 12 13 14 15 16 17 18 19 20 21 22 0
Execution time: 616 ms

Elapsed time: 14849 ms


Execution #23/10000

Seed: 23
Estimated max possible cost 562.058704
for path: 
0 1 2 3 4 5 6 7 8 9 10 11 12 13 14 15 16 17 18 19 20 21 22 0
Execution time: 721 ms

Elapsed time: 15570 ms


Execution #24/10000

Seed: 24
Estimated max possible cost 562.058704
for path: 
0 1 2 3 4 5 6 7 8 9 10 11 12 13 14 15 16 17 18 19 20 21 22 0
Execution time: 677 ms

Elapsed time: 16247 ms


Execution #25/10000

Seed: 25
Estimated max possible cost 562.058704
for path: 
0 1 2 3 4 5 6 7 8 9 10 11 12 13 14 15 16 17 18 19 20 21 22 0
Execution time: 575 ms

Elapsed time: 16822 ms


Execution #26/10000

Seed: 26
Estimated max possible cost 562.058704
for path: 
0 1 2 3 4 5 6 7 8 9 10 11 12 13 14 15 16 17 18 19 20 21 22 0
Execution time: 729 ms

Elapsed time: 17551 ms


Execution #27/10000

Seed: 27
Estimated max possible cost 562.058704
for path: 
0 1 2 3 4 5 6 7 8 9 10 11 12 13 14 15 16 17 18 19 20 21 22 0
Execution time: 614 ms

Elapsed time: 18165 ms


Execution #28/10000

Seed: 28
Estimated max possible cost 562.058704
for path: 
0 1 2 3 4 5 6 7 8 9 10 11 12 13 14 15 16 17 18 19 20 21 22 0
Execution time: 788 ms

Elapsed time: 18953 ms


Execution #29/10000

Seed: 29
Estimated max possible cost 562.058704
for path: 
0 1 2 3 4 5 6 7 8 9 10 11 12 13 14 15 16 17 18 19 20 21 22 0
Execution time: 637 ms

Elapsed time: 19590 ms


Execution #30/10000

Seed: 30
Estimated max possible cost 562.058704
for path: 
0 1 2 3 4 5 6 7 8 9 10 11 12 13 14 15 16 17 18 19 20 21 22 0
Execution time: 653 ms

Elapsed time: 20243 ms


Execution #31/10000

Seed: 31
Estimated max possible cost 562.058704
for path: 
0 1 2 3 4 5 6 7 8 9 10 11 12 13 14 15 16 17 18 19 20 21 22 0
Execution time: 680 ms

Elapsed time: 20923 ms


Execution #32/10000

Seed: 32
Estimated max possible cost 562.058704
for path: 
0 1 2 3 4 5 6 7 8 9 10 11 12 13 14 15 16 17 18 19 20 21 22 0
Execution time: 636 ms

Elapsed time: 21559 ms


Execution #33/10000

Seed: 33
Estimated max possible cost 562.058704
for path: 
0 1 2 3 4 5 6 7 8 9 10 11 12 13 14 15 16 17 18 19 20 21 22 0
Execution time: 736 ms

Elapsed time: 22295 ms


Execution #34/10000

Seed: 34
Estimated max possible cost 562.058704
for path: 
0 1 2 3 4 5 6 7 8 9 10 11 12 13 14 15 16 17 18 19 20 21 22 0
Execution time: 726 ms

Elapsed time: 23021 ms


Execution #35/10000

Seed: 35
Estimated max possible cost 562.058704
for path: 
0 1 2 3 4 5 6 7 8 9 10 11 12 13 14 15 16 17 18 19 20 21 22 0
Execution time: 710 ms

Elapsed time: 23731 ms


Execution #36/10000

Seed: 36
Estimated max possible cost 562.058704
for path: 
0 1 2 3 4 5 6 7 8 9 10 11 12 13 14 15 16 17 18 19 20 21 22 0
Execution time: 698 ms

Elapsed time: 24429 ms


Execution #37/10000

Seed: 37
Estimated max possible cost 562.058704
for path: 
0 1 2 3 4 5 6 7 8 9 10 11 12 13 14 15 16 17 18 19 20 21 22 0
Execution time: 690 ms

Elapsed time: 25119 ms


Execution #38/10000

Seed: 38
Estimated max possible cost 562.058704
for path: 
0 1 2 3 4 5 6 7 8 9 10 11 12 13 14 15 16 17 18 19 20 21 22 0
Execution time: 726 ms

Elapsed time: 25845 ms


Execution #39/10000

Seed: 39
Estimated max possible cost 562.058704
for path: 
0 1 2 3 4 5 6 7 8 9 10 11 12 13 14 15 16 17 18 19 20 21 22 0
Execution time: 691 ms

Elapsed time: 26536 ms


Execution #40/10000

Seed: 40
Estimated max possible cost 562.058704
for path: 
0 1 2 3 4 5 6 7 8 9 10 11 12 13 14 15 16 17 18 19 20 21 22 0
Execution time: 602 ms

Elapsed time: 27138 ms


Execution #41/10000

Seed: 41
Estimated max possible cost 562.058704
for path: 
0 1 2 3 4 5 6 7 8 9 10 11 12 13 14 15 16 17 18 19 20 21 22 0
Execution time: 543 ms

Elapsed time: 27681 ms


Execution #42/10000

Seed: 42
Estimated max possible cost 562.058704
for path: 
0 1 2 3 4 5 6 7 8 9 10 11 12 13 14 15 16 17 18 19 20 21 22 0
Execution time: 689 ms

Elapsed time: 28370 ms


Execution #43/10000

Seed: 43
Estimated max possible cost 562.058704
for path: 
0 1 2 3 4 5 6 7 8 9 10 11 12 13 14 15 16 17 18 19 20 21 22 0
Execution time: 649 ms

Elapsed time: 29019 ms


Execution #44/10000

Seed: 44
Estimated max possible cost 562.058704
for path: 
0 1 2 3 4 5 6 7 8 9 10 11 12 13 14 15 16 17 18 19 20 21 22 0
Execution time: 692 ms

Elapsed time: 29711 ms


Execution #45/10000

Seed: 45
Estimated max possible cost 562.058704
for path: 
0 1 2 3 4 5 6 7 8 9 10 11 12 13 14 15 16 17 18 19 20 21 22 0
Execution time: 634 ms

Elapsed time: 30345 ms


Execution #46/10000

Seed: 46
Estimated max possible cost 562.058704
for path: 
0 1 2 3 4 5 6 7 8 9 10 11 12 13 14 15 16 17 18 19 20 21 22 0
Execution time: 635 ms

Elapsed time: 30980 ms


Execution #47/10000

Seed: 47
Estimated max possible cost 562.058704
for path: 
0 1 2 3 4 5 6 7 8 9 10 11 12 13 14 15 16 17 18 19 20 21 22 0
Execution time: 781 ms

Elapsed time: 31761 ms


Execution #48/10000

Seed: 48
Estimated max possible cost 562.058704
for path: 
0 1 2 3 4 5 6 7 8 9 10 11 12 13 14 15 16 17 18 19 20 21 22 0
Execution time: 681 ms

Elapsed time: 32442 ms


Execution #49/10000

Seed: 49
Estimated max possible cost 562.058704
for path: 
0 1 2 3 4 5 6 7 8 9 10 11 12 13 14 15 16 17 18 19 20 21 22 0
Execution time: 675 ms

Elapsed time: 33117 ms


Execution #50/10000

Seed: 50
Estimated max possible cost 562.058704
for path: 
0 1 2 3 4 5 6 7 8 9 10 11 12 13 14 15 16 17 18 19 20 21 22 0
Execution time: 716 ms

Elapsed time: 33833 ms


Execution #51/10000

Seed: 51
Estimated max possible cost 562.058704
for path: 
0 1 2 3 4 5 6 7 8 9 10 11 12 13 14 15 16 17 18 19 20 21 22 0
Execution time: 729 ms

Elapsed time: 34562 ms


Execution #52/10000

Seed: 52
Estimated max possible cost 562.058704
for path: 
0 1 2 3 4 5 6 7 8 9 10 11 12 13 14 15 16 17 18 19 20 21 22 0
Execution time: 711 ms

Elapsed time: 35273 ms


Execution #53/10000

Seed: 53
Estimated max possible cost 562.058704
for path: 
0 1 2 3 4 5 6 7 8 9 10 11 12 13 14 15 16 17 18 19 20 21 22 0
Execution time: 616 ms

Elapsed time: 35889 ms


Execution #54/10000

Seed: 54
Estimated max possible cost 562.058704
for path: 
0 1 2 3 4 5 6 7 8 9 10 11 12 13 14 15 16 17 18 19 20 21 22 0
Execution time: 597 ms

Elapsed time: 36486 ms


Execution #55/10000

Seed: 55
Estimated max possible cost 562.058704
for path: 
0 1 2 3 4 5 6 7 8 9 10 11 12 13 14 15 16 17 18 19 20 21 22 0
Execution time: 724 ms

Elapsed time: 37210 ms


Execution #56/10000

Seed: 56
Estimated max possible cost 562.058704
for path: 
0 1 2 3 4 5 6 7 8 9 10 11 12 13 14 15 16 17 18 19 20 21 22 0
Execution time: 747 ms

Elapsed time: 37957 ms


Execution #57/10000

Seed: 57
Estimated max possible cost 562.058704
for path: 
0 1 2 3 4 5 6 7 8 9 10 11 12 13 14 15 16 17 18 19 20 21 22 0
Execution time: 673 ms

Elapsed time: 38630 ms


Execution #58/10000

Seed: 58
Estimated max possible cost 562.058704
for path: 
0 1 2 3 4 5 6 7 8 9 10 11 12 13 14 15 16 17 18 19 20 21 22 0
Execution time: 641 ms

Elapsed time: 39271 ms


Execution #59/10000

Seed: 59
Estimated max possible cost 562.058704
for path: 
0 1 2 3 4 5 6 7 8 9 10 11 12 13 14 15 16 17 18 19 20 21 22 0
Execution time: 698 ms

Elapsed time: 39969 ms


Execution #60/10000

Seed: 60
Estimated max possible cost 562.058704
for path: 
0 1 2 3 4 5 6 7 8 9 10 11 12 13 14 15 16 17 18 19 20 21 22 0
Execution time: 630 ms

Elapsed time: 40599 ms


Execution #61/10000

Seed: 61
Estimated max possible cost 562.058704
for path: 
0 1 2 3 4 5 6 7 8 9 10 11 12 13 14 15 16 17 18 19 20 21 22 0
Execution time: 662 ms

Elapsed time: 41261 ms


Execution #62/10000

Seed: 62
Estimated max possible cost 562.058704
for path: 
0 1 2 3 4 5 6 7 8 9 10 11 12 13 14 15 16 17 18 19 20 21 22 0
Execution time: 640 ms

Elapsed time: 41901 ms


Execution #63/10000

Seed: 63
Estimated max possible cost 562.058704
for path: 
0 1 2 3 4 5 6 7 8 9 10 11 12 13 14 15 16 17 18 19 20 21 22 0
Execution time: 680 ms

Elapsed time: 42581 ms


Execution #64/10000

Seed: 64
Estimated max possible cost 562.058704
for path: 
0 1 2 3 4 5 6 7 8 9 10 11 12 13 14 15 16 17 18 19 20 21 22 0
Execution time: 647 ms

Elapsed time: 43228 ms


Execution #65/10000

Seed: 65
Estimated max possible cost 562.058704
for path: 
0 1 2 3 4 5 6 7 8 9 10 11 12 13 14 15 16 17 18 19 20 21 22 0
Execution time: 567 ms

Elapsed time: 43795 ms


Execution #66/10000

Seed: 66
Estimated max possible cost 562.058704
for path: 
0 1 2 3 4 5 6 7 8 9 10 11 12 13 14 15 16 17 18 19 20 21 22 0
Execution time: 590 ms

Elapsed time: 44385 ms


Execution #67/10000

Seed: 67
Estimated max possible cost 562.058704
for path: 
0 1 2 3 4 5 6 7 8 9 10 11 12 13 14 15 16 17 18 19 20 21 22 0
Execution time: 651 ms

Elapsed time: 45036 ms


Execution #68/10000

Seed: 68
Estimated max possible cost 562.058704
for path: 
0 1 2 3 4 5 6 7 8 9 10 11 12 13 14 15 16 17 18 19 20 21 22 0
Execution time: 731 ms

Elapsed time: 45767 ms


Execution #69/10000

Seed: 69
Estimated max possible cost 562.058704
for path: 
0 1 2 3 4 5 6 7 8 9 10 11 12 13 14 15 16 17 18 19 20 21 22 0
Execution time: 748 ms

Elapsed time: 46515 ms


Execution #70/10000

Seed: 70
Estimated max possible cost 562.058704
for path: 
0 1 2 3 4 5 6 7 8 9 10 11 12 13 14 15 16 17 18 19 20 21 22 0
Execution time: 597 ms

Elapsed time: 47112 ms


Execution #71/10000

Seed: 71
Estimated max possible cost 562.058704
for path: 
0 1 2 3 4 5 6 7 8 9 10 11 12 13 14 15 16 17 18 19 20 21 22 0
Execution time: 716 ms

Elapsed time: 47828 ms


Execution #72/10000

Seed: 72
Estimated max possible cost 562.058704
for path: 
0 1 2 3 4 5 6 7 8 9 10 11 12 13 14 15 16 17 18 19 20 21 22 0
Execution time: 742 ms

Elapsed time: 48570 ms


Execution #73/10000

Seed: 73
Estimated max possible cost 562.058704
for path: 
0 1 2 3 4 5 6 7 8 9 10 11 12 13 14 15 16 17 18 19 20 21 22 0
Execution time: 651 ms

Elapsed time: 49221 ms


Execution #74/10000

Seed: 74
Estimated max possible cost 562.058704
for path: 
0 1 2 3 4 5 6 7 8 9 10 11 12 13 14 15 16 17 18 19 20 21 22 0
Execution time: 624 ms

Elapsed time: 49845 ms


Execution #75/10000

Seed: 75
Estimated max possible cost 562.058704
for path: 
0 1 2 3 4 5 6 7 8 9 10 11 12 13 14 15 16 17 18 19 20 21 22 0
Execution time: 711 ms

Elapsed time: 50556 ms


Execution #76/10000

Seed: 76
Estimated max possible cost 562.058704
for path: 
0 1 2 3 4 5 6 7 8 9 10 11 12 13 14 15 16 17 18 19 20 21 22 0
Execution time: 683 ms

Elapsed time: 51239 ms


Execution #77/10000

Seed: 77
Estimated max possible cost 562.058704
for path: 
0 1 2 3 4 5 6 7 8 9 10 11 12 13 14 15 16 17 18 19 20 21 22 0
Execution time: 711 ms

Elapsed time: 51950 ms


Execution #78/10000

Seed: 78
Estimated max possible cost 562.058704
for path: 
0 1 2 3 4 5 6 7 8 9 10 11 12 13 14 15 16 17 18 19 20 21 22 0
Execution time: 723 ms

Elapsed time: 52673 ms


Execution #79/10000

Seed: 79
Estimated max possible cost 562.058704
for path: 
0 1 2 3 4 5 6 7 8 9 10 11 12 13 14 15 16 17 18 19 20 21 22 0
Execution time: 651 ms

Elapsed time: 53324 ms


Execution #80/10000

Seed: 80
Estimated max possible cost 562.058704
for path: 
0 1 2 3 4 5 6 7 8 9 10 11 12 13 14 15 16 17 18 19 20 21 22 0
Execution time: 713 ms

Elapsed time: 54037 ms


Execution #81/10000

Seed: 81
Estimated max possible cost 562.058704
for path: 
0 1 2 3 4 5 6 7 8 9 10 11 12 13 14 15 16 17 18 19 20 21 22 0
Execution time: 754 ms

Elapsed time: 54791 ms


Execution #82/10000

Seed: 82
Estimated max possible cost 562.058704
for path: 
0 1 2 3 4 5 6 7 8 9 10 11 12 13 14 15 16 17 18 19 20 21 22 0
Execution time: 652 ms

Elapsed time: 55443 ms


Execution #83/10000

Seed: 83
Estimated max possible cost 562.058704
for path: 
0 1 2 3 4 5 6 7 8 9 10 11 12 13 14 15 16 17 18 19 20 21 22 0
Execution time: 620 ms

Elapsed time: 56063 ms


Execution #84/10000

Seed: 84
Estimated max possible cost 562.058704
for path: 
0 1 2 3 4 5 6 7 8 9 10 11 12 13 14 15 16 17 18 19 20 21 22 0
Execution time: 632 ms

Elapsed time: 56695 ms


Execution #85/10000

Seed: 85
Estimated max possible cost 562.058704
for path: 
0 1 2 3 4 5 6 7 8 9 10 11 12 13 14 15 16 17 18 19 20 21 22 0
Execution time: 666 ms

Elapsed time: 57361 ms


Execution #86/10000

Seed: 86
Estimated max possible cost 562.058704
for path: 
0 1 2 3 4 5 6 7 8 9 10 11 12 13 14 15 16 17 18 19 20 21 22 0
Execution time: 661 ms

Elapsed time: 58022 ms


Execution #87/10000

Seed: 87
Estimated max possible cost 562.058704
for path: 
0 1 2 3 4 5 6 7 8 9 10 11 12 13 14 15 16 17 18 19 20 21 22 0
Execution time: 680 ms

Elapsed time: 58702 ms


Execution #88/10000

Seed: 88
Estimated max possible cost 562.058704
for path: 
0 1 2 3 4 5 6 7 8 9 10 11 12 13 14 15 16 17 18 19 20 21 22 0
Execution time: 603 ms

Elapsed time: 59305 ms


Execution #89/10000

Seed: 89
Estimated max possible cost 562.058704
for path: 
0 1 2 3 4 5 6 7 8 9 10 11 12 13 14 15 16 17 18 19 20 21 22 0
Execution time: 663 ms

Elapsed time: 59968 ms


Execution #90/10000

Seed: 90
Estimated max possible cost 562.058704
for path: 
0 1 2 3 4 5 6 7 8 9 10 11 12 13 14 15 16 17 18 19 20 21 22 0
Execution time: 682 ms

Elapsed time: 60650 ms


Execution #91/10000

Seed: 91
Estimated max possible cost 562.058704
for path: 
0 1 2 3 4 5 6 7 8 9 10 11 12 13 14 15 16 17 18 19 20 21 22 0
Execution time: 610 ms

Elapsed time: 61260 ms


Execution #92/10000

Seed: 92
Estimated max possible cost 562.058704
for path: 
0 1 2 3 4 5 6 7 8 9 10 11 12 13 14 15 16 17 18 19 20 21 22 0
Execution time: 677 ms

Elapsed time: 61937 ms


Execution #93/10000

Seed: 93
Estimated max possible cost 562.058704
for path: 
0 1 2 3 4 5 6 7 8 9 10 11 12 13 14 15 16 17 18 19 20 21 22 0
Execution time: 772 ms

Elapsed time: 62709 ms


Execution #94/10000

Seed: 94
Estimated max possible cost 562.058704
for path: 
0 1 2 3 4 5 6 7 8 9 10 11 12 13 14 15 16 17 18 19 20 21 22 0
Execution time: 696 ms

Elapsed time: 63405 ms


Execution #95/10000

Seed: 95
Estimated max possible cost 562.058704
for path: 
0 1 2 3 4 5 6 7 8 9 10 11 12 13 14 15 16 17 18 19 20 21 22 0
Execution time: 636 ms

Elapsed time: 64041 ms


Execution #96/10000

Seed: 96
Estimated max possible cost 562.058704
for path: 
0 1 2 3 4 5 6 7 8 9 10 11 12 13 14 15 16 17 18 19 20 21 22 0
Execution time: 775 ms

Elapsed time: 64816 ms


Execution #97/10000

Seed: 97
Estimated max possible cost 562.058704
for path: 
0 1 2 3 4 5 6 7 8 9 10 11 12 13 14 15 16 17 18 19 20 21 22 0
Execution time: 686 ms

Elapsed time: 65502 ms


Execution #98/10000

Seed: 98
Estimated max possible cost 562.058704
for path: 
0 1 2 3 4 5 6 7 8 9 10 11 12 13 14 15 16 17 18 19 20 21 22 0
Execution time: 627 ms

Elapsed time: 66129 ms


Execution #99/10000

Seed: 99
Estimated max possible cost 562.058704
for path: 
0 1 2 3 4 5 6 7 8 9 10 11 12 13 14 15 16 17 18 19 20 21 22 0
Execution time: 683 ms

Elapsed time: 66812 ms


Execution #100/10000

Seed: 100
Estimated max possible cost 562.058704
for path: 
0 1 2 3 4 5 6 7 8 9 10 11 12 13 14 15 16 17 18 19 20 21 22 0
Execution time: 587 ms

Elapsed time: 67399 ms


Execution #101/10000

Seed: 101
Estimated max possible cost 562.058704
for path: 
0 1 2 3 4 5 6 7 8 9 10 11 12 13 14 15 16 17 18 19 20 21 22 0
Execution time: 741 ms

Elapsed time: 68140 ms


Execution #102/10000

Seed: 102
Estimated max possible cost 562.058704
for path: 
0 1 2 3 4 5 6 7 8 9 10 11 12 13 14 15 16 17 18 19 20 21 22 0
Execution time: 683 ms

Elapsed time: 68823 ms


Execution #103/10000

Seed: 103
Estimated max possible cost 562.058704
for path: 
0 1 2 3 4 5 6 7 8 9 10 11 12 13 14 15 16 17 18 19 20 21 22 0
Execution time: 695 ms

Elapsed time: 69518 ms


Execution #104/10000

Seed: 104
Estimated max possible cost 562.058704
for path: 
0 1 2 3 4 5 6 7 8 9 10 11 12 13 14 15 16 17 18 19 20 21 22 0
Execution time: 639 ms

Elapsed time: 70157 ms


Execution #105/10000

Seed: 105
Estimated max possible cost 562.058704
for path: 
0 1 2 3 4 5 6 7 8 9 10 11 12 13 14 15 16 17 18 19 20 21 22 0
Execution time: 724 ms

Elapsed time: 70881 ms


Execution #106/10000

Seed: 106
Estimated max possible cost 562.058704
for path: 
0 1 2 3 4 5 6 7 8 9 10 11 12 13 14 15 16 17 18 19 20 21 22 0
Execution time: 705 ms

Elapsed time: 71586 ms


Execution #107/10000

Seed: 107
Estimated max possible cost 562.058704
for path: 
0 1 2 3 4 5 6 7 8 9 10 11 12 13 14 15 16 17 18 19 20 21 22 0
Execution time: 633 ms

Elapsed time: 72219 ms


Execution #108/10000

Seed: 108
Estimated max possible cost 562.058704
for path: 
0 1 2 3 4 5 6 7 8 9 10 11 12 13 14 15 16 17 18 19 20 21 22 0
Execution time: 771 ms

Elapsed time: 72990 ms


Execution #109/10000

Seed: 109
Estimated max possible cost 562.058704
for path: 
0 1 2 3 4 5 6 7 8 9 10 11 12 13 14 15 16 17 18 19 20 21 22 0
Execution time: 737 ms

Elapsed time: 73727 ms


Execution #110/10000

Seed: 110
Estimated max possible cost 562.058704
for path: 
0 1 2 3 4 5 6 7 8 9 10 11 12 13 14 15 16 17 18 19 20 21 22 0
Execution time: 670 ms

Elapsed time: 74397 ms


Execution #111/10000

Seed: 111
Estimated max possible cost 562.058704
for path: 
0 1 2 3 4 5 6 7 8 9 10 11 12 13 14 15 16 17 18 19 20 21 22 0
Execution time: 737 ms

Elapsed time: 75134 ms


Execution #112/10000

Seed: 112
Estimated max possible cost 562.058704
for path: 
0 1 2 3 4 5 6 7 8 9 10 11 12 13 14 15 16 17 18 19 20 21 22 0
Execution time: 602 ms

Elapsed time: 75736 ms


Execution #113/10000

Seed: 113
Estimated max possible cost 562.058704
for path: 
0 1 2 3 4 5 6 7 8 9 10 11 12 13 14 15 16 17 18 19 20 21 22 0
Execution time: 703 ms

Elapsed time: 76439 ms


Execution #114/10000

Seed: 114
Estimated max possible cost 562.058704
for path: 
0 1 2 3 4 5 6 7 8 9 10 11 12 13 14 15 16 17 18 19 20 21 22 0
Execution time: 690 ms

Elapsed time: 77129 ms


Execution #115/10000

Seed: 115
Estimated max possible cost 562.058704
for path: 
0 1 2 3 4 5 6 7 8 9 10 11 12 13 14 15 16 17 18 19 20 21 22 0
Execution time: 732 ms

Elapsed time: 77861 ms


Execution #116/10000

Seed: 116
Estimated max possible cost 562.058704
for path: 
0 1 2 3 4 5 6 7 8 9 10 11 12 13 14 15 16 17 18 19 20 21 22 0
Execution time: 626 ms

Elapsed time: 78487 ms


Execution #117/10000

Seed: 117
Estimated max possible cost 562.058704
for path: 
0 1 2 3 4 5 6 7 8 9 10 11 12 13 14 15 16 17 18 19 20 21 22 0
Execution time: 663 ms

Elapsed time: 79150 ms


Execution #118/10000

Seed: 118
Estimated max possible cost 562.058704
for path: 
0 1 2 3 4 5 6 7 8 9 10 11 12 13 14 15 16 17 18 19 20 21 22 0
Execution time: 703 ms

Elapsed time: 79853 ms


Execution #119/10000

Seed: 119
Estimated max possible cost 562.058704
for path: 
0 1 2 3 4 5 6 7 8 9 10 11 12 13 14 15 16 17 18 19 20 21 22 0
Execution time: 726 ms

Elapsed time: 80579 ms


Execution #120/10000

Seed: 120
Estimated max possible cost 562.058704
for path: 
0 1 2 3 4 5 6 7 8 9 10 11 12 13 14 15 16 17 18 19 20 21 22 0
Execution time: 724 ms

Elapsed time: 81303 ms


Execution #121/10000

Seed: 121
Estimated max possible cost 562.058704
for path: 
0 1 2 3 4 5 6 7 8 9 10 11 12 13 14 15 16 17 18 19 20 21 22 0
Execution time: 707 ms

Elapsed time: 82010 ms


Execution #122/10000

Seed: 122
Estimated max possible cost 562.058704
for path: 
0 1 2 3 4 5 6 7 8 9 10 11 12 13 14 15 16 17 18 19 20 21 22 0
Execution time: 775 ms

Elapsed time: 82785 ms


Execution #123/10000

Seed: 123
Estimated max possible cost 562.058704
for path: 
0 1 2 3 4 5 6 7 8 9 10 11 12 13 14 15 16 17 18 19 20 21 22 0
Execution time: 678 ms

Elapsed time: 83463 ms


Execution #124/10000

Seed: 124
Estimated max possible cost 562.058704
for path: 
0 1 2 3 4 5 6 7 8 9 10 11 12 13 14 15 16 17 18 19 20 21 22 0
Execution time: 678 ms

Elapsed time: 84141 ms


Execution #125/10000

Seed: 125
Estimated max possible cost 562.058704
for path: 
0 1 2 3 4 5 6 7 8 9 10 11 12 13 14 15 16 17 18 19 20 21 22 0
Execution time: 720 ms

Elapsed time: 84861 ms


Execution #126/10000

Seed: 126
Estimated max possible cost 562.058704
for path: 
0 1 2 3 4 5 6 7 8 9 10 11 12 13 14 15 16 17 18 19 20 21 22 0
Execution time: 610 ms

Elapsed time: 85471 ms


Execution #127/10000

Seed: 127
Estimated max possible cost 562.058704
for path: 
0 1 2 3 4 5 6 7 8 9 10 11 12 13 14 15 16 17 18 19 20 21 22 0
Execution time: 701 ms

Elapsed time: 86172 ms


Execution #128/10000

Seed: 128
Estimated max possible cost 562.058704
for path: 
0 1 2 3 4 5 6 7 8 9 10 11 12 13 14 15 16 17 18 19 20 21 22 0
Execution time: 662 ms

Elapsed time: 86834 ms


Execution #129/10000

Seed: 129
Estimated max possible cost 562.058704
for path: 
0 1 2 3 4 5 6 7 8 9 10 11 12 13 14 15 16 17 18 19 20 21 22 0
Execution time: 707 ms

Elapsed time: 87541 ms


Execution #130/10000

Seed: 130
Estimated max possible cost 562.058704
for path: 
0 1 2 3 4 5 6 7 8 9 10 11 12 13 14 15 16 17 18 19 20 21 22 0
Execution time: 731 ms

Elapsed time: 88272 ms


Execution #131/10000

Seed: 131
Estimated max possible cost 562.058704
for path: 
0 1 2 3 4 5 6 7 8 9 10 11 12 13 14 15 16 17 18 19 20 21 22 0
Execution time: 650 ms

Elapsed time: 88922 ms


Execution #132/10000

Seed: 132
Estimated max possible cost 562.058704
for path: 
0 1 2 3 4 5 6 7 8 9 10 11 12 13 14 15 16 17 18 19 20 21 22 0
Execution time: 658 ms

Elapsed time: 89580 ms


Execution #133/10000

Seed: 133
Estimated max possible cost 562.058704
for path: 
0 1 2 3 4 5 6 7 8 9 10 11 12 13 14 15 16 17 18 19 20 21 22 0
Execution time: 680 ms

Elapsed time: 90260 ms


Execution #134/10000

Seed: 134
Estimated max possible cost 562.058704
for path: 
0 1 2 3 4 5 6 7 8 9 10 11 12 13 14 15 16 17 18 19 20 21 22 0
Execution time: 626 ms

Elapsed time: 90886 ms


Execution #135/10000

Seed: 135
Estimated max possible cost 562.058704
for path: 
0 1 2 3 4 5 6 7 8 9 10 11 12 13 14 15 16 17 18 19 20 21 22 0
Execution time: 707 ms

Elapsed time: 91593 ms


Execution #136/10000

Seed: 136
Estimated max possible cost 562.058704
for path: 
0 1 2 3 4 5 6 7 8 9 10 11 12 13 14 15 16 17 18 19 20 21 22 0
Execution time: 640 ms

Elapsed time: 92233 ms


Execution #137/10000

Seed: 137
Estimated max possible cost 562.058704
for path: 
0 1 2 3 4 5 6 7 8 9 10 11 12 13 14 15 16 17 18 19 20 21 22 0
Execution time: 581 ms

Elapsed time: 92814 ms


Execution #138/10000

Seed: 138
Estimated max possible cost 562.058704
for path: 
0 1 2 3 4 5 6 7 8 9 10 11 12 13 14 15 16 17 18 19 20 21 22 0
Execution time: 711 ms

Elapsed time: 93525 ms


Execution #139/10000

Seed: 139
Estimated max possible cost 562.058704
for path: 
0 1 2 3 4 5 6 7 8 9 10 11 12 13 14 15 16 17 18 19 20 21 22 0
Execution time: 703 ms

Elapsed time: 94228 ms


Execution #140/10000

Seed: 140
Estimated max possible cost 562.058704
for path: 
0 1 2 3 4 5 6 7 8 9 10 11 12 13 14 15 16 17 18 19 20 21 22 0
Execution time: 689 ms

Elapsed time: 94917 ms


Execution #141/10000

Seed: 141
Estimated max possible cost 562.058704
for path: 
0 1 2 3 4 5 6 7 8 9 10 11 12 13 14 15 16 17 18 19 20 21 22 0
Execution time: 641 ms

Elapsed time: 95558 ms


Execution #142/10000

Seed: 142
Estimated max possible cost 562.058704
for path: 
0 1 2 3 4 5 6 7 8 9 10 11 12 13 14 15 16 17 18 19 20 21 22 0
Execution time: 603 ms

Elapsed time: 96161 ms


Execution #143/10000

Seed: 143
Estimated max possible cost 562.058704
for path: 
0 1 2 3 4 5 6 7 8 9 10 11 12 13 14 15 16 17 18 19 20 21 22 0
Execution time: 699 ms

Elapsed time: 96860 ms


Execution #144/10000

Seed: 144
Estimated max possible cost 562.058704
for path: 
0 1 2 3 4 5 6 7 8 9 10 11 12 13 14 15 16 17 18 19 20 21 22 0
Execution time: 678 ms

Elapsed time: 97538 ms


Execution #145/10000

Seed: 145
Estimated max possible cost 562.058704
for path: 
0 1 2 3 4 5 6 7 8 9 10 11 12 13 14 15 16 17 18 19 20 21 22 0
Execution time: 684 ms

Elapsed time: 98222 ms


Execution #146/10000

Seed: 146
Estimated max possible cost 562.058704
for path: 
0 1 2 3 4 5 6 7 8 9 10 11 12 13 14 15 16 17 18 19 20 21 22 0
Execution time: 652 ms

Elapsed time: 98874 ms


Execution #147/10000

Seed: 147
Estimated max possible cost 562.058704
for path: 
0 1 2 3 4 5 6 7 8 9 10 11 12 13 14 15 16 17 18 19 20 21 22 0
Execution time: 645 ms

Elapsed time: 99519 ms


Execution #148/10000

Seed: 148
Estimated max possible cost 562.058704
for path: 
0 1 2 3 4 5 6 7 8 9 10 11 12 13 14 15 16 17 18 19 20 21 22 0
Execution time: 653 ms

Elapsed time: 100172 ms


Execution #149/10000

Seed: 149
Estimated max possible cost 562.058704
for path: 
0 1 2 3 4 5 6 7 8 9 10 11 12 13 14 15 16 17 18 19 20 21 22 0
Execution time: 638 ms

Elapsed time: 100810 ms


Execution #150/10000

Seed: 150
Estimated max possible cost 562.058704
for path: 
0 1 2 3 4 5 6 7 8 9 10 11 12 13 14 15 16 17 18 19 20 21 22 0
Execution time: 664 ms

Elapsed time: 101474 ms


Execution #151/10000

Seed: 151
Estimated max possible cost 562.058704
for path: 
0 1 2 3 4 5 6 7 8 9 10 11 12 13 14 15 16 17 18 19 20 21 22 0
Execution time: 627 ms

Elapsed time: 102101 ms


