Solving TSP


Execution #1/10000

Seed: 1
Estimated max possible cost 564.493783
for path: 
0 1 2 3 4 5 6 7 8 9 10 11 12 13 14 15 16 17 18 19 20 21 22 23 0
Memory needed for path: 25248641 locs, for costs: 26313518 locs.
Desired precision: 1e+12
Mem constraint for cost_t: 64 bits
Rounded to pow of 2 bytes mem constraint (capped at 64bits) for cost_t: 64 bits
Bits needed for an int to preserve precision: 49
Bits used per cost_t: 49
Selected cost_t = (u)int64_t
Solving with cost_t = y
Memory [GB] needed: 0.219566
Distances:
0, 5.08, 242.54, 232.423, 228.124, 218.013, 212.172, 212.044, 211.947, 211.88, 211.843, 211.837, 211.862, 211.917, 212.002, 212.117, 212.263, 212.44, 212.646, 212.882, 213.149, 196.958, 196.821, 196.716, 
5.08, 0, 247.599, 237.481, 233.181, 223.068, 217.244, 217.119, 217.024, 216.959, 216.923, 216.917, 216.941, 216.995, 217.078, 217.191, 217.333, 217.505, 217.707, 217.938, 218.198, 202.029, 201.895, 201.793, 
242.54, 247.599, 0, 10.16, 14.478, 24.638, 31.3255, 32.219, 33.2827, 34.501, 35.8581, 37.3389, 38.9292, 40.6162, 42.3883, 44.2354, 46.1484, 48.1194, 50.1417, 52.2092, 54.3168, 46.0364, 46.649, 47.3899, 
232.423, 237.481, 10.16, 0, 4.318, 14.478, 21.9236, 23.1823, 24.6393, 26.2617, 28.0207, 29.8922, 31.8565, 33.8973, 36.0018, 38.1592, 40.3612, 42.6009, 44.8725, 47.1716, 49.4942, 36.1805, 36.9568, 37.8877, 
228.124, 233.181, 14.478, 4.318, 0, 10.16, 18.1765, 19.6764, 21.3738, 23.2254, 25.1973, 27.2633, 29.4037, 31.6034, 33.8507, 36.1368, 38.4548, 40.7992, 43.1658, 45.5511, 47.9522, 32.0493, 32.9231, 33.9648, 
218.013, 223.068, 24.638, 14.478, 10.16, 0, 11.1326, 13.4428, 15.8236, 18.2474, 20.6991, 23.1698, 25.654, 28.1482, 30.6499, 33.1575, 35.6696, 38.1854, 40.7042, 43.2255, 45.7489, 22.606, 23.8287, 25.2484, 
212.172, 217.244, 31.3255, 21.9236, 18.1765, 11.1326, 0, 2.54, 5.08, 7.62, 10.16, 12.7, 15.24, 17.78, 20.32, 22.86, 25.4, 27.94, 30.48, 33.02, 35.56, 15.24, 15.4502, 16.0644, 
212.044, 217.119, 32.219, 23.1823, 19.6764, 13.4428, 2.54, 0, 2.54, 5.08, 7.62, 10.16, 12.7, 15.24, 17.78, 20.32, 22.86, 25.4, 27.94, 30.48, 33.02, 15.4502, 15.24, 15.4502, 
211.947, 217.024, 33.2827, 24.6393, 21.3738, 15.8236, 5.08, 2.54, 0, 2.54, 5.08, 7.62, 10.16, 12.7, 15.24, 17.78, 20.32, 22.86, 25.4, 27.94, 30.48, 16.0644, 15.4502, 15.24, 
211.88, 216.959, 34.501, 26.2617, 23.2254, 18.2474, 7.62, 5.08, 2.54, 0, 2.54, 5.08, 7.62, 10.16, 12.7, 15.24, 17.78, 20.32, 22.86, 25.4, 27.94, 17.0388, 16.0644, 15.4502, 
211.843, 216.923, 35.8581, 28.0207, 25.1973, 20.6991, 10.16, 7.62, 5.08, 2.54, 0, 2.54, 5.08, 7.62, 10.16, 12.7, 15.24, 17.78, 20.32, 22.86, 25.4, 18.3162, 17.0388, 16.0644, 
211.837, 216.917, 37.3389, 29.8922, 27.2633, 23.1698, 12.7, 10.16, 7.62, 5.08, 2.54, 0, 2.54, 5.08, 7.62, 10.16, 12.7, 15.24, 17.78, 20.32, 22.86, 19.838, 18.3162, 17.0388, 
211.862, 216.941, 38.9292, 31.8565, 29.4037, 25.654, 15.24, 12.7, 10.16, 7.62, 5.08, 2.54, 0, 2.54, 5.08, 7.62, 10.16, 12.7, 15.24, 17.78, 20.32, 21.5526, 19.838, 18.3162, 
211.917, 216.995, 40.6162, 33.8973, 31.6034, 28.1482, 17.78, 15.24, 12.7, 10.16, 7.62, 5.08, 2.54, 0, 2.54, 5.08, 7.62, 10.16, 12.7, 15.24, 17.78, 23.4176, 21.5526, 19.838, 
212.002, 217.078, 42.3883, 36.0018, 33.8507, 30.6499, 20.32, 17.78, 15.24, 12.7, 10.16, 7.62, 5.08, 2.54, 0, 2.54, 5.08, 7.62, 10.16, 12.7, 15.24, 25.4, 23.4176, 21.5526, 
212.117, 217.191, 44.2354, 38.1592, 36.1368, 33.1575, 22.86, 20.32, 17.78, 15.24, 12.7, 10.16, 7.62, 5.08, 2.54, 0, 2.54, 5.08, 7.62, 10.16, 12.7, 27.4743, 25.4, 23.4176, 
212.263, 217.333, 46.1484, 40.3612, 38.4548, 35.6696, 25.4, 22.86, 20.32, 17.78, 15.24, 12.7, 10.16, 7.62, 5.08, 2.54, 0, 2.54, 5.08, 7.62, 10.16, 29.6212, 27.4743, 25.4, 
212.44, 217.505, 48.1194, 42.6009, 40.7992, 38.1854, 27.94, 25.4, 22.86, 20.32, 17.78, 15.24, 12.7, 10.16, 7.62, 5.08, 2.54, 0, 2.54, 5.08, 7.62, 31.8261, 29.6212, 27.4743, 
212.646, 217.707, 50.1417, 44.8725, 43.1658, 40.7042, 30.48, 27.94, 25.4, 22.86, 20.32, 17.78, 15.24, 12.7, 10.16, 7.62, 5.08, 2.54, 0, 2.54, 5.08, 34.0777, 31.8261, 29.6212, 
212.882, 217.938, 52.2092, 47.1716, 45.5511, 43.2255, 33.02, 30.48, 27.94, 25.4, 22.86, 20.32, 17.78, 15.24, 12.7, 10.16, 7.62, 5.08, 2.54, 0, 2.54, 36.3673, 34.0777, 31.8261, 
213.149, 218.198, 54.3168, 49.4942, 47.9522, 45.7489, 35.56, 33.02, 30.48, 27.94, 25.4, 22.86, 20.32, 17.78, 15.24, 12.7, 10.16, 7.62, 5.08, 2.54, 0, 38.6881, 36.3673, 34.0777, 
196.958, 202.029, 46.0364, 36.1805, 32.0493, 22.606, 15.24, 15.4502, 16.0644, 17.0388, 18.3162, 19.838, 21.5526, 23.4176, 25.4, 27.4743, 29.6212, 31.8261, 34.0777, 36.3673, 38.6881, 0, 2.54, 5.08, 
196.821, 201.895, 46.649, 36.9568, 32.9231, 23.8287, 15.4502, 15.24, 15.4502, 16.0644, 17.0388, 18.3162, 19.838, 21.5526, 23.4176, 25.4, 27.4743, 29.6212, 31.8261, 34.0777, 36.3673, 2.54, 0, 2.54, 
196.716, 201.793, 47.3899, 37.8877, 33.9648, 25.2484, 16.0644, 15.4502, 15.24, 15.4502, 16.0644, 17.0388, 18.3162, 19.838, 21.5526, 23.4176, 25.4, 27.4743, 29.6212, 31.8261, 34.0777, 5.08, 2.54, 0, 
Scaled Distances:
0, 8.88184e+16, 8.39228e+18, 8.03852e+18, 7.88821e+18, 7.53464e+18, 7.33039e+18, 7.32593e+18, 7.32252e+18, 7.32018e+18, 7.3189e+18, 7.31869e+18, 7.31954e+18, 7.32146e+18, 7.32444e+18, 7.32848e+18, 7.33358e+18, 7.33974e+18, 7.34696e+18, 7.35523e+18, 7.36455e+18, 6.79839e+18, 6.79358e+18, 6.78991e+18, 
8.88184e+16, 0, 8.56921e+18, 8.21538e+18, 8.06504e+18, 7.7114e+18, 7.50776e+18, 7.50339e+18, 7.50007e+18, 7.49778e+18, 7.49653e+18, 7.49632e+18, 7.49716e+18, 7.49903e+18, 7.50194e+18, 7.50589e+18, 7.51087e+18, 7.51689e+18, 7.52394e+18, 7.53202e+18, 7.54112e+18, 6.97571e+18, 6.97102e+18, 6.96744e+18, 
8.39228e+18, 8.56921e+18, 0, 2.66455e+17, 4.17447e+17, 7.7272e+17, 1.00657e+18, 1.03781e+18, 1.07501e+18, 1.11761e+18, 1.16506e+18, 1.21684e+18, 1.27245e+18, 1.33144e+18, 1.39341e+18, 1.458e+18, 1.52489e+18, 1.59382e+18, 1.66453e+18, 1.73683e+18, 1.81053e+18, 1.52098e+18, 1.5424e+18, 1.56831e+18, 
8.03852e+18, 8.21538e+18, 2.66455e+17, 0, 6.21729e+16, 4.17447e+17, 6.77804e+17, 7.21817e+17, 7.72766e+17, 8.29497e+17, 8.91006e+17, 9.56451e+17, 1.02514e+18, 1.0965e+18, 1.17009e+18, 1.24553e+18, 1.32253e+18, 1.40084e+18, 1.48028e+18, 1.56067e+18, 1.64189e+18, 1.17634e+18, 1.20348e+18, 1.23604e+18, 
7.88821e+18, 8.06504e+18, 4.17447e+17, 6.21729e+16, 0, 2.66455e+17, 5.46777e+17, 5.99224e+17, 6.58577e+17, 7.23324e+17, 7.92277e+17, 8.64523e+17, 9.39368e+17, 1.01628e+18, 1.09487e+18, 1.17481e+18, 1.25586e+18, 1.33784e+18, 1.4206e+18, 1.50401e+18, 1.58797e+18, 1.03188e+18, 1.06243e+18, 1.09886e+18, 
7.53464e+18, 7.7114e+18, 7.7272e+17, 4.17447e+17, 2.66455e+17, 0, 3.00466e+17, 3.81249e+17, 4.645e+17, 5.49254e+17, 6.34984e+17, 7.21379e+17, 8.08248e+17, 8.95465e+17, 9.82945e+17, 1.07063e+18, 1.15847e+18, 1.24645e+18, 1.33452e+18, 1.42269e+18, 1.51092e+18, 7.01666e+17, 7.4442e+17, 7.94065e+17, 
7.33039e+18, 7.50776e+18, 1.00657e+18, 6.77804e+17, 5.46777e+17, 3.00466e+17, 0, 248, 8.88184e+16, 1.77637e+17, 2.66455e+17, 3.55274e+17, 4.44092e+17, 5.32911e+17, 6.21729e+17, 7.10548e+17, 7.99366e+17, 8.88184e+17, 9.77003e+17, 1.06582e+18, 1.15464e+18, 4.44092e+17, 4.51443e+17, 4.72919e+17, 
7.32593e+18, 7.50339e+18, 1.03781e+18, 7.21817e+17, 5.99224e+17, 3.81249e+17, 248, 0, 248, 8.88184e+16, 1.77637e+17, 2.66455e+17, 3.55274e+17, 4.44092e+17, 5.32911e+17, 6.21729e+17, 7.10548e+17, 7.99366e+17, 8.88184e+17, 9.77003e+17, 1.06582e+18, 4.51443e+17, 4.44092e+17, 4.51443e+17, 
7.32252e+18, 7.50007e+18, 1.07501e+18, 7.72766e+17, 6.58577e+17, 4.645e+17, 8.88184e+16, 248, 0, 248, 8.88184e+16, 1.77637e+17, 2.66455e+17, 3.55274e+17, 4.44092e+17, 5.32911e+17, 6.21729e+17, 7.10548e+17, 7.99366e+17, 8.88184e+17, 9.77003e+17, 4.72919e+17, 4.51443e+17, 4.44092e+17, 
7.32018e+18, 7.49778e+18, 1.11761e+18, 8.29497e+17, 7.23324e+17, 5.49254e+17, 1.77637e+17, 8.88184e+16, 248, 0, 248, 8.88184e+16, 1.77637e+17, 2.66455e+17, 3.55274e+17, 4.44092e+17, 5.32911e+17, 6.21729e+17, 7.10548e+17, 7.99366e+17, 8.88184e+17, 5.06994e+17, 4.72919e+17, 4.51443e+17, 
7.3189e+18, 7.49653e+18, 1.16506e+18, 8.91006e+17, 7.92277e+17, 6.34984e+17, 2.66455e+17, 1.77637e+17, 8.88184e+16, 248, 0, 248, 8.88184e+16, 1.77637e+17, 2.66455e+17, 3.55274e+17, 4.44092e+17, 5.32911e+17, 6.21729e+17, 7.10548e+17, 7.99366e+17, 5.5166e+17, 5.06994e+17, 4.72919e+17, 
7.31869e+18, 7.49632e+18, 1.21684e+18, 9.56451e+17, 8.64523e+17, 7.21379e+17, 3.55274e+17, 2.66455e+17, 1.77637e+17, 8.88184e+16, 248, 0, 248, 8.88184e+16, 1.77637e+17, 2.66455e+17, 3.55274e+17, 4.44092e+17, 5.32911e+17, 6.21729e+17, 7.10548e+17, 6.04876e+17, 5.5166e+17, 5.06994e+17, 
7.31954e+18, 7.49716e+18, 1.27245e+18, 1.02514e+18, 9.39368e+17, 8.08248e+17, 4.44092e+17, 3.55274e+17, 2.66455e+17, 1.77637e+17, 8.88184e+16, 248, 0, 497, 8.88184e+16, 1.77637e+17, 2.66455e+17, 3.55274e+17, 4.44092e+17, 5.32911e+17, 6.21729e+17, 6.64831e+17, 6.04876e+17, 5.5166e+17, 
7.32146e+18, 7.49903e+18, 1.33144e+18, 1.0965e+18, 1.01628e+18, 8.95465e+17, 5.32911e+17, 4.44092e+17, 3.55274e+17, 2.66455e+17, 1.77637e+17, 8.88184e+16, 497, 0, 248, 8.88184e+16, 1.77637e+17, 2.66455e+17, 3.55274e+17, 4.44092e+17, 5.32911e+17, 7.30047e+17, 6.64831e+17, 6.04876e+17, 
7.32444e+18, 7.50194e+18, 1.39341e+18, 1.17009e+18, 1.09487e+18, 9.82945e+17, 6.21729e+17, 5.32911e+17, 4.44092e+17, 3.55274e+17, 2.66455e+17, 1.77637e+17, 8.88184e+16, 248, 0, 0, 8.88184e+16, 1.77637e+17, 2.66455e+17, 3.55274e+17, 4.44092e+17, 7.99366e+17, 7.30047e+17, 6.64831e+17, 
7.32848e+18, 7.50589e+18, 1.458e+18, 1.24553e+18, 1.17481e+18, 1.07063e+18, 7.10548e+17, 6.21729e+17, 5.32911e+17, 4.44092e+17, 3.55274e+17, 2.66455e+17, 1.77637e+17, 8.88184e+16, 0, 0, 497, 8.88184e+16, 1.77637e+17, 2.66455e+17, 3.55274e+17, 8.719e+17, 7.99366e+17, 7.30047e+17, 
7.33358e+18, 7.51087e+18, 1.52489e+18, 1.32253e+18, 1.25586e+18, 1.15847e+18, 7.99366e+17, 7.10548e+17, 6.21729e+17, 5.32911e+17, 4.44092e+17, 3.55274e+17, 2.66455e+17, 1.77637e+17, 8.88184e+16, 497, 0, 497, 8.88184e+16, 1.77637e+17, 2.66455e+17, 9.46974e+17, 8.719e+17, 7.99366e+17, 
7.33974e+18, 7.51689e+18, 1.59382e+18, 1.40084e+18, 1.33784e+18, 1.24645e+18, 8.88184e+17, 7.99366e+17, 7.10548e+17, 6.21729e+17, 5.32911e+17, 4.44092e+17, 3.55274e+17, 2.66455e+17, 1.77637e+17, 8.88184e+16, 497, 0, 0, 8.88184e+16, 1.77637e+17, 1.02407e+18, 9.46974e+17, 8.719e+17, 
7.34696e+18, 7.52394e+18, 1.66453e+18, 1.48028e+18, 1.4206e+18, 1.33452e+18, 9.77003e+17, 8.88184e+17, 7.99366e+17, 7.10548e+17, 6.21729e+17, 5.32911e+17, 4.44092e+17, 3.55274e+17, 2.66455e+17, 1.77637e+17, 8.88184e+16, 0, 0, 497, 8.88184e+16, 1.10281e+18, 1.02407e+18, 9.46974e+17, 
7.35523e+18, 7.53202e+18, 1.73683e+18, 1.56067e+18, 1.50401e+18, 1.42269e+18, 1.06582e+18, 9.77003e+17, 8.88184e+17, 7.99366e+17, 7.10548e+17, 6.21729e+17, 5.32911e+17, 4.44092e+17, 3.55274e+17, 2.66455e+17, 1.77637e+17, 8.88184e+16, 497, 0, 0, 1.18287e+18, 1.10281e+18, 1.02407e+18, 
7.36455e+18, 7.54112e+18, 1.81053e+18, 1.64189e+18, 1.58797e+18, 1.51092e+18, 1.15464e+18, 1.06582e+18, 9.77003e+17, 8.88184e+17, 7.99366e+17, 7.10548e+17, 6.21729e+17, 5.32911e+17, 4.44092e+17, 3.55274e+17, 2.66455e+17, 1.77637e+17, 8.88184e+16, 0, 0, 1.26402e+18, 1.18287e+18, 1.10281e+18, 
6.79839e+18, 6.97571e+18, 1.52098e+18, 1.17634e+18, 1.03188e+18, 7.01666e+17, 4.44092e+17, 4.51443e+17, 4.72919e+17, 5.06994e+17, 5.5166e+17, 6.04876e+17, 6.64831e+17, 7.30047e+17, 7.99366e+17, 8.719e+17, 9.46974e+17, 1.02407e+18, 1.10281e+18, 1.18287e+18, 1.26402e+18, 0, 248, 8.88184e+16, 
6.79358e+18, 6.97102e+18, 1.5424e+18, 1.20348e+18, 1.06243e+18, 7.4442e+17, 4.51443e+17, 4.44092e+17, 4.51443e+17, 4.72919e+17, 5.06994e+17, 5.5166e+17, 6.04876e+17, 6.64831e+17, 7.30047e+17, 7.99366e+17, 8.719e+17, 9.46974e+17, 1.02407e+18, 1.10281e+18, 1.18287e+18, 248, 0, 248, 
6.78991e+18, 6.96744e+18, 1.56831e+18, 1.23604e+18, 1.09886e+18, 7.94065e+17, 4.72919e+17, 4.51443e+17, 4.44092e+17, 4.51443e+17, 4.72919e+17, 5.06994e+17, 5.5166e+17, 6.04876e+17, 6.64831e+17, 7.30047e+17, 7.99366e+17, 8.719e+17, 9.46974e+17, 1.02407e+18, 1.10281e+18, 8.88184e+16, 248, 0, 
Optimal total distance (scaled) for 24 points: 1.67232e+19
Optimal total distance for 24 points: 539.203521
Corresponding path (0-indexed):
Point #23
Point #0
Point #1
Point #20
Point #19
Point #18
Point #17
Point #16
Point #15
Point #14
Point #13
Point #12
Point #11
Point #10
Point #9
Point #8
Point #7
Point #6
Point #2
Point #3
Point #4
Point #5
Point #21
Point #22
Point #23
Execution time: 2172 ms

Elapsed time: 2172 ms


Execution #2/10000

Seed: 2
Estimated max possible cost 564.493783
for path: 
0 1 2 3 4 5 6 7 8 9 10 11 12 13 14 15 16 17 18 19 20 21 22 23 0
Execution time: 1876 ms

Elapsed time: 4048 ms


Execution #3/10000

Seed: 3
Estimated max possible cost 564.493783
for path: 
0 1 2 3 4 5 6 7 8 9 10 11 12 13 14 15 16 17 18 19 20 21 22 23 0
Execution time: 1813 ms

Elapsed time: 5861 ms


Execution #4/10000

Seed: 4
Estimated max possible cost 564.493783
for path: 
0 1 2 3 4 5 6 7 8 9 10 11 12 13 14 15 16 17 18 19 20 21 22 23 0
Execution time: 1876 ms

Elapsed time: 7737 ms


Execution #5/10000

Seed: 5
Estimated max possible cost 564.493783
for path: 
0 1 2 3 4 5 6 7 8 9 10 11 12 13 14 15 16 17 18 19 20 21 22 23 0
Execution time: 1863 ms

Elapsed time: 9600 ms


Execution #6/10000

Seed: 6
Estimated max possible cost 564.493783
for path: 
0 1 2 3 4 5 6 7 8 9 10 11 12 13 14 15 16 17 18 19 20 21 22 23 0
Execution time: 1876 ms

Elapsed time: 11476 ms


Execution #7/10000

Seed: 7
Estimated max possible cost 564.493783
for path: 
0 1 2 3 4 5 6 7 8 9 10 11 12 13 14 15 16 17 18 19 20 21 22 23 0
Execution time: 1779 ms

Elapsed time: 13255 ms


Execution #8/10000

Seed: 8
Estimated max possible cost 564.493783
for path: 
0 1 2 3 4 5 6 7 8 9 10 11 12 13 14 15 16 17 18 19 20 21 22 23 0
Execution time: 1851 ms

Elapsed time: 15106 ms


Execution #9/10000

Seed: 9
Estimated max possible cost 564.493783
for path: 
0 1 2 3 4 5 6 7 8 9 10 11 12 13 14 15 16 17 18 19 20 21 22 23 0
Execution time: 1726 ms

Elapsed time: 16832 ms


Execution #10/10000

Seed: 10
Estimated max possible cost 564.493783
for path: 
0 1 2 3 4 5 6 7 8 9 10 11 12 13 14 15 16 17 18 19 20 21 22 23 0
Execution time: 2013 ms

Elapsed time: 18845 ms


Execution #11/10000

Seed: 11
Estimated max possible cost 564.493783
for path: 
0 1 2 3 4 5 6 7 8 9 10 11 12 13 14 15 16 17 18 19 20 21 22 23 0
Execution time: 1825 ms

Elapsed time: 20670 ms


Execution #12/10000

Seed: 12
Estimated max possible cost 564.493783
for path: 
0 1 2 3 4 5 6 7 8 9 10 11 12 13 14 15 16 17 18 19 20 21 22 23 0
Execution time: 1898 ms

Elapsed time: 22568 ms


Execution #13/10000

Seed: 13
Estimated max possible cost 564.493783
for path: 
0 1 2 3 4 5 6 7 8 9 10 11 12 13 14 15 16 17 18 19 20 21 22 23 0
Execution time: 1800 ms

Elapsed time: 24368 ms


Execution #14/10000

Seed: 14
Estimated max possible cost 564.493783
for path: 
0 1 2 3 4 5 6 7 8 9 10 11 12 13 14 15 16 17 18 19 20 21 22 23 0
Execution time: 1988 ms

Elapsed time: 26356 ms


Execution #15/10000

Seed: 15
Estimated max possible cost 564.493783
for path: 
0 1 2 3 4 5 6 7 8 9 10 11 12 13 14 15 16 17 18 19 20 21 22 23 0
Execution time: 1570 ms

Elapsed time: 27926 ms


Execution #16/10000

Seed: 16
Estimated max possible cost 564.493783
for path: 
0 1 2 3 4 5 6 7 8 9 10 11 12 13 14 15 16 17 18 19 20 21 22 23 0
Execution time: 1828 ms

Elapsed time: 29754 ms


Execution #17/10000

Seed: 17
Estimated max possible cost 564.493783
for path: 
0 1 2 3 4 5 6 7 8 9 10 11 12 13 14 15 16 17 18 19 20 21 22 23 0
Execution time: 1801 ms

Elapsed time: 31555 ms


Execution #18/10000

Seed: 18
Estimated max possible cost 564.493783
for path: 
0 1 2 3 4 5 6 7 8 9 10 11 12 13 14 15 16 17 18 19 20 21 22 23 0
Execution time: 1894 ms

Elapsed time: 33449 ms


Execution #19/10000

Seed: 19
Estimated max possible cost 564.493783
for path: 
0 1 2 3 4 5 6 7 8 9 10 11 12 13 14 15 16 17 18 19 20 21 22 23 0
Execution time: 1937 ms

Elapsed time: 35386 ms


Execution #20/10000

Seed: 20
Estimated max possible cost 564.493783
for path: 
0 1 2 3 4 5 6 7 8 9 10 11 12 13 14 15 16 17 18 19 20 21 22 23 0
Execution time: 1818 ms

Elapsed time: 37204 ms


Execution #21/10000

Seed: 21
Estimated max possible cost 564.493783
for path: 
0 1 2 3 4 5 6 7 8 9 10 11 12 13 14 15 16 17 18 19 20 21 22 23 0
Execution time: 1774 ms

Elapsed time: 38978 ms


Execution #22/10000

Seed: 22
Estimated max possible cost 564.493783
for path: 
0 1 2 3 4 5 6 7 8 9 10 11 12 13 14 15 16 17 18 19 20 21 22 23 0
Execution time: 1862 ms

Elapsed time: 40840 ms


Execution #23/10000

Seed: 23
Estimated max possible cost 564.493783
for path: 
0 1 2 3 4 5 6 7 8 9 10 11 12 13 14 15 16 17 18 19 20 21 22 23 0
Execution time: 1781 ms

Elapsed time: 42621 ms


Execution #24/10000

Seed: 24
Estimated max possible cost 564.493783
for path: 
0 1 2 3 4 5 6 7 8 9 10 11 12 13 14 15 16 17 18 19 20 21 22 23 0
Execution time: 1734 ms

Elapsed time: 44355 ms


Execution #25/10000

Seed: 25
Estimated max possible cost 564.493783
for path: 
0 1 2 3 4 5 6 7 8 9 10 11 12 13 14 15 16 17 18 19 20 21 22 23 0
Execution time: 1825 ms

Elapsed time: 46180 ms


Execution #26/10000

Seed: 26
Estimated max possible cost 564.493783
for path: 
0 1 2 3 4 5 6 7 8 9 10 11 12 13 14 15 16 17 18 19 20 21 22 23 0
Execution time: 1889 ms

Elapsed time: 48069 ms


Execution #27/10000

Seed: 27
Estimated max possible cost 564.493783
for path: 
0 1 2 3 4 5 6 7 8 9 10 11 12 13 14 15 16 17 18 19 20 21 22 23 0
Execution time: 1763 ms

Elapsed time: 49832 ms


Execution #28/10000

Seed: 28
Estimated max possible cost 564.493783
for path: 
0 1 2 3 4 5 6 7 8 9 10 11 12 13 14 15 16 17 18 19 20 21 22 23 0
Execution time: 1968 ms

Elapsed time: 51800 ms


Execution #29/10000

Seed: 29
Estimated max possible cost 564.493783
for path: 
0 1 2 3 4 5 6 7 8 9 10 11 12 13 14 15 16 17 18 19 20 21 22 23 0
Execution time: 1822 ms

Elapsed time: 53622 ms


Execution #30/10000

Seed: 30
Estimated max possible cost 564.493783
for path: 
0 1 2 3 4 5 6 7 8 9 10 11 12 13 14 15 16 17 18 19 20 21 22 23 0
Execution time: 1936 ms

Elapsed time: 55558 ms


Execution #31/10000

Seed: 31
Estimated max possible cost 564.493783
for path: 
0 1 2 3 4 5 6 7 8 9 10 11 12 13 14 15 16 17 18 19 20 21 22 23 0
Execution time: 1806 ms

Elapsed time: 57364 ms


Execution #32/10000

Seed: 32
Estimated max possible cost 564.493783
for path: 
0 1 2 3 4 5 6 7 8 9 10 11 12 13 14 15 16 17 18 19 20 21 22 23 0
Execution time: 1859 ms

Elapsed time: 59223 ms


Execution #33/10000

Seed: 33
Estimated max possible cost 564.493783
for path: 
0 1 2 3 4 5 6 7 8 9 10 11 12 13 14 15 16 17 18 19 20 21 22 23 0
Execution time: 1727 ms

Elapsed time: 60950 ms


Execution #34/10000

Seed: 34
Estimated max possible cost 564.493783
for path: 
0 1 2 3 4 5 6 7 8 9 10 11 12 13 14 15 16 17 18 19 20 21 22 23 0
Execution time: 1964 ms

Elapsed time: 62914 ms


Execution #35/10000

Seed: 35
Estimated max possible cost 564.493783
for path: 
0 1 2 3 4 5 6 7 8 9 10 11 12 13 14 15 16 17 18 19 20 21 22 23 0
Execution time: 1862 ms

Elapsed time: 64776 ms


Execution #36/10000

Seed: 36
Estimated max possible cost 564.493783
for path: 
0 1 2 3 4 5 6 7 8 9 10 11 12 13 14 15 16 17 18 19 20 21 22 23 0
Execution time: 1906 ms

Elapsed time: 66682 ms


Execution #37/10000

Seed: 37
Estimated max possible cost 564.493783
for path: 
0 1 2 3 4 5 6 7 8 9 10 11 12 13 14 15 16 17 18 19 20 21 22 23 0
Execution time: 1777 ms

Elapsed time: 68459 ms


Execution #38/10000

Seed: 38
Estimated max possible cost 564.493783
for path: 
0 1 2 3 4 5 6 7 8 9 10 11 12 13 14 15 16 17 18 19 20 21 22 23 0
Execution time: 1781 ms

Elapsed time: 70240 ms


Execution #39/10000

Seed: 39
Estimated max possible cost 564.493783
for path: 
0 1 2 3 4 5 6 7 8 9 10 11 12 13 14 15 16 17 18 19 20 21 22 23 0
Execution time: 1835 ms

Elapsed time: 72075 ms


Execution #40/10000

Seed: 40
Estimated max possible cost 564.493783
for path: 
0 1 2 3 4 5 6 7 8 9 10 11 12 13 14 15 16 17 18 19 20 21 22 23 0
Execution time: 1942 ms

Elapsed time: 74017 ms


Execution #41/10000

Seed: 41
Estimated max possible cost 564.493783
for path: 
0 1 2 3 4 5 6 7 8 9 10 11 12 13 14 15 16 17 18 19 20 21 22 23 0
Execution time: 1897 ms

Elapsed time: 75914 ms


Execution #42/10000

Seed: 42
Estimated max possible cost 564.493783
for path: 
0 1 2 3 4 5 6 7 8 9 10 11 12 13 14 15 16 17 18 19 20 21 22 23 0
Execution time: 1914 ms

Elapsed time: 77828 ms


Execution #43/10000

Seed: 43
Estimated max possible cost 564.493783
for path: 
0 1 2 3 4 5 6 7 8 9 10 11 12 13 14 15 16 17 18 19 20 21 22 23 0
Execution time: 1730 ms

Elapsed time: 79558 ms


Execution #44/10000

Seed: 44
Estimated max possible cost 564.493783
for path: 
0 1 2 3 4 5 6 7 8 9 10 11 12 13 14 15 16 17 18 19 20 21 22 23 0
Execution time: 2064 ms

Elapsed time: 81622 ms


Execution #45/10000

Seed: 45
Estimated max possible cost 564.493783
for path: 
0 1 2 3 4 5 6 7 8 9 10 11 12 13 14 15 16 17 18 19 20 21 22 23 0
Execution time: 1841 ms

Elapsed time: 83463 ms


Execution #46/10000

Seed: 46
Estimated max possible cost 564.493783
for path: 
0 1 2 3 4 5 6 7 8 9 10 11 12 13 14 15 16 17 18 19 20 21 22 23 0
Execution time: 1935 ms

Elapsed time: 85398 ms


Execution #47/10000

Seed: 47
Estimated max possible cost 564.493783
for path: 
0 1 2 3 4 5 6 7 8 9 10 11 12 13 14 15 16 17 18 19 20 21 22 23 0
Execution time: 1882 ms

Elapsed time: 87280 ms


Execution #48/10000

Seed: 48
Estimated max possible cost 564.493783
for path: 
0 1 2 3 4 5 6 7 8 9 10 11 12 13 14 15 16 17 18 19 20 21 22 23 0
Execution time: 1919 ms

Elapsed time: 89199 ms


Execution #49/10000

Seed: 49
Estimated max possible cost 564.493783
for path: 
0 1 2 3 4 5 6 7 8 9 10 11 12 13 14 15 16 17 18 19 20 21 22 23 0
Execution time: 1742 ms

Elapsed time: 90941 ms


Execution #50/10000

Seed: 50
Estimated max possible cost 564.493783
for path: 
0 1 2 3 4 5 6 7 8 9 10 11 12 13 14 15 16 17 18 19 20 21 22 23 0
Execution time: 1891 ms

Elapsed time: 92832 ms


Execution #51/10000

Seed: 51
Estimated max possible cost 564.493783
for path: 
0 1 2 3 4 5 6 7 8 9 10 11 12 13 14 15 16 17 18 19 20 21 22 23 0
Execution time: 1803 ms

Elapsed time: 94635 ms


Execution #52/10000

Seed: 52
Estimated max possible cost 564.493783
for path: 
0 1 2 3 4 5 6 7 8 9 10 11 12 13 14 15 16 17 18 19 20 21 22 23 0
Execution time: 1781 ms

Elapsed time: 96416 ms


Execution #53/10000

Seed: 53
Estimated max possible cost 564.493783
for path: 
0 1 2 3 4 5 6 7 8 9 10 11 12 13 14 15 16 17 18 19 20 21 22 23 0
Execution time: 1879 ms

Elapsed time: 98295 ms


Execution #54/10000

Seed: 54
Estimated max possible cost 564.493783
for path: 
0 1 2 3 4 5 6 7 8 9 10 11 12 13 14 15 16 17 18 19 20 21 22 23 0
Execution time: 1824 ms

Elapsed time: 100119 ms


Execution #55/10000

Seed: 55
Estimated max possible cost 564.493783
for path: 
0 1 2 3 4 5 6 7 8 9 10 11 12 13 14 15 16 17 18 19 20 21 22 23 0
Execution time: 1737 ms

Elapsed time: 101856 ms


Execution #56/10000

Seed: 56
Estimated max possible cost 564.493783
for path: 
0 1 2 3 4 5 6 7 8 9 10 11 12 13 14 15 16 17 18 19 20 21 22 23 0
Execution time: 2003 ms

Elapsed time: 103859 ms


Execution #57/10000

Seed: 57
Estimated max possible cost 564.493783
for path: 
0 1 2 3 4 5 6 7 8 9 10 11 12 13 14 15 16 17 18 19 20 21 22 23 0
Execution time: 1836 ms

Elapsed time: 105695 ms


Execution #58/10000

Seed: 58
Estimated max possible cost 564.493783
for path: 
0 1 2 3 4 5 6 7 8 9 10 11 12 13 14 15 16 17 18 19 20 21 22 23 0
Execution time: 1824 ms

Elapsed time: 107519 ms


Execution #59/10000

Seed: 59
Estimated max possible cost 564.493783
for path: 
0 1 2 3 4 5 6 7 8 9 10 11 12 13 14 15 16 17 18 19 20 21 22 23 0
Execution time: 1867 ms

Elapsed time: 109386 ms


Execution #60/10000

Seed: 60
Estimated max possible cost 564.493783
for path: 
0 1 2 3 4 5 6 7 8 9 10 11 12 13 14 15 16 17 18 19 20 21 22 23 0
Execution time: 1955 ms

Elapsed time: 111341 ms


Execution #61/10000

Seed: 61
Estimated max possible cost 564.493783
for path: 
0 1 2 3 4 5 6 7 8 9 10 11 12 13 14 15 16 17 18 19 20 21 22 23 0
Execution time: 1772 ms

Elapsed time: 113113 ms


Execution #62/10000

Seed: 62
Estimated max possible cost 564.493783
for path: 
0 1 2 3 4 5 6 7 8 9 10 11 12 13 14 15 16 17 18 19 20 21 22 23 0
Execution time: 1873 ms

Elapsed time: 114986 ms


Execution #63/10000

Seed: 63
Estimated max possible cost 564.493783
for path: 
0 1 2 3 4 5 6 7 8 9 10 11 12 13 14 15 16 17 18 19 20 21 22 23 0
Execution time: 1818 ms

Elapsed time: 116804 ms


Execution #64/10000

Seed: 64
Estimated max possible cost 564.493783
for path: 
0 1 2 3 4 5 6 7 8 9 10 11 12 13 14 15 16 17 18 19 20 21 22 23 0
Execution time: 2018 ms

Elapsed time: 118822 ms


Execution #65/10000

Seed: 65
Estimated max possible cost 564.493783
for path: 
0 1 2 3 4 5 6 7 8 9 10 11 12 13 14 15 16 17 18 19 20 21 22 23 0
Execution time: 1867 ms

Elapsed time: 120689 ms


Execution #66/10000

Seed: 66
Estimated max possible cost 564.493783
for path: 
0 1 2 3 4 5 6 7 8 9 10 11 12 13 14 15 16 17 18 19 20 21 22 23 0
Execution time: 1912 ms

Elapsed time: 122601 ms


Execution #67/10000

Seed: 67
Estimated max possible cost 564.493783
for path: 
0 1 2 3 4 5 6 7 8 9 10 11 12 13 14 15 16 17 18 19 20 21 22 23 0
Execution time: 1856 ms

Elapsed time: 124457 ms


Execution #68/10000

Seed: 68
Estimated max possible cost 564.493783
for path: 
0 1 2 3 4 5 6 7 8 9 10 11 12 13 14 15 16 17 18 19 20 21 22 23 0
Execution time: 1948 ms

Elapsed time: 126405 ms


Execution #69/10000

Seed: 69
Estimated max possible cost 564.493783
for path: 
0 1 2 3 4 5 6 7 8 9 10 11 12 13 14 15 16 17 18 19 20 21 22 23 0
Execution time: 1817 ms

Elapsed time: 128222 ms


Execution #70/10000

Seed: 70
Estimated max possible cost 564.493783
for path: 
0 1 2 3 4 5 6 7 8 9 10 11 12 13 14 15 16 17 18 19 20 21 22 23 0
Execution time: 2047 ms

Elapsed time: 130269 ms


Execution #71/10000

Seed: 71
Estimated max possible cost 564.493783
for path: 
0 1 2 3 4 5 6 7 8 9 10 11 12 13 14 15 16 17 18 19 20 21 22 23 0
Execution time: 1800 ms

Elapsed time: 132069 ms


Execution #72/10000

Seed: 72
Estimated max possible cost 564.493783
for path: 
0 1 2 3 4 5 6 7 8 9 10 11 12 13 14 15 16 17 18 19 20 21 22 23 0
Execution time: 1988 ms

Elapsed time: 134057 ms


Execution #73/10000

Seed: 73
Estimated max possible cost 564.493783
for path: 
0 1 2 3 4 5 6 7 8 9 10 11 12 13 14 15 16 17 18 19 20 21 22 23 0
Execution time: 1756 ms

Elapsed time: 135813 ms


Execution #74/10000

Seed: 74
Estimated max possible cost 564.493783
for path: 
0 1 2 3 4 5 6 7 8 9 10 11 12 13 14 15 16 17 18 19 20 21 22 23 0
Execution time: 1820 ms

Elapsed time: 137633 ms


Execution #75/10000

Seed: 75
Estimated max possible cost 564.493783
for path: 
0 1 2 3 4 5 6 7 8 9 10 11 12 13 14 15 16 17 18 19 20 21 22 23 0
Execution time: 1762 ms

Elapsed time: 139395 ms


Execution #76/10000

Seed: 76
Estimated max possible cost 564.493783
for path: 
0 1 2 3 4 5 6 7 8 9 10 11 12 13 14 15 16 17 18 19 20 21 22 23 0
Execution time: 1826 ms

Elapsed time: 141221 ms


Execution #77/10000

Seed: 77
Estimated max possible cost 564.493783
for path: 
0 1 2 3 4 5 6 7 8 9 10 11 12 13 14 15 16 17 18 19 20 21 22 23 0
Execution time: 1809 ms

Elapsed time: 143030 ms


Execution #78/10000

Seed: 78
Estimated max possible cost 564.493783
for path: 
0 1 2 3 4 5 6 7 8 9 10 11 12 13 14 15 16 17 18 19 20 21 22 23 0
Execution time: 2053 ms

Elapsed time: 145083 ms


Execution #79/10000

Seed: 79
Estimated max possible cost 564.493783
for path: 
0 1 2 3 4 5 6 7 8 9 10 11 12 13 14 15 16 17 18 19 20 21 22 23 0
Execution time: 1880 ms

Elapsed time: 146963 ms


Execution #80/10000

Seed: 80
Estimated max possible cost 564.493783
for path: 
0 1 2 3 4 5 6 7 8 9 10 11 12 13 14 15 16 17 18 19 20 21 22 23 0
Execution time: 1915 ms

Elapsed time: 148878 ms


Execution #81/10000

Seed: 81
Estimated max possible cost 564.493783
for path: 
0 1 2 3 4 5 6 7 8 9 10 11 12 13 14 15 16 17 18 19 20 21 22 23 0
Execution time: 1803 ms

Elapsed time: 150681 ms


Execution #82/10000

Seed: 82
Estimated max possible cost 564.493783
for path: 
0 1 2 3 4 5 6 7 8 9 10 11 12 13 14 15 16 17 18 19 20 21 22 23 0
Execution time: 1869 ms

Elapsed time: 152550 ms


Execution #83/10000

Seed: 83
Estimated max possible cost 564.493783
for path: 
0 1 2 3 4 5 6 7 8 9 10 11 12 13 14 15 16 17 18 19 20 21 22 23 0
Execution time: 1665 ms

Elapsed time: 154215 ms


Execution #84/10000

Seed: 84
Estimated max possible cost 564.493783
for path: 
0 1 2 3 4 5 6 7 8 9 10 11 12 13 14 15 16 17 18 19 20 21 22 23 0
Execution time: 1929 ms

Elapsed time: 156144 ms


Execution #85/10000

Seed: 85
Estimated max possible cost 564.493783
for path: 
0 1 2 3 4 5 6 7 8 9 10 11 12 13 14 15 16 17 18 19 20 21 22 23 0
Execution time: 1800 ms

Elapsed time: 157944 ms


Execution #86/10000

Seed: 86
Estimated max possible cost 564.493783
for path: 
0 1 2 3 4 5 6 7 8 9 10 11 12 13 14 15 16 17 18 19 20 21 22 23 0
Execution time: 2031 ms

Elapsed time: 159975 ms


Execution #87/10000

Seed: 87
Estimated max possible cost 564.493783
for path: 
0 1 2 3 4 5 6 7 8 9 10 11 12 13 14 15 16 17 18 19 20 21 22 23 0
Execution time: 1777 ms

Elapsed time: 161752 ms


Execution #88/10000

Seed: 88
Estimated max possible cost 564.493783
for path: 
0 1 2 3 4 5 6 7 8 9 10 11 12 13 14 15 16 17 18 19 20 21 22 23 0
Execution time: 1873 ms

Elapsed time: 163625 ms


Execution #89/10000

Seed: 89
Estimated max possible cost 564.493783
for path: 
0 1 2 3 4 5 6 7 8 9 10 11 12 13 14 15 16 17 18 19 20 21 22 23 0
Execution time: 1817 ms

Elapsed time: 165442 ms


Execution #90/10000

Seed: 90
Estimated max possible cost 564.493783
for path: 
0 1 2 3 4 5 6 7 8 9 10 11 12 13 14 15 16 17 18 19 20 21 22 23 0
Execution time: 1978 ms

Elapsed time: 167420 ms


Execution #91/10000

Seed: 91
Estimated max possible cost 564.493783
for path: 
0 1 2 3 4 5 6 7 8 9 10 11 12 13 14 15 16 17 18 19 20 21 22 23 0
Execution time: 1744 ms

Elapsed time: 169164 ms


Execution #92/10000

Seed: 92
Estimated max possible cost 564.493783
for path: 
0 1 2 3 4 5 6 7 8 9 10 11 12 13 14 15 16 17 18 19 20 21 22 23 0
Execution time: 2008 ms

Elapsed time: 171172 ms


Execution #93/10000

Seed: 93
Estimated max possible cost 564.493783
for path: 
0 1 2 3 4 5 6 7 8 9 10 11 12 13 14 15 16 17 18 19 20 21 22 23 0
Execution time: 1750 ms

Elapsed time: 172922 ms


Execution #94/10000

Seed: 94
Estimated max possible cost 564.493783
for path: 
0 1 2 3 4 5 6 7 8 9 10 11 12 13 14 15 16 17 18 19 20 21 22 23 0
Execution time: 1954 ms

Elapsed time: 174876 ms


Execution #95/10000

Seed: 95
Estimated max possible cost 564.493783
for path: 
0 1 2 3 4 5 6 7 8 9 10 11 12 13 14 15 16 17 18 19 20 21 22 23 0
Execution time: 1742 ms

Elapsed time: 176618 ms


Execution #96/10000

Seed: 96
Estimated max possible cost 564.493783
for path: 
0 1 2 3 4 5 6 7 8 9 10 11 12 13 14 15 16 17 18 19 20 21 22 23 0
Execution time: 1831 ms

Elapsed time: 178449 ms


Execution #97/10000

Seed: 97
Estimated max possible cost 564.493783
for path: 
0 1 2 3 4 5 6 7 8 9 10 11 12 13 14 15 16 17 18 19 20 21 22 23 0
Execution time: 1733 ms

Elapsed time: 180182 ms


Execution #98/10000

Seed: 98
Estimated max possible cost 564.493783
for path: 
0 1 2 3 4 5 6 7 8 9 10 11 12 13 14 15 16 17 18 19 20 21 22 23 0
Execution time: 2044 ms

Elapsed time: 182226 ms


Execution #99/10000

Seed: 99
Estimated max possible cost 564.493783
for path: 
0 1 2 3 4 5 6 7 8 9 10 11 12 13 14 15 16 17 18 19 20 21 22 23 0
Execution time: 1729 ms

Elapsed time: 183955 ms


Execution #100/10000

Seed: 100
Estimated max possible cost 564.493783
for path: 
0 1 2 3 4 5 6 7 8 9 10 11 12 13 14 15 16 17 18 19 20 21 22 23 0
Execution time: 1959 ms

Elapsed time: 185914 ms


Execution #101/10000

Seed: 101
Estimated max possible cost 564.493783
for path: 
0 1 2 3 4 5 6 7 8 9 10 11 12 13 14 15 16 17 18 19 20 21 22 23 0
Execution time: 1706 ms

Elapsed time: 187620 ms


Execution #102/10000

Seed: 102
Estimated max possible cost 564.493783
for path: 
0 1 2 3 4 5 6 7 8 9 10 11 12 13 14 15 16 17 18 19 20 21 22 23 0
Execution time: 1848 ms

Elapsed time: 189468 ms


Execution #103/10000

Seed: 103
Estimated max possible cost 564.493783
for path: 
0 1 2 3 4 5 6 7 8 9 10 11 12 13 14 15 16 17 18 19 20 21 22 23 0
Execution time: 1879 ms

Elapsed time: 191347 ms


Execution #104/10000

Seed: 104
Estimated max possible cost 564.493783
for path: 
0 1 2 3 4 5 6 7 8 9 10 11 12 13 14 15 16 17 18 19 20 21 22 23 0
Execution time: 1780 ms

Elapsed time: 193127 ms


Execution #105/10000

Seed: 105
Estimated max possible cost 564.493783
for path: 
0 1 2 3 4 5 6 7 8 9 10 11 12 13 14 15 16 17 18 19 20 21 22 23 0
Execution time: 1822 ms

Elapsed time: 194949 ms


Execution #106/10000

Seed: 106
Estimated max possible cost 564.493783
for path: 
0 1 2 3 4 5 6 7 8 9 10 11 12 13 14 15 16 17 18 19 20 21 22 23 0
Execution time: 1891 ms

Elapsed time: 196840 ms


Execution #107/10000

Seed: 107
Estimated max possible cost 564.493783
for path: 
0 1 2 3 4 5 6 7 8 9 10 11 12 13 14 15 16 17 18 19 20 21 22 23 0
Execution time: 1888 ms

Elapsed time: 198728 ms


Execution #108/10000

Seed: 108
Estimated max possible cost 564.493783
for path: 
0 1 2 3 4 5 6 7 8 9 10 11 12 13 14 15 16 17 18 19 20 21 22 23 0
Execution time: 1767 ms

Elapsed time: 200495 ms


Execution #109/10000

Seed: 109
Estimated max possible cost 564.493783
for path: 
0 1 2 3 4 5 6 7 8 9 10 11 12 13 14 15 16 17 18 19 20 21 22 23 0
Execution time: 1758 ms

Elapsed time: 202253 ms


Execution #110/10000

Seed: 110
Estimated max possible cost 564.493783
for path: 
0 1 2 3 4 5 6 7 8 9 10 11 12 13 14 15 16 17 18 19 20 21 22 23 0
Execution time: 1857 ms

Elapsed time: 204110 ms


Execution #111/10000

Seed: 111
Estimated max possible cost 564.493783
for path: 
0 1 2 3 4 5 6 7 8 9 10 11 12 13 14 15 16 17 18 19 20 21 22 23 0
Execution time: 1789 ms

Elapsed time: 205899 ms


Execution #112/10000

Seed: 112
Estimated max possible cost 564.493783
for path: 
0 1 2 3 4 5 6 7 8 9 10 11 12 13 14 15 16 17 18 19 20 21 22 23 0
Execution time: 1938 ms

Elapsed time: 207837 ms


Execution #113/10000

Seed: 113
Estimated max possible cost 564.493783
for path: 
0 1 2 3 4 5 6 7 8 9 10 11 12 13 14 15 16 17 18 19 20 21 22 23 0
Execution time: 1799 ms

Elapsed time: 209636 ms


Execution #114/10000

Seed: 114
Estimated max possible cost 564.493783
for path: 
0 1 2 3 4 5 6 7 8 9 10 11 12 13 14 15 16 17 18 19 20 21 22 23 0
Execution time: 1905 ms

Elapsed time: 211541 ms


Execution #115/10000

Seed: 115
Estimated max possible cost 564.493783
for path: 
0 1 2 3 4 5 6 7 8 9 10 11 12 13 14 15 16 17 18 19 20 21 22 23 0
Execution time: 1894 ms

Elapsed time: 213435 ms


Execution #116/10000

Seed: 116
Estimated max possible cost 564.493783
for path: 
0 1 2 3 4 5 6 7 8 9 10 11 12 13 14 15 16 17 18 19 20 21 22 23 0
Execution time: 1882 ms

Elapsed time: 215317 ms


Execution #117/10000

Seed: 117
Estimated max possible cost 564.493783
for path: 
0 1 2 3 4 5 6 7 8 9 10 11 12 13 14 15 16 17 18 19 20 21 22 23 0
Execution time: 1708 ms

Elapsed time: 217025 ms


Execution #118/10000

Seed: 118
Estimated max possible cost 564.493783
for path: 
0 1 2 3 4 5 6 7 8 9 10 11 12 13 14 15 16 17 18 19 20 21 22 23 0
Execution time: 1797 ms

Elapsed time: 218822 ms


Execution #119/10000

Seed: 119
Estimated max possible cost 564.493783
for path: 
0 1 2 3 4 5 6 7 8 9 10 11 12 13 14 15 16 17 18 19 20 21 22 23 0
Execution time: 1769 ms

Elapsed time: 220591 ms


Execution #120/10000

Seed: 120
Estimated max possible cost 564.493783
for path: 
0 1 2 3 4 5 6 7 8 9 10 11 12 13 14 15 16 17 18 19 20 21 22 23 0
Execution time: 1982 ms

Elapsed time: 222573 ms


Execution #121/10000

Seed: 121
Estimated max possible cost 564.493783
for path: 
0 1 2 3 4 5 6 7 8 9 10 11 12 13 14 15 16 17 18 19 20 21 22 23 0
Execution time: 1822 ms

Elapsed time: 224395 ms


Execution #122/10000

Seed: 122
Estimated max possible cost 564.493783
for path: 
0 1 2 3 4 5 6 7 8 9 10 11 12 13 14 15 16 17 18 19 20 21 22 23 0
Execution time: 1907 ms

Elapsed time: 226302 ms


Execution #123/10000

Seed: 123
Estimated max possible cost 564.493783
for path: 
0 1 2 3 4 5 6 7 8 9 10 11 12 13 14 15 16 17 18 19 20 21 22 23 0
Execution time: 1808 ms

Elapsed time: 228110 ms


Execution #124/10000

Seed: 124
Estimated max possible cost 564.493783
for path: 
0 1 2 3 4 5 6 7 8 9 10 11 12 13 14 15 16 17 18 19 20 21 22 23 0
Execution time: 1927 ms

Elapsed time: 230037 ms


Execution #125/10000

Seed: 125
Estimated max possible cost 564.493783
for path: 
0 1 2 3 4 5 6 7 8 9 10 11 12 13 14 15 16 17 18 19 20 21 22 23 0
Execution time: 1758 ms

Elapsed time: 231795 ms


Execution #126/10000

Seed: 126
Estimated max possible cost 564.493783
for path: 
0 1 2 3 4 5 6 7 8 9 10 11 12 13 14 15 16 17 18 19 20 21 22 23 0
Execution time: 1836 ms

Elapsed time: 233631 ms


Execution #127/10000

Seed: 127
Estimated max possible cost 564.493783
for path: 
0 1 2 3 4 5 6 7 8 9 10 11 12 13 14 15 16 17 18 19 20 21 22 23 0
Execution time: 1875 ms

Elapsed time: 235506 ms


Execution #128/10000

Seed: 128
Estimated max possible cost 564.493783
for path: 
0 1 2 3 4 5 6 7 8 9 10 11 12 13 14 15 16 17 18 19 20 21 22 23 0
Execution time: 1894 ms

Elapsed time: 237400 ms


Execution #129/10000

Seed: 129
Estimated max possible cost 564.493783
for path: 
0 1 2 3 4 5 6 7 8 9 10 11 12 13 14 15 16 17 18 19 20 21 22 23 0
Execution time: 1772 ms

Elapsed time: 239172 ms


Execution #130/10000

Seed: 130
Estimated max possible cost 564.493783
for path: 
0 1 2 3 4 5 6 7 8 9 10 11 12 13 14 15 16 17 18 19 20 21 22 23 0
Execution time: 1853 ms

Elapsed time: 241025 ms


Execution #131/10000

Seed: 131
Estimated max possible cost 564.493783
for path: 
0 1 2 3 4 5 6 7 8 9 10 11 12 13 14 15 16 17 18 19 20 21 22 23 0
Execution time: 1855 ms

Elapsed time: 242880 ms


Execution #132/10000

Seed: 132
Estimated max possible cost 564.493783
for path: 
0 1 2 3 4 5 6 7 8 9 10 11 12 13 14 15 16 17 18 19 20 21 22 23 0
Execution time: 1932 ms

Elapsed time: 244812 ms


Execution #133/10000

Seed: 133
Estimated max possible cost 564.493783
for path: 
0 1 2 3 4 5 6 7 8 9 10 11 12 13 14 15 16 17 18 19 20 21 22 23 0
Execution time: 1912 ms

Elapsed time: 246724 ms


Execution #134/10000

Seed: 134
Estimated max possible cost 564.493783
for path: 
0 1 2 3 4 5 6 7 8 9 10 11 12 13 14 15 16 17 18 19 20 21 22 23 0
Execution time: 1888 ms

Elapsed time: 248612 ms


Execution #135/10000

Seed: 135
Estimated max possible cost 564.493783
for path: 
0 1 2 3 4 5 6 7 8 9 10 11 12 13 14 15 16 17 18 19 20 21 22 23 0
Execution time: 1883 ms

Elapsed time: 250495 ms


Execution #136/10000

Seed: 136
Estimated max possible cost 564.493783
for path: 
0 1 2 3 4 5 6 7 8 9 10 11 12 13 14 15 16 17 18 19 20 21 22 23 0
Execution time: 1806 ms

Elapsed time: 252301 ms


Execution #137/10000

Seed: 137
Estimated max possible cost 564.493783
for path: 
0 1 2 3 4 5 6 7 8 9 10 11 12 13 14 15 16 17 18 19 20 21 22 23 0
Execution time: 1797 ms

Elapsed time: 254098 ms


Execution #138/10000

Seed: 138
Estimated max possible cost 564.493783
for path: 
0 1 2 3 4 5 6 7 8 9 10 11 12 13 14 15 16 17 18 19 20 21 22 23 0
Execution time: 1819 ms

Elapsed time: 255917 ms


Execution #139/10000

Seed: 139
Estimated max possible cost 564.493783
for path: 
0 1 2 3 4 5 6 7 8 9 10 11 12 13 14 15 16 17 18 19 20 21 22 23 0
Execution time: 1734 ms

Elapsed time: 257651 ms


Execution #140/10000

Seed: 140
Estimated max possible cost 564.493783
for path: 
0 1 2 3 4 5 6 7 8 9 10 11 12 13 14 15 16 17 18 19 20 21 22 23 0
Execution time: 1963 ms

Elapsed time: 259614 ms


Execution #141/10000

Seed: 141
Estimated max possible cost 564.493783
for path: 
0 1 2 3 4 5 6 7 8 9 10 11 12 13 14 15 16 17 18 19 20 21 22 23 0
Execution time: 1865 ms

Elapsed time: 261479 ms


Execution #142/10000

Seed: 142
Estimated max possible cost 564.493783
for path: 
0 1 2 3 4 5 6 7 8 9 10 11 12 13 14 15 16 17 18 19 20 21 22 23 0
Execution time: 2020 ms

Elapsed time: 263499 ms


Execution #143/10000

Seed: 143
Estimated max possible cost 564.493783
for path: 
