Solving TSP


Execution #1/10000

Seed: 1
Estimated max possible cost 569.462243
for path: 
0 1 2 3 4 5 6 7 8 9 10 11 12 13 14 15 16 17 18 19 20 21 22 23 24 25 0
Memory needed for path: 113509025 locs, for costs: 111435000 locs.
Desired precision: 1e+12
Mem constraint for cost_t: 64 bits
Rounded to pow of 2 bytes mem constraint (capped at 64bits) for cost_t: 64 bits
Bits needed for an int to preserve precision: 49
Bits used per cost_t: 49
Selected cost_t = (u)int64_t
Solving with cost_t = y
Memory [GB] needed: 0.935969
Distances:
0, 5.08, 242.54, 232.423, 228.124, 218.013, 212.172, 212.044, 211.947, 211.88, 211.843, 211.837, 211.862, 211.917, 212.002, 212.117, 212.263, 212.44, 212.646, 212.882, 213.149, 196.958, 196.821, 196.716, 196.643, 196.604, 
5.08, 0, 247.599, 237.481, 233.181, 223.068, 217.244, 217.119, 217.024, 216.959, 216.923, 216.917, 216.941, 216.995, 217.078, 217.191, 217.333, 217.505, 217.707, 217.938, 218.198, 202.029, 201.895, 201.793, 201.722, 201.684, 
242.54, 247.599, 0, 10.16, 14.478, 24.638, 31.3255, 32.219, 33.2827, 34.501, 35.8581, 37.3389, 38.9292, 40.6162, 42.3883, 44.2354, 46.1484, 48.1194, 50.1417, 52.2092, 54.3168, 46.0364, 46.649, 47.3899, 48.2533, 49.2328, 
232.423, 237.481, 10.16, 0, 4.318, 14.478, 21.9236, 23.1823, 24.6393, 26.2617, 28.0207, 29.8922, 31.8565, 33.8973, 36.0018, 38.1592, 40.3612, 42.6009, 44.8725, 47.1716, 49.4942, 36.1805, 36.9568, 37.8877, 38.9623, 40.169, 
228.124, 233.181, 14.478, 4.318, 0, 10.16, 18.1765, 19.6764, 21.3738, 23.2254, 25.1973, 27.2633, 29.4037, 31.6034, 33.8507, 36.1368, 38.4548, 40.7992, 43.1658, 45.5511, 47.9522, 32.0493, 32.9231, 33.9648, 35.1595, 36.4921, 
218.013, 223.068, 24.638, 14.478, 10.16, 0, 11.1326, 13.4428, 15.8236, 18.2474, 20.6991, 23.1698, 25.654, 28.1482, 30.6499, 33.1575, 35.6696, 38.1854, 40.7042, 43.2255, 45.7489, 22.606, 23.8287, 25.2484, 26.834, 28.5578, 
212.172, 217.244, 31.3255, 21.9236, 18.1765, 11.1326, 0, 2.54, 5.08, 7.62, 10.16, 12.7, 15.24, 17.78, 20.32, 22.86, 25.4, 27.94, 30.48, 33.02, 35.56, 15.24, 15.4502, 16.0644, 17.0388, 18.3162, 
212.044, 217.119, 32.219, 23.1823, 19.6764, 13.4428, 2.54, 0, 2.54, 5.08, 7.62, 10.16, 12.7, 15.24, 17.78, 20.32, 22.86, 25.4, 27.94, 30.48, 33.02, 15.4502, 15.24, 15.4502, 16.0644, 17.0388, 
211.947, 217.024, 33.2827, 24.6393, 21.3738, 15.8236, 5.08, 2.54, 0, 2.54, 5.08, 7.62, 10.16, 12.7, 15.24, 17.78, 20.32, 22.86, 25.4, 27.94, 30.48, 16.0644, 15.4502, 15.24, 15.4502, 16.0644, 
211.88, 216.959, 34.501, 26.2617, 23.2254, 18.2474, 7.62, 5.08, 2.54, 0, 2.54, 5.08, 7.62, 10.16, 12.7, 15.24, 17.78, 20.32, 22.86, 25.4, 27.94, 17.0388, 16.0644, 15.4502, 15.24, 15.4502, 
211.843, 216.923, 35.8581, 28.0207, 25.1973, 20.6991, 10.16, 7.62, 5.08, 2.54, 0, 2.54, 5.08, 7.62, 10.16, 12.7, 15.24, 17.78, 20.32, 22.86, 25.4, 18.3162, 17.0388, 16.0644, 15.4502, 15.24, 
211.837, 216.917, 37.3389, 29.8922, 27.2633, 23.1698, 12.7, 10.16, 7.62, 5.08, 2.54, 0, 2.54, 5.08, 7.62, 10.16, 12.7, 15.24, 17.78, 20.32, 22.86, 19.838, 18.3162, 17.0388, 16.0644, 15.4502, 
211.862, 216.941, 38.9292, 31.8565, 29.4037, 25.654, 15.24, 12.7, 10.16, 7.62, 5.08, 2.54, 0, 2.54, 5.08, 7.62, 10.16, 12.7, 15.24, 17.78, 20.32, 21.5526, 19.838, 18.3162, 17.0388, 16.0644, 
211.917, 216.995, 40.6162, 33.8973, 31.6034, 28.1482, 17.78, 15.24, 12.7, 10.16, 7.62, 5.08, 2.54, 0, 2.54, 5.08, 7.62, 10.16, 12.7, 15.24, 17.78, 23.4176, 21.5526, 19.838, 18.3162, 17.0388, 
212.002, 217.078, 42.3883, 36.0018, 33.8507, 30.6499, 20.32, 17.78, 15.24, 12.7, 10.16, 7.62, 5.08, 2.54, 0, 2.54, 5.08, 7.62, 10.16, 12.7, 15.24, 25.4, 23.4176, 21.5526, 19.838, 18.3162, 
212.117, 217.191, 44.2354, 38.1592, 36.1368, 33.1575, 22.86, 20.32, 17.78, 15.24, 12.7, 10.16, 7.62, 5.08, 2.54, 0, 2.54, 5.08, 7.62, 10.16, 12.7, 27.4743, 25.4, 23.4176, 21.5526, 19.838, 
212.263, 217.333, 46.1484, 40.3612, 38.4548, 35.6696, 25.4, 22.86, 20.32, 17.78, 15.24, 12.7, 10.16, 7.62, 5.08, 2.54, 0, 2.54, 5.08, 7.62, 10.16, 29.6212, 27.4743, 25.4, 23.4176, 21.5526, 
212.44, 217.505, 48.1194, 42.6009, 40.7992, 38.1854, 27.94, 25.4, 22.86, 20.32, 17.78, 15.24, 12.7, 10.16, 7.62, 5.08, 2.54, 0, 2.54, 5.08, 7.62, 31.8261, 29.6212, 27.4743, 25.4, 23.4176, 
212.646, 217.707, 50.1417, 44.8725, 43.1658, 40.7042, 30.48, 27.94, 25.4, 22.86, 20.32, 17.78, 15.24, 12.7, 10.16, 7.62, 5.08, 2.54, 0, 2.54, 5.08, 34.0777, 31.8261, 29.6212, 27.4743, 25.4, 
212.882, 217.938, 52.2092, 47.1716, 45.5511, 43.2255, 33.02, 30.48, 27.94, 25.4, 22.86, 20.32, 17.78, 15.24, 12.7, 10.16, 7.62, 5.08, 2.54, 0, 2.54, 36.3673, 34.0777, 31.8261, 29.6212, 27.4743, 
213.149, 218.198, 54.3168, 49.4942, 47.9522, 45.7489, 35.56, 33.02, 30.48, 27.94, 25.4, 22.86, 20.32, 17.78, 15.24, 12.7, 10.16, 7.62, 5.08, 2.54, 0, 38.6881, 36.3673, 34.0777, 31.8261, 29.6212, 
196.958, 202.029, 46.0364, 36.1805, 32.0493, 22.606, 15.24, 15.4502, 16.0644, 17.0388, 18.3162, 19.838, 21.5526, 23.4176, 25.4, 27.4743, 29.6212, 31.8261, 34.0777, 36.3673, 38.6881, 0, 2.54, 5.08, 7.62, 10.16, 
196.821, 201.895, 46.649, 36.9568, 32.9231, 23.8287, 15.4502, 15.24, 15.4502, 16.0644, 17.0388, 18.3162, 19.838, 21.5526, 23.4176, 25.4, 27.4743, 29.6212, 31.8261, 34.0777, 36.3673, 2.54, 0, 2.54, 5.08, 7.62, 
196.716, 201.793, 47.3899, 37.8877, 33.9648, 25.2484, 16.0644, 15.4502, 15.24, 15.4502, 16.0644, 17.0388, 18.3162, 19.838, 21.5526, 23.4176, 25.4, 27.4743, 29.6212, 31.8261, 34.0777, 5.08, 2.54, 0, 2.54, 5.08, 
196.643, 201.722, 48.2533, 38.9623, 35.1595, 26.834, 17.0388, 16.0644, 15.4502, 15.24, 15.4502, 16.0644, 17.0388, 18.3162, 19.838, 21.5526, 23.4176, 25.4, 27.4743, 29.6212, 31.8261, 7.62, 5.08, 2.54, 0, 2.54, 
196.604, 201.684, 49.2328, 40.169, 36.4921, 28.5578, 18.3162, 17.0388, 16.0644, 15.4502, 15.24, 15.4502, 16.0644, 17.0388, 18.3162, 19.838, 21.5526, 23.4176, 25.4, 27.4743, 29.6212, 10.16, 7.62, 5.08, 2.54, 0, 
Scaled Distances:
0, 8.85016e+16, 8.36235e+18, 8.00984e+18, 7.86007e+18, 7.50776e+18, 7.30425e+18, 7.29979e+18, 7.2964e+18, 7.29407e+18, 7.29279e+18, 7.29258e+18, 7.29343e+18, 7.29534e+18, 7.29831e+18, 7.30234e+18, 7.30742e+18, 7.31356e+18, 7.32076e+18, 7.329e+18, 7.33828e+18, 6.77414e+18, 6.76935e+18, 6.76569e+18, 6.76318e+18, 6.7618e+18, 
8.85016e+16, 0, 8.53865e+18, 8.18608e+18, 8.03628e+18, 7.6839e+18, 7.48097e+18, 7.47663e+18, 7.47331e+18, 7.47103e+18, 7.46979e+18, 7.46958e+18, 7.47041e+18, 7.47228e+18, 7.47518e+18, 7.47911e+18, 7.48408e+18, 7.49008e+18, 7.4971e+18, 7.50515e+18, 7.51422e+18, 6.95083e+18, 6.94615e+18, 6.94259e+18, 6.94014e+18, 6.9388e+18, 
8.36235e+18, 8.53865e+18, 0, 2.65505e+17, 4.15958e+17, 7.69964e+17, 1.00298e+18, 1.03411e+18, 1.07117e+18, 1.11362e+18, 1.16091e+18, 1.2125e+18, 1.26791e+18, 1.32669e+18, 1.38844e+18, 1.4528e+18, 1.51945e+18, 1.58813e+18, 1.65859e+18, 1.73063e+18, 1.80407e+18, 1.51555e+18, 1.5369e+18, 1.56271e+18, 1.5928e+18, 1.62692e+18, 
8.00984e+18, 8.18608e+18, 2.65505e+17, 0, 6.19511e+16, 4.15958e+17, 6.75386e+17, 7.19242e+17, 7.7001e+17, 8.26538e+17, 8.87828e+17, 9.53039e+17, 1.02148e+18, 1.09259e+18, 1.16591e+18, 1.24109e+18, 1.31781e+18, 1.39585e+18, 1.475e+18, 1.5551e+18, 1.63603e+18, 1.17214e+18, 1.19919e+18, 1.23163e+18, 1.26907e+18, 1.31111e+18, 
7.86007e+18, 8.03628e+18, 4.15958e+17, 6.19511e+16, 0, 2.65505e+17, 5.44826e+17, 5.97086e+17, 6.56228e+17, 7.20744e+17, 7.89451e+17, 8.61439e+17, 9.36017e+17, 1.01266e+18, 1.09096e+18, 1.17062e+18, 1.25138e+18, 1.33307e+18, 1.41553e+18, 1.49864e+18, 1.58231e+18, 1.0282e+18, 1.05864e+18, 1.09494e+18, 1.13657e+18, 1.183e+18, 
7.50776e+18, 7.6839e+18, 7.69964e+17, 4.15958e+17, 2.65505e+17, 0, 2.99394e+17, 3.79889e+17, 4.62843e+17, 5.47295e+17, 6.32719e+17, 7.18806e+17, 8.05365e+17, 8.92271e+17, 9.79438e+17, 1.06681e+18, 1.15434e+18, 1.242e+18, 1.32976e+18, 1.41761e+18, 1.50554e+18, 6.99163e+17, 7.41764e+17, 7.91233e+17, 8.46479e+17, 9.06542e+17, 
7.30425e+18, 7.48097e+18, 1.00298e+18, 6.75386e+17, 5.44826e+17, 2.99394e+17, 0, 248, 8.85016e+16, 1.77003e+17, 2.65505e+17, 3.54007e+17, 4.42508e+17, 5.3101e+17, 6.19511e+17, 7.08013e+17, 7.96515e+17, 8.85016e+17, 9.73518e+17, 1.06202e+18, 1.15052e+18, 4.42508e+17, 4.49833e+17, 4.71232e+17, 5.05185e+17, 5.49693e+17, 
7.29979e+18, 7.47663e+18, 1.03411e+18, 7.19242e+17, 5.97086e+17, 3.79889e+17, 248, 0, 248, 8.85016e+16, 1.77003e+17, 2.65505e+17, 3.54007e+17, 4.42508e+17, 5.3101e+17, 6.19511e+17, 7.08013e+17, 7.96515e+17, 8.85016e+17, 9.73518e+17, 1.06202e+18, 4.49833e+17, 4.42508e+17, 4.49833e+17, 4.71232e+17, 5.05185e+17, 
7.2964e+18, 7.47331e+18, 1.07117e+18, 7.7001e+17, 6.56228e+17, 4.62843e+17, 8.85016e+16, 248, 0, 248, 8.85016e+16, 1.77003e+17, 2.65505e+17, 3.54007e+17, 4.42508e+17, 5.3101e+17, 6.19511e+17, 7.08013e+17, 7.96515e+17, 8.85016e+17, 9.73518e+17, 4.71232e+17, 4.49833e+17, 4.42508e+17, 4.49833e+17, 4.71232e+17, 
7.29407e+18, 7.47103e+18, 1.11362e+18, 8.26538e+17, 7.20744e+17, 5.47295e+17, 1.77003e+17, 8.85016e+16, 248, 0, 248, 8.85016e+16, 1.77003e+17, 2.65505e+17, 3.54007e+17, 4.42508e+17, 5.3101e+17, 6.19511e+17, 7.08013e+17, 7.96515e+17, 8.85016e+17, 5.05185e+17, 4.71232e+17, 4.49833e+17, 4.42508e+17, 4.49833e+17, 
7.29279e+18, 7.46979e+18, 1.16091e+18, 8.87828e+17, 7.89451e+17, 6.32719e+17, 2.65505e+17, 1.77003e+17, 8.85016e+16, 248, 0, 248, 8.85016e+16, 1.77003e+17, 2.65505e+17, 3.54007e+17, 4.42508e+17, 5.3101e+17, 6.19511e+17, 7.08013e+17, 7.96515e+17, 5.49693e+17, 5.05185e+17, 4.71232e+17, 4.49833e+17, 4.42508e+17, 
7.29258e+18, 7.46958e+18, 1.2125e+18, 9.53039e+17, 8.61439e+17, 7.18806e+17, 3.54007e+17, 2.65505e+17, 1.77003e+17, 8.85016e+16, 248, 0, 248, 8.85016e+16, 1.77003e+17, 2.65505e+17, 3.54007e+17, 4.42508e+17, 5.3101e+17, 6.19511e+17, 7.08013e+17, 6.02718e+17, 5.49693e+17, 5.05185e+17, 4.71232e+17, 4.49833e+17, 
7.29343e+18, 7.47041e+18, 1.26791e+18, 1.02148e+18, 9.36017e+17, 8.05365e+17, 4.42508e+17, 3.54007e+17, 2.65505e+17, 1.77003e+17, 8.85016e+16, 248, 0, 495, 8.85016e+16, 1.77003e+17, 2.65505e+17, 3.54007e+17, 4.42508e+17, 5.3101e+17, 6.19511e+17, 6.6246e+17, 6.02718e+17, 5.49693e+17, 5.05185e+17, 4.71232e+17, 
7.29534e+18, 7.47228e+18, 1.32669e+18, 1.09259e+18, 1.01266e+18, 8.92271e+17, 5.3101e+17, 4.42508e+17, 3.54007e+17, 2.65505e+17, 1.77003e+17, 8.85016e+16, 495, 0, 248, 8.85016e+16, 1.77003e+17, 2.65505e+17, 3.54007e+17, 4.42508e+17, 5.3101e+17, 7.27443e+17, 6.6246e+17, 6.02718e+17, 5.49693e+17, 5.05185e+17, 
7.29831e+18, 7.47518e+18, 1.38844e+18, 1.16591e+18, 1.09096e+18, 9.79438e+17, 6.19511e+17, 5.3101e+17, 4.42508e+17, 3.54007e+17, 2.65505e+17, 1.77003e+17, 8.85016e+16, 248, 0, 0, 8.85016e+16, 1.77003e+17, 2.65505e+17, 3.54007e+17, 4.42508e+17, 7.96515e+17, 7.27443e+17, 6.6246e+17, 6.02718e+17, 5.49693e+17, 
7.30234e+18, 7.47911e+18, 1.4528e+18, 1.24109e+18, 1.17062e+18, 1.06681e+18, 7.08013e+17, 6.19511e+17, 5.3101e+17, 4.42508e+17, 3.54007e+17, 2.65505e+17, 1.77003e+17, 8.85016e+16, 0, 0, 495, 8.85016e+16, 1.77003e+17, 2.65505e+17, 3.54007e+17, 8.6879e+17, 7.96515e+17, 7.27443e+17, 6.6246e+17, 6.02718e+17, 
7.30742e+18, 7.48408e+18, 1.51945e+18, 1.31781e+18, 1.25138e+18, 1.15434e+18, 7.96515e+17, 7.08013e+17, 6.19511e+17, 5.3101e+17, 4.42508e+17, 3.54007e+17, 2.65505e+17, 1.77003e+17, 8.85016e+16, 495, 0, 495, 8.85016e+16, 1.77003e+17, 2.65505e+17, 9.43596e+17, 8.6879e+17, 7.96515e+17, 7.27443e+17, 6.6246e+17, 
7.31356e+18, 7.49008e+18, 1.58813e+18, 1.39585e+18, 1.33307e+18, 1.242e+18, 8.85016e+17, 7.96515e+17, 7.08013e+17, 6.19511e+17, 5.3101e+17, 4.42508e+17, 3.54007e+17, 2.65505e+17, 1.77003e+17, 8.85016e+16, 495, 0, 0, 8.85016e+16, 1.77003e+17, 1.02042e+18, 9.43596e+17, 8.6879e+17, 7.96515e+17, 7.27443e+17, 
7.32076e+18, 7.4971e+18, 1.65859e+18, 1.475e+18, 1.41553e+18, 1.32976e+18, 9.73518e+17, 8.85016e+17, 7.96515e+17, 7.08013e+17, 6.19511e+17, 5.3101e+17, 4.42508e+17, 3.54007e+17, 2.65505e+17, 1.77003e+17, 8.85016e+16, 0, 0, 495, 8.85016e+16, 1.09887e+18, 1.02042e+18, 9.43596e+17, 8.6879e+17, 7.96515e+17, 
7.329e+18, 7.50515e+18, 1.73063e+18, 1.5551e+18, 1.49864e+18, 1.41761e+18, 1.06202e+18, 9.73518e+17, 8.85016e+17, 7.96515e+17, 7.08013e+17, 6.19511e+17, 5.3101e+17, 4.42508e+17, 3.54007e+17, 2.65505e+17, 1.77003e+17, 8.85016e+16, 495, 0, 0, 1.17865e+18, 1.09887e+18, 1.02042e+18, 9.43596e+17, 8.6879e+17, 
7.33828e+18, 7.51422e+18, 1.80407e+18, 1.63603e+18, 1.58231e+18, 1.50554e+18, 1.15052e+18, 1.06202e+18, 9.73518e+17, 8.85016e+17, 7.96515e+17, 7.08013e+17, 6.19511e+17, 5.3101e+17, 4.42508e+17, 3.54007e+17, 2.65505e+17, 1.77003e+17, 8.85016e+16, 0, 0, 1.25951e+18, 1.17865e+18, 1.09887e+18, 1.02042e+18, 9.43596e+17, 
6.77414e+18, 6.95083e+18, 1.51555e+18, 1.17214e+18, 1.0282e+18, 6.99163e+17, 4.42508e+17, 4.49833e+17, 4.71232e+17, 5.05185e+17, 5.49693e+17, 6.02718e+17, 6.6246e+17, 7.27443e+17, 7.96515e+17, 8.6879e+17, 9.43596e+17, 1.02042e+18, 1.09887e+18, 1.17865e+18, 1.25951e+18, 0, 248, 8.85016e+16, 1.77003e+17, 2.65505e+17, 
6.76935e+18, 6.94615e+18, 1.5369e+18, 1.19919e+18, 1.05864e+18, 7.41764e+17, 4.49833e+17, 4.42508e+17, 4.49833e+17, 4.71232e+17, 5.05185e+17, 5.49693e+17, 6.02718e+17, 6.6246e+17, 7.27443e+17, 7.96515e+17, 8.6879e+17, 9.43596e+17, 1.02042e+18, 1.09887e+18, 1.17865e+18, 248, 0, 248, 8.85016e+16, 1.77003e+17, 
6.76569e+18, 6.94259e+18, 1.56271e+18, 1.23163e+18, 1.09494e+18, 7.91233e+17, 4.71232e+17, 4.49833e+17, 4.42508e+17, 4.49833e+17, 4.71232e+17, 5.05185e+17, 5.49693e+17, 6.02718e+17, 6.6246e+17, 7.27443e+17, 7.96515e+17, 8.6879e+17, 9.43596e+17, 1.02042e+18, 1.09887e+18, 8.85016e+16, 248, 0, 248, 8.85016e+16, 
6.76318e+18, 6.94014e+18, 1.5928e+18, 1.26907e+18, 1.13657e+18, 8.46479e+17, 5.05185e+17, 4.71232e+17, 4.49833e+17, 4.42508e+17, 4.49833e+17, 4.71232e+17, 5.05185e+17, 5.49693e+17, 6.02718e+17, 6.6246e+17, 7.27443e+17, 7.96515e+17, 8.6879e+17, 9.43596e+17, 1.02042e+18, 1.77003e+17, 8.85016e+16, 248, 0, 248, 
6.7618e+18, 6.9388e+18, 1.62692e+18, 1.31111e+18, 1.183e+18, 9.06542e+17, 5.49693e+17, 5.05185e+17, 4.71232e+17, 4.49833e+17, 4.42508e+17, 4.49833e+17, 4.71232e+17, 5.05185e+17, 5.49693e+17, 6.02718e+17, 6.6246e+17, 7.27443e+17, 7.96515e+17, 8.6879e+17, 9.43596e+17, 2.65505e+17, 1.77003e+17, 8.85016e+16, 248, 0, 
Optimal total distance (scaled) for 26 points: 1.66596e+19
Optimal total distance for 26 points: 544.171981
Corresponding path (0-indexed):
Point #25
Point #0
Point #1
Point #20
Point #19
Point #18
Point #17
Point #16
Point #15
Point #14
Point #13
Point #12
Point #11
Point #10
Point #9
Point #8
Point #7
Point #6
Point #2
Point #3
Point #4
Point #5
Point #21
Point #22
Point #23
Point #24
Point #25
Execution time: 7263 ms

Elapsed time: 7263 ms


Execution #2/10000

Seed: 2
Estimated max possible cost 569.462243
for path: 
0 1 2 3 4 5 6 7 8 9 10 11 12 13 14 15 16 17 18 19 20 21 22 23 24 25 0
Execution time: 4738 ms

Elapsed time: 12001 ms


Execution #3/10000

Seed: 3
Estimated max possible cost 569.462243
for path: 
0 1 2 3 4 5 6 7 8 9 10 11 12 13 14 15 16 17 18 19 20 21 22 23 24 25 0
Execution time: 5877 ms

Elapsed time: 17878 ms


Execution #4/10000

Seed: 4
Estimated max possible cost 569.462243
for path: 
0 1 2 3 4 5 6 7 8 9 10 11 12 13 14 15 16 17 18 19 20 21 22 23 24 25 0
Execution time: 6222 ms

Elapsed time: 24100 ms


Terminating due to timeout: 24100 ms >= 20000 ms

Executed runs: 3/10000
Total execution time: 24.1 s
Avg execution time: 8033.33 ms
