Solving TSP


Execution #1/10000

Seed: 1
Estimated max possible cost 574.561931
for path: 
0 1 2 3 4 5 6 7 8 9 10 11 12 13 14 15 16 17 18 19 20 21 22 23 24 25 26 27 0
Memory needed for path: 504802935 locs, for costs: 469364220 locs.
Desired precision: 1e+12
Mem constraint for cost_t: 64 bits
Rounded to pow of 2 bytes mem constraint (capped at 64bits) for cost_t: 64 bits
Bits needed for an int to preserve precision: 49
Bits used per cost_t: 49
Selected cost_t = (u)int64_t
Solving with cost_t = y
Memory [GB] needed: 3.96717
Distances:
0, 5.08, 242.54, 232.423, 228.124, 218.013, 212.172, 212.044, 211.947, 211.88, 211.843, 211.837, 211.862, 211.917, 212.002, 212.117, 212.263, 212.44, 212.646, 212.882, 213.149, 196.958, 196.821, 196.716, 196.643, 196.604, 196.597, 196.624, 
5.08, 0, 247.599, 237.481, 233.181, 223.068, 217.244, 217.119, 217.024, 216.959, 216.923, 216.917, 216.941, 216.995, 217.078, 217.191, 217.333, 217.505, 217.707, 217.938, 218.198, 202.029, 201.895, 201.793, 201.722, 201.684, 201.677, 201.703, 
242.54, 247.599, 0, 10.16, 14.478, 24.638, 31.3255, 32.219, 33.2827, 34.501, 35.8581, 37.3389, 38.9292, 40.6162, 42.3883, 44.2354, 46.1484, 48.1194, 50.1417, 52.2092, 54.3168, 46.0364, 46.649, 47.3899, 48.2533, 49.2328, 50.3215, 51.5126, 
232.423, 237.481, 10.16, 0, 4.318, 14.478, 21.9236, 23.1823, 24.6393, 26.2617, 28.0207, 29.8922, 31.8565, 33.8973, 36.0018, 38.1592, 40.3612, 42.6009, 44.8725, 47.1716, 49.4942, 36.1805, 36.9568, 37.8877, 38.9623, 40.169, 41.4962, 42.9328, 
228.124, 233.181, 14.478, 4.318, 0, 10.16, 18.1765, 19.6764, 21.3738, 23.2254, 25.1973, 27.2633, 29.4037, 31.6034, 33.8507, 36.1368, 38.4548, 40.7992, 43.1658, 45.5511, 47.9522, 32.0493, 32.9231, 33.9648, 35.1595, 36.4921, 37.9481, 39.5139, 
218.013, 223.068, 24.638, 14.478, 10.16, 0, 11.1326, 13.4428, 15.8236, 18.2474, 20.6991, 23.1698, 25.654, 28.1482, 30.6499, 33.1575, 35.6696, 38.1854, 40.7042, 43.2255, 45.7489, 22.606, 23.8287, 25.2484, 26.834, 28.5578, 30.3963, 32.3299, 
212.172, 217.244, 31.3255, 21.9236, 18.1765, 11.1326, 0, 2.54, 5.08, 7.62, 10.16, 12.7, 15.24, 17.78, 20.32, 22.86, 25.4, 27.94, 30.48, 33.02, 35.56, 15.24, 15.4502, 16.0644, 17.0388, 18.3162, 19.838, 21.5526, 
212.044, 217.119, 32.219, 23.1823, 19.6764, 13.4428, 2.54, 0, 2.54, 5.08, 7.62, 10.16, 12.7, 15.24, 17.78, 20.32, 22.86, 25.4, 27.94, 30.48, 33.02, 15.4502, 15.24, 15.4502, 16.0644, 17.0388, 18.3162, 19.838, 
211.947, 217.024, 33.2827, 24.6393, 21.3738, 15.8236, 5.08, 2.54, 0, 2.54, 5.08, 7.62, 10.16, 12.7, 15.24, 17.78, 20.32, 22.86, 25.4, 27.94, 30.48, 16.0644, 15.4502, 15.24, 15.4502, 16.0644, 17.0388, 18.3162, 
211.88, 216.959, 34.501, 26.2617, 23.2254, 18.2474, 7.62, 5.08, 2.54, 0, 2.54, 5.08, 7.62, 10.16, 12.7, 15.24, 17.78, 20.32, 22.86, 25.4, 27.94, 17.0388, 16.0644, 15.4502, 15.24, 15.4502, 16.0644, 17.0388, 
211.843, 216.923, 35.8581, 28.0207, 25.1973, 20.6991, 10.16, 7.62, 5.08, 2.54, 0, 2.54, 5.08, 7.62, 10.16, 12.7, 15.24, 17.78, 20.32, 22.86, 25.4, 18.3162, 17.0388, 16.0644, 15.4502, 15.24, 15.4502, 16.0644, 
211.837, 216.917, 37.3389, 29.8922, 27.2633, 23.1698, 12.7, 10.16, 7.62, 5.08, 2.54, 0, 2.54, 5.08, 7.62, 10.16, 12.7, 15.24, 17.78, 20.32, 22.86, 19.838, 18.3162, 17.0388, 16.0644, 15.4502, 15.24, 15.4502, 
211.862, 216.941, 38.9292, 31.8565, 29.4037, 25.654, 15.24, 12.7, 10.16, 7.62, 5.08, 2.54, 0, 2.54, 5.08, 7.62, 10.16, 12.7, 15.24, 17.78, 20.32, 21.5526, 19.838, 18.3162, 17.0388, 16.0644, 15.4502, 15.24, 
211.917, 216.995, 40.6162, 33.8973, 31.6034, 28.1482, 17.78, 15.24, 12.7, 10.16, 7.62, 5.08, 2.54, 0, 2.54, 5.08, 7.62, 10.16, 12.7, 15.24, 17.78, 23.4176, 21.5526, 19.838, 18.3162, 17.0388, 16.0644, 15.4502, 
212.002, 217.078, 42.3883, 36.0018, 33.8507, 30.6499, 20.32, 17.78, 15.24, 12.7, 10.16, 7.62, 5.08, 2.54, 0, 2.54, 5.08, 7.62, 10.16, 12.7, 15.24, 25.4, 23.4176, 21.5526, 19.838, 18.3162, 17.0388, 16.0644, 
212.117, 217.191, 44.2354, 38.1592, 36.1368, 33.1575, 22.86, 20.32, 17.78, 15.24, 12.7, 10.16, 7.62, 5.08, 2.54, 0, 2.54, 5.08, 7.62, 10.16, 12.7, 27.4743, 25.4, 23.4176, 21.5526, 19.838, 18.3162, 17.0388, 
212.263, 217.333, 46.1484, 40.3612, 38.4548, 35.6696, 25.4, 22.86, 20.32, 17.78, 15.24, 12.7, 10.16, 7.62, 5.08, 2.54, 0, 2.54, 5.08, 7.62, 10.16, 29.6212, 27.4743, 25.4, 23.4176, 21.5526, 19.838, 18.3162, 
212.44, 217.505, 48.1194, 42.6009, 40.7992, 38.1854, 27.94, 25.4, 22.86, 20.32, 17.78, 15.24, 12.7, 10.16, 7.62, 5.08, 2.54, 0, 2.54, 5.08, 7.62, 31.8261, 29.6212, 27.4743, 25.4, 23.4176, 21.5526, 19.838, 
212.646, 217.707, 50.1417, 44.8725, 43.1658, 40.7042, 30.48, 27.94, 25.4, 22.86, 20.32, 17.78, 15.24, 12.7, 10.16, 7.62, 5.08, 2.54, 0, 2.54, 5.08, 34.0777, 31.8261, 29.6212, 27.4743, 25.4, 23.4176, 21.5526, 
212.882, 217.938, 52.2092, 47.1716, 45.5511, 43.2255, 33.02, 30.48, 27.94, 25.4, 22.86, 20.32, 17.78, 15.24, 12.7, 10.16, 7.62, 5.08, 2.54, 0, 2.54, 36.3673, 34.0777, 31.8261, 29.6212, 27.4743, 25.4, 23.4176, 
213.149, 218.198, 54.3168, 49.4942, 47.9522, 45.7489, 35.56, 33.02, 30.48, 27.94, 25.4, 22.86, 20.32, 17.78, 15.24, 12.7, 10.16, 7.62, 5.08, 2.54, 0, 38.6881, 36.3673, 34.0777, 31.8261, 29.6212, 27.4743, 25.4, 
196.958, 202.029, 46.0364, 36.1805, 32.0493, 22.606, 15.24, 15.4502, 16.0644, 17.0388, 18.3162, 19.838, 21.5526, 23.4176, 25.4, 27.4743, 29.6212, 31.8261, 34.0777, 36.3673, 38.6881, 0, 2.54, 5.08, 7.62, 10.16, 12.7, 15.24, 
196.821, 201.895, 46.649, 36.9568, 32.9231, 23.8287, 15.4502, 15.24, 15.4502, 16.0644, 17.0388, 18.3162, 19.838, 21.5526, 23.4176, 25.4, 27.4743, 29.6212, 31.8261, 34.0777, 36.3673, 2.54, 0, 2.54, 5.08, 7.62, 10.16, 12.7, 
196.716, 201.793, 47.3899, 37.8877, 33.9648, 25.2484, 16.0644, 15.4502, 15.24, 15.4502, 16.0644, 17.0388, 18.3162, 19.838, 21.5526, 23.4176, 25.4, 27.4743, 29.6212, 31.8261, 34.0777, 5.08, 2.54, 0, 2.54, 5.08, 7.62, 10.16, 
196.643, 201.722, 48.2533, 38.9623, 35.1595, 26.834, 17.0388, 16.0644, 15.4502, 15.24, 15.4502, 16.0644, 17.0388, 18.3162, 19.838, 21.5526, 23.4176, 25.4, 27.4743, 29.6212, 31.8261, 7.62, 5.08, 2.54, 0, 2.54, 5.08, 7.62, 
196.604, 201.684, 49.2328, 40.169, 36.4921, 28.5578, 18.3162, 17.0388, 16.0644, 15.4502, 15.24, 15.4502, 16.0644, 17.0388, 18.3162, 19.838, 21.5526, 23.4176, 25.4, 27.4743, 29.6212, 10.16, 7.62, 5.08, 2.54, 0, 2.54, 5.08, 
196.597, 201.677, 50.3215, 41.4962, 37.9481, 30.3963, 19.838, 18.3162, 17.0388, 16.0644, 15.4502, 15.24, 15.4502, 16.0644, 17.0388, 18.3162, 19.838, 21.5526, 23.4176, 25.4, 27.4743, 12.7, 10.16, 7.62, 5.08, 2.54, 0, 2.54, 
196.624, 201.703, 51.5126, 42.9328, 39.5139, 32.3299, 21.5526, 19.838, 18.3162, 17.0388, 16.0644, 15.4502, 15.24, 15.4502, 16.0644, 17.0388, 18.3162, 19.838, 21.5526, 23.4176, 25.4, 15.24, 12.7, 10.16, 7.62, 5.08, 2.54, 0, 
Scaled Distances:
0, 8.81653e+16, 8.33057e+18, 7.9794e+18, 7.8302e+18, 7.47923e+18, 7.27649e+18, 7.27205e+18, 7.26867e+18, 7.26635e+18, 7.26508e+18, 7.26487e+18, 7.26571e+18, 7.26762e+18, 7.27057e+18, 7.27459e+18, 7.27965e+18, 7.28577e+18, 7.29293e+18, 7.30114e+18, 7.31039e+18, 6.7484e+18, 6.74362e+18, 6.73998e+18, 6.73747e+18, 6.73611e+18, 6.73588e+18, 6.73679e+18, 
8.81653e+16, 0, 8.5062e+18, 8.15497e+18, 8.00573e+18, 7.65469e+18, 7.45254e+18, 7.44821e+18, 7.44491e+18, 7.44264e+18, 7.4414e+18, 7.4412e+18, 7.44202e+18, 7.44388e+18, 7.44677e+18, 7.45069e+18, 7.45564e+18, 7.46161e+18, 7.46861e+18, 7.47663e+18, 7.48566e+18, 6.92441e+18, 6.91975e+18, 6.9162e+18, 6.91376e+18, 6.91243e+18, 6.91221e+18, 6.9131e+18, 
8.33057e+18, 8.5062e+18, 0, 2.64496e+17, 4.14377e+17, 7.67038e+17, 9.99167e+17, 1.03018e+18, 1.0671e+18, 1.10939e+18, 1.1565e+18, 1.20789e+18, 1.2631e+18, 1.32165e+18, 1.38317e+18, 1.44728e+18, 1.51368e+18, 1.5821e+18, 1.65229e+18, 1.72405e+18, 1.79721e+18, 1.50979e+18, 1.53105e+18, 1.55677e+18, 1.58674e+18, 1.62074e+18, 1.65853e+18, 1.69987e+18, 
7.9794e+18, 8.15497e+18, 2.64496e+17, 0, 6.17157e+16, 4.14377e+17, 6.72819e+17, 7.16509e+17, 7.67083e+17, 8.23397e+17, 8.84454e+17, 9.49417e+17, 1.0176e+18, 1.08844e+18, 1.16148e+18, 1.23637e+18, 1.3128e+18, 1.39054e+18, 1.46939e+18, 1.54919e+18, 1.62981e+18, 1.16769e+18, 1.19463e+18, 1.22695e+18, 1.26425e+18, 1.30613e+18, 1.3522e+18, 1.40206e+18, 
7.8302e+18, 8.00573e+18, 4.14377e+17, 6.17157e+16, 0, 2.64496e+17, 5.42756e+17, 5.94817e+17, 6.53734e+17, 7.18005e+17, 7.8645e+17, 8.58165e+17, 9.3246e+17, 1.00881e+18, 1.08682e+18, 1.16617e+18, 1.24663e+18, 1.32801e+18, 1.41015e+18, 1.49295e+18, 1.57629e+18, 1.02429e+18, 1.05462e+18, 1.09078e+18, 1.13225e+18, 1.1785e+18, 1.22904e+18, 1.28339e+18, 
7.47923e+18, 7.65469e+18, 7.67038e+17, 4.14377e+17, 2.64496e+17, 0, 2.98256e+17, 3.78445e+17, 4.61084e+17, 5.45215e+17, 6.30314e+17, 7.16074e+17, 8.02304e+17, 8.8888e+17, 9.75716e+17, 1.06275e+18, 1.14995e+18, 1.23728e+18, 1.32471e+18, 1.41223e+18, 1.49981e+18, 6.96506e+17, 7.38945e+17, 7.88226e+17, 8.43262e+17, 9.03096e+17, 9.66912e+17, 1.03403e+18, 
7.27649e+18, 7.45254e+18, 9.99167e+17, 6.72819e+17, 5.42756e+17, 2.98256e+17, 0, 247, 8.81653e+16, 1.76331e+17, 2.64496e+17, 3.52661e+17, 4.40826e+17, 5.28992e+17, 6.17157e+17, 7.05322e+17, 7.93488e+17, 8.81653e+17, 9.69818e+17, 1.05798e+18, 1.14615e+18, 4.40826e+17, 4.48123e+17, 4.69441e+17, 5.03265e+17, 5.47604e+17, 6.00428e+17, 6.59942e+17, 
7.27205e+18, 7.44821e+18, 1.03018e+18, 7.16509e+17, 5.94817e+17, 3.78445e+17, 247, 0, 247, 8.81653e+16, 1.76331e+17, 2.64496e+17, 3.52661e+17, 4.40826e+17, 5.28992e+17, 6.17157e+17, 7.05322e+17, 7.93488e+17, 8.81653e+17, 9.69818e+17, 1.05798e+18, 4.48123e+17, 4.40826e+17, 4.48123e+17, 4.69441e+17, 5.03265e+17, 5.47604e+17, 6.00428e+17, 
7.26867e+18, 7.44491e+18, 1.0671e+18, 7.67083e+17, 6.53734e+17, 4.61084e+17, 8.81653e+16, 247, 0, 247, 8.81653e+16, 1.76331e+17, 2.64496e+17, 3.52661e+17, 4.40826e+17, 5.28992e+17, 6.17157e+17, 7.05322e+17, 7.93488e+17, 8.81653e+17, 9.69818e+17, 4.69441e+17, 4.48123e+17, 4.40826e+17, 4.48123e+17, 4.69441e+17, 5.03265e+17, 5.47604e+17, 
7.26635e+18, 7.44264e+18, 1.10939e+18, 8.23397e+17, 7.18005e+17, 5.45215e+17, 1.76331e+17, 8.81653e+16, 247, 0, 247, 8.81653e+16, 1.76331e+17, 2.64496e+17, 3.52661e+17, 4.40826e+17, 5.28992e+17, 6.17157e+17, 7.05322e+17, 7.93488e+17, 8.81653e+17, 5.03265e+17, 4.69441e+17, 4.48123e+17, 4.40826e+17, 4.48123e+17, 4.69441e+17, 5.03265e+17, 
7.26508e+18, 7.4414e+18, 1.1565e+18, 8.84454e+17, 7.8645e+17, 6.30314e+17, 2.64496e+17, 1.76331e+17, 8.81653e+16, 247, 0, 247, 8.81653e+16, 1.76331e+17, 2.64496e+17, 3.52661e+17, 4.40826e+17, 5.28992e+17, 6.17157e+17, 7.05322e+17, 7.93488e+17, 5.47604e+17, 5.03265e+17, 4.69441e+17, 4.48123e+17, 4.40826e+17, 4.48123e+17, 4.69441e+17, 
7.26487e+18, 7.4412e+18, 1.20789e+18, 9.49417e+17, 8.58165e+17, 7.16074e+17, 3.52661e+17, 2.64496e+17, 1.76331e+17, 8.81653e+16, 247, 0, 247, 8.81653e+16, 1.76331e+17, 2.64496e+17, 3.52661e+17, 4.40826e+17, 5.28992e+17, 6.17157e+17, 7.05322e+17, 6.00428e+17, 5.47604e+17, 5.03265e+17, 4.69441e+17, 4.48123e+17, 4.40826e+17, 4.48123e+17, 
7.26571e+18, 7.44202e+18, 1.2631e+18, 1.0176e+18, 9.3246e+17, 8.02304e+17, 4.40826e+17, 3.52661e+17, 2.64496e+17, 1.76331e+17, 8.81653e+16, 247, 0, 493, 8.81653e+16, 1.76331e+17, 2.64496e+17, 3.52661e+17, 4.40826e+17, 5.28992e+17, 6.17157e+17, 6.59942e+17, 6.00428e+17, 5.47604e+17, 5.03265e+17, 4.69441e+17, 4.48123e+17, 4.40826e+17, 
7.26762e+18, 7.44388e+18, 1.32165e+18, 1.08844e+18, 1.00881e+18, 8.8888e+17, 5.28992e+17, 4.40826e+17, 3.52661e+17, 2.64496e+17, 1.76331e+17, 8.81653e+16, 493, 0, 247, 8.81653e+16, 1.76331e+17, 2.64496e+17, 3.52661e+17, 4.40826e+17, 5.28992e+17, 7.24678e+17, 6.59942e+17, 6.00428e+17, 5.47604e+17, 5.03265e+17, 4.69441e+17, 4.48123e+17, 
7.27057e+18, 7.44677e+18, 1.38317e+18, 1.16148e+18, 1.08682e+18, 9.75716e+17, 6.17157e+17, 5.28992e+17, 4.40826e+17, 3.52661e+17, 2.64496e+17, 1.76331e+17, 8.81653e+16, 247, 0, 0, 8.81653e+16, 1.76331e+17, 2.64496e+17, 3.52661e+17, 4.40826e+17, 7.93488e+17, 7.24678e+17, 6.59942e+17, 6.00428e+17, 5.47604e+17, 5.03265e+17, 4.69441e+17, 
7.27459e+18, 7.45069e+18, 1.44728e+18, 1.23637e+18, 1.16617e+18, 1.06275e+18, 7.05322e+17, 6.17157e+17, 5.28992e+17, 4.40826e+17, 3.52661e+17, 2.64496e+17, 1.76331e+17, 8.81653e+16, 0, 0, 493, 8.81653e+16, 1.76331e+17, 2.64496e+17, 3.52661e+17, 8.65488e+17, 7.93488e+17, 7.24678e+17, 6.59942e+17, 6.00428e+17, 5.47604e+17, 5.03265e+17, 
7.27965e+18, 7.45564e+18, 1.51368e+18, 1.3128e+18, 1.24663e+18, 1.14995e+18, 7.93488e+17, 7.05322e+17, 6.17157e+17, 5.28992e+17, 4.40826e+17, 3.52661e+17, 2.64496e+17, 1.76331e+17, 8.81653e+16, 493, 0, 493, 8.81653e+16, 1.76331e+17, 2.64496e+17, 9.4001e+17, 8.65488e+17, 7.93488e+17, 7.24678e+17, 6.59942e+17, 6.00428e+17, 5.47604e+17, 
7.28577e+18, 7.46161e+18, 1.5821e+18, 1.39054e+18, 1.32801e+18, 1.23728e+18, 8.81653e+17, 7.93488e+17, 7.05322e+17, 6.17157e+17, 5.28992e+17, 4.40826e+17, 3.52661e+17, 2.64496e+17, 1.76331e+17, 8.81653e+16, 493, 0, 0, 8.81653e+16, 1.76331e+17, 1.01654e+18, 9.4001e+17, 8.65488e+17, 7.93488e+17, 7.24678e+17, 6.59942e+17, 6.00428e+17, 
7.29293e+18, 7.46861e+18, 1.65229e+18, 1.46939e+18, 1.41015e+18, 1.32471e+18, 9.69818e+17, 8.81653e+17, 7.93488e+17, 7.05322e+17, 6.17157e+17, 5.28992e+17, 4.40826e+17, 3.52661e+17, 2.64496e+17, 1.76331e+17, 8.81653e+16, 0, 0, 493, 8.81653e+16, 1.0947e+18, 1.01654e+18, 9.4001e+17, 8.65488e+17, 7.93488e+17, 7.24678e+17, 6.59942e+17, 
7.30114e+18, 7.47663e+18, 1.72405e+18, 1.54919e+18, 1.49295e+18, 1.41223e+18, 1.05798e+18, 9.69818e+17, 8.81653e+17, 7.93488e+17, 7.05322e+17, 6.17157e+17, 5.28992e+17, 4.40826e+17, 3.52661e+17, 2.64496e+17, 1.76331e+17, 8.81653e+16, 493, 0, 0, 1.17417e+18, 1.0947e+18, 1.01654e+18, 9.4001e+17, 8.65488e+17, 7.93488e+17, 7.24678e+17, 
7.31039e+18, 7.48566e+18, 1.79721e+18, 1.62981e+18, 1.57629e+18, 1.49981e+18, 1.14615e+18, 1.05798e+18, 9.69818e+17, 8.81653e+17, 7.93488e+17, 7.05322e+17, 6.17157e+17, 5.28992e+17, 4.40826e+17, 3.52661e+17, 2.64496e+17, 1.76331e+17, 8.81653e+16, 0, 0, 1.25473e+18, 1.17417e+18, 1.0947e+18, 1.01654e+18, 9.4001e+17, 8.65488e+17, 7.93488e+17, 
6.7484e+18, 6.92441e+18, 1.50979e+18, 1.16769e+18, 1.02429e+18, 6.96506e+17, 4.40826e+17, 4.48123e+17, 4.69441e+17, 5.03265e+17, 5.47604e+17, 6.00428e+17, 6.59942e+17, 7.24678e+17, 7.93488e+17, 8.65488e+17, 9.4001e+17, 1.01654e+18, 1.0947e+18, 1.17417e+18, 1.25473e+18, 0, 247, 8.81653e+16, 1.76331e+17, 2.64496e+17, 3.52661e+17, 4.40826e+17, 
6.74362e+18, 6.91975e+18, 1.53105e+18, 1.19463e+18, 1.05462e+18, 7.38945e+17, 4.48123e+17, 4.40826e+17, 4.48123e+17, 4.69441e+17, 5.03265e+17, 5.47604e+17, 6.00428e+17, 6.59942e+17, 7.24678e+17, 7.93488e+17, 8.65488e+17, 9.4001e+17, 1.01654e+18, 1.0947e+18, 1.17417e+18, 247, 0, 247, 8.81653e+16, 1.76331e+17, 2.64496e+17, 3.52661e+17, 
6.73998e+18, 6.9162e+18, 1.55677e+18, 1.22695e+18, 1.09078e+18, 7.88226e+17, 4.69441e+17, 4.48123e+17, 4.40826e+17, 4.48123e+17, 4.69441e+17, 5.03265e+17, 5.47604e+17, 6.00428e+17, 6.59942e+17, 7.24678e+17, 7.93488e+17, 8.65488e+17, 9.4001e+17, 1.01654e+18, 1.0947e+18, 8.81653e+16, 247, 0, 247, 8.81653e+16, 1.76331e+17, 2.64496e+17, 
6.73747e+18, 6.91376e+18, 1.58674e+18, 1.26425e+18, 1.13225e+18, 8.43262e+17, 5.03265e+17, 4.69441e+17, 4.48123e+17, 4.40826e+17, 4.48123e+17, 4.69441e+17, 5.03265e+17, 5.47604e+17, 6.00428e+17, 6.59942e+17, 7.24678e+17, 7.93488e+17, 8.65488e+17, 9.4001e+17, 1.01654e+18, 1.76331e+17, 8.81653e+16, 247, 0, 247, 8.81653e+16, 1.76331e+17, 
6.73611e+18, 6.91243e+18, 1.62074e+18, 1.30613e+18, 1.1785e+18, 9.03096e+17, 5.47604e+17, 5.03265e+17, 4.69441e+17, 4.48123e+17, 4.40826e+17, 4.48123e+17, 4.69441e+17, 5.03265e+17, 5.47604e+17, 6.00428e+17, 6.59942e+17, 7.24678e+17, 7.93488e+17, 8.65488e+17, 9.4001e+17, 2.64496e+17, 1.76331e+17, 8.81653e+16, 247, 0, 247, 8.81653e+16, 
6.73588e+18, 6.91221e+18, 1.65853e+18, 1.3522e+18, 1.22904e+18, 9.66912e+17, 6.00428e+17, 5.47604e+17, 5.03265e+17, 4.69441e+17, 4.48123e+17, 4.40826e+17, 4.48123e+17, 4.69441e+17, 5.03265e+17, 5.47604e+17, 6.00428e+17, 6.59942e+17, 7.24678e+17, 7.93488e+17, 8.65488e+17, 3.52661e+17, 2.64496e+17, 1.76331e+17, 8.81653e+16, 247, 0, 247, 
6.73679e+18, 6.9131e+18, 1.69987e+18, 1.40206e+18, 1.28339e+18, 1.03403e+18, 6.59942e+17, 6.00428e+17, 5.47604e+17, 5.03265e+17, 4.69441e+17, 4.48123e+17, 4.40826e+17, 4.48123e+17, 4.69441e+17, 5.03265e+17, 5.47604e+17, 6.00428e+17, 6.59942e+17, 7.24678e+17, 7.93488e+17, 4.40826e+17, 3.52661e+17, 2.64496e+17, 1.76331e+17, 8.81653e+16, 247, 0, 
Optimal total distance (scaled) for 28 points: 1.6597e+19
Optimal total distance for 28 points: 549.271669
Corresponding path (0-indexed):
Point #27
Point #0
Point #1
Point #20
Point #19
Point #18
Point #17
Point #16
Point #15
Point #14
Point #13
Point #12
Point #11
Point #10
Point #9
Point #8
Point #7
Point #6
Point #2
Point #3
Point #4
Point #5
Point #21
Point #22
Point #23
Point #24
Point #25
Point #26
Point #27
Execution time: 21552 ms

Elapsed time: 21552 ms


Terminating due to timeout: 21552 ms >= 20000 ms

Executed runs: 1/10000
Total execution time: 21.552 s
Avg execution time: 21552 ms
