Solving TSP


Execution #1/10000

Seed: 1
Estimated max possible cost 577.160984
for path: 
0 1 2 3 4 5 6 7 8 9 10 11 12 13 14 15 16 17 18 19 20 21 22 23 24 25 26 27 28 0
Memory needed for path: 1317415008 locs, for costs: 1048380480 locs.
Desired precision: 1e+12
Mem constraint for cost_t: 64 bits
Rounded to pow of 2 bytes mem constraint (capped at 64bits) for cost_t: 64 bits
Bits needed for an int to preserve precision: 49
Bits used per cost_t: 49
Selected cost_t = (u)int64_t
Solving with cost_t = y
Memory [GB] needed: 9.03798
Distances:
0, 5.08, 242.54, 232.423, 228.124, 218.013, 212.172, 212.044, 211.947, 211.88, 211.843, 211.837, 211.862, 211.917, 212.002, 212.117, 212.263, 212.44, 212.646, 212.882, 213.149, 196.958, 196.821, 196.716, 196.643, 196.604, 196.597, 196.624, 196.683, 
5.08, 0, 247.599, 237.481, 233.181, 223.068, 217.244, 217.119, 217.024, 216.959, 216.923, 216.917, 216.941, 216.995, 217.078, 217.191, 217.333, 217.505, 217.707, 217.938, 218.198, 202.029, 201.895, 201.793, 201.722, 201.684, 201.677, 201.703, 201.761, 
242.54, 247.599, 0, 10.16, 14.478, 24.638, 31.3255, 32.219, 33.2827, 34.501, 35.8581, 37.3389, 38.9292, 40.6162, 42.3883, 44.2354, 46.1484, 48.1194, 50.1417, 52.2092, 54.3168, 46.0364, 46.649, 47.3899, 48.2533, 49.2328, 50.3215, 51.5126, 52.799, 
232.423, 237.481, 10.16, 0, 4.318, 14.478, 21.9236, 23.1823, 24.6393, 26.2617, 28.0207, 29.8922, 31.8565, 33.8973, 36.0018, 38.1592, 40.3612, 42.6009, 44.8725, 47.1716, 49.4942, 36.1805, 36.9568, 37.8877, 38.9623, 40.169, 41.4962, 42.9328, 44.4681, 
228.124, 233.181, 14.478, 4.318, 0, 10.16, 18.1765, 19.6764, 21.3738, 23.2254, 25.1973, 27.2633, 29.4037, 31.6034, 33.8507, 36.1368, 38.4548, 40.7992, 43.1658, 45.5511, 47.9522, 32.0493, 32.9231, 33.9648, 35.1595, 36.4921, 37.9481, 39.5139, 41.177, 
218.013, 223.068, 24.638, 14.478, 10.16, 0, 11.1326, 13.4428, 15.8236, 18.2474, 20.6991, 23.1698, 25.654, 28.1482, 30.6499, 33.1575, 35.6696, 38.1854, 40.7042, 43.2255, 45.7489, 22.606, 23.8287, 25.2484, 26.834, 28.5578, 30.3963, 32.3299, 34.3426, 
212.172, 217.244, 31.3255, 21.9236, 18.1765, 11.1326, 0, 2.54, 5.08, 7.62, 10.16, 12.7, 15.24, 17.78, 20.32, 22.86, 25.4, 27.94, 30.48, 33.02, 35.56, 15.24, 15.4502, 16.0644, 17.0388, 18.3162, 19.838, 21.5526, 23.4176, 
212.044, 217.119, 32.219, 23.1823, 19.6764, 13.4428, 2.54, 0, 2.54, 5.08, 7.62, 10.16, 12.7, 15.24, 17.78, 20.32, 22.86, 25.4, 27.94, 30.48, 33.02, 15.4502, 15.24, 15.4502, 16.0644, 17.0388, 18.3162, 19.838, 21.5526, 
211.947, 217.024, 33.2827, 24.6393, 21.3738, 15.8236, 5.08, 2.54, 0, 2.54, 5.08, 7.62, 10.16, 12.7, 15.24, 17.78, 20.32, 22.86, 25.4, 27.94, 30.48, 16.0644, 15.4502, 15.24, 15.4502, 16.0644, 17.0388, 18.3162, 19.838, 
211.88, 216.959, 34.501, 26.2617, 23.2254, 18.2474, 7.62, 5.08, 2.54, 0, 2.54, 5.08, 7.62, 10.16, 12.7, 15.24, 17.78, 20.32, 22.86, 25.4, 27.94, 17.0388, 16.0644, 15.4502, 15.24, 15.4502, 16.0644, 17.0388, 18.3162, 
211.843, 216.923, 35.8581, 28.0207, 25.1973, 20.6991, 10.16, 7.62, 5.08, 2.54, 0, 2.54, 5.08, 7.62, 10.16, 12.7, 15.24, 17.78, 20.32, 22.86, 25.4, 18.3162, 17.0388, 16.0644, 15.4502, 15.24, 15.4502, 16.0644, 17.0388, 
211.837, 216.917, 37.3389, 29.8922, 27.2633, 23.1698, 12.7, 10.16, 7.62, 5.08, 2.54, 0, 2.54, 5.08, 7.62, 10.16, 12.7, 15.24, 17.78, 20.32, 22.86, 19.838, 18.3162, 17.0388, 16.0644, 15.4502, 15.24, 15.4502, 16.0644, 
211.862, 216.941, 38.9292, 31.8565, 29.4037, 25.654, 15.24, 12.7, 10.16, 7.62, 5.08, 2.54, 0, 2.54, 5.08, 7.62, 10.16, 12.7, 15.24, 17.78, 20.32, 21.5526, 19.838, 18.3162, 17.0388, 16.0644, 15.4502, 15.24, 15.4502, 
211.917, 216.995, 40.6162, 33.8973, 31.6034, 28.1482, 17.78, 15.24, 12.7, 10.16, 7.62, 5.08, 2.54, 0, 2.54, 5.08, 7.62, 10.16, 12.7, 15.24, 17.78, 23.4176, 21.5526, 19.838, 18.3162, 17.0388, 16.0644, 15.4502, 15.24, 
212.002, 217.078, 42.3883, 36.0018, 33.8507, 30.6499, 20.32, 17.78, 15.24, 12.7, 10.16, 7.62, 5.08, 2.54, 0, 2.54, 5.08, 7.62, 10.16, 12.7, 15.24, 25.4, 23.4176, 21.5526, 19.838, 18.3162, 17.0388, 16.0644, 15.4502, 
212.117, 217.191, 44.2354, 38.1592, 36.1368, 33.1575, 22.86, 20.32, 17.78, 15.24, 12.7, 10.16, 7.62, 5.08, 2.54, 0, 2.54, 5.08, 7.62, 10.16, 12.7, 27.4743, 25.4, 23.4176, 21.5526, 19.838, 18.3162, 17.0388, 16.0644, 
212.263, 217.333, 46.1484, 40.3612, 38.4548, 35.6696, 25.4, 22.86, 20.32, 17.78, 15.24, 12.7, 10.16, 7.62, 5.08, 2.54, 0, 2.54, 5.08, 7.62, 10.16, 29.6212, 27.4743, 25.4, 23.4176, 21.5526, 19.838, 18.3162, 17.0388, 
212.44, 217.505, 48.1194, 42.6009, 40.7992, 38.1854, 27.94, 25.4, 22.86, 20.32, 17.78, 15.24, 12.7, 10.16, 7.62, 5.08, 2.54, 0, 2.54, 5.08, 7.62, 31.8261, 29.6212, 27.4743, 25.4, 23.4176, 21.5526, 19.838, 18.3162, 
212.646, 217.707, 50.1417, 44.8725, 43.1658, 40.7042, 30.48, 27.94, 25.4, 22.86, 20.32, 17.78, 15.24, 12.7, 10.16, 7.62, 5.08, 2.54, 0, 2.54, 5.08, 34.0777, 31.8261, 29.6212, 27.4743, 25.4, 23.4176, 21.5526, 19.838, 
212.882, 217.938, 52.2092, 47.1716, 45.5511, 43.2255, 33.02, 30.48, 27.94, 25.4, 22.86, 20.32, 17.78, 15.24, 12.7, 10.16, 7.62, 5.08, 2.54, 0, 2.54, 36.3673, 34.0777, 31.8261, 29.6212, 27.4743, 25.4, 23.4176, 21.5526, 
213.149, 218.198, 54.3168, 49.4942, 47.9522, 45.7489, 35.56, 33.02, 30.48, 27.94, 25.4, 22.86, 20.32, 17.78, 15.24, 12.7, 10.16, 7.62, 5.08, 2.54, 0, 38.6881, 36.3673, 34.0777, 31.8261, 29.6212, 27.4743, 25.4, 23.4176, 
196.958, 202.029, 46.0364, 36.1805, 32.0493, 22.606, 15.24, 15.4502, 16.0644, 17.0388, 18.3162, 19.838, 21.5526, 23.4176, 25.4, 27.4743, 29.6212, 31.8261, 34.0777, 36.3673, 38.6881, 0, 2.54, 5.08, 7.62, 10.16, 12.7, 15.24, 17.78, 
196.821, 201.895, 46.649, 36.9568, 32.9231, 23.8287, 15.4502, 15.24, 15.4502, 16.0644, 17.0388, 18.3162, 19.838, 21.5526, 23.4176, 25.4, 27.4743, 29.6212, 31.8261, 34.0777, 36.3673, 2.54, 0, 2.54, 5.08, 7.62, 10.16, 12.7, 15.24, 
196.716, 201.793, 47.3899, 37.8877, 33.9648, 25.2484, 16.0644, 15.4502, 15.24, 15.4502, 16.0644, 17.0388, 18.3162, 19.838, 21.5526, 23.4176, 25.4, 27.4743, 29.6212, 31.8261, 34.0777, 5.08, 2.54, 0, 2.54, 5.08, 7.62, 10.16, 12.7, 
196.643, 201.722, 48.2533, 38.9623, 35.1595, 26.834, 17.0388, 16.0644, 15.4502, 15.24, 15.4502, 16.0644, 17.0388, 18.3162, 19.838, 21.5526, 23.4176, 25.4, 27.4743, 29.6212, 31.8261, 7.62, 5.08, 2.54, 0, 2.54, 5.08, 7.62, 10.16, 
196.604, 201.684, 49.2328, 40.169, 36.4921, 28.5578, 18.3162, 17.0388, 16.0644, 15.4502, 15.24, 15.4502, 16.0644, 17.0388, 18.3162, 19.838, 21.5526, 23.4176, 25.4, 27.4743, 29.6212, 10.16, 7.62, 5.08, 2.54, 0, 2.54, 5.08, 7.62, 
196.597, 201.677, 50.3215, 41.4962, 37.9481, 30.3963, 19.838, 18.3162, 17.0388, 16.0644, 15.4502, 15.24, 15.4502, 16.0644, 17.0388, 18.3162, 19.838, 21.5526, 23.4176, 25.4, 27.4743, 12.7, 10.16, 7.62, 5.08, 2.54, 0, 2.54, 5.08, 
196.624, 201.703, 51.5126, 42.9328, 39.5139, 32.3299, 21.5526, 19.838, 18.3162, 17.0388, 16.0644, 15.4502, 15.24, 15.4502, 16.0644, 17.0388, 18.3162, 19.838, 21.5526, 23.4176, 25.4, 15.24, 12.7, 10.16, 7.62, 5.08, 2.54, 0, 2.54, 
196.683, 201.761, 52.799, 44.4681, 41.177, 34.3426, 23.4176, 21.5526, 19.838, 18.3162, 17.0388, 16.0644, 15.4502, 15.24, 15.4502, 16.0644, 17.0388, 18.3162, 19.838, 21.5526, 23.4176, 17.78, 15.24, 12.7, 10.16, 7.62, 5.08, 2.54, 0, 
Scaled Distances:
0, 8.79899e+16, 8.314e+18, 7.96353e+18, 7.81462e+18, 7.46436e+18, 7.26201e+18, 7.25759e+18, 7.25422e+18, 7.2519e+18, 7.25063e+18, 7.25042e+18, 7.25126e+18, 7.25316e+18, 7.25611e+18, 7.26012e+18, 7.26517e+18, 7.27128e+18, 7.27843e+18, 7.28662e+18, 7.29586e+18, 6.73498e+18, 6.73021e+18, 6.72657e+18, 6.72407e+18, 6.72271e+18, 6.72248e+18, 6.72339e+18, 6.72544e+18, 
8.79899e+16, 0, 8.48928e+18, 8.13875e+18, 7.98981e+18, 7.63947e+18, 7.43772e+18, 7.4334e+18, 7.43011e+18, 7.42784e+18, 7.4266e+18, 7.4264e+18, 7.42722e+18, 7.42908e+18, 7.43196e+18, 7.43587e+18, 7.44081e+18, 7.44677e+18, 7.45375e+18, 7.46176e+18, 7.47078e+18, 6.91064e+18, 6.90599e+18, 6.90245e+18, 6.90001e+18, 6.89868e+18, 6.89846e+18, 6.89935e+18, 6.90134e+18, 
8.314e+18, 8.48928e+18, 0, 2.6397e+17, 4.13553e+17, 7.65512e+17, 9.9718e+17, 1.02813e+18, 1.06498e+18, 1.10718e+18, 1.1542e+18, 1.20549e+18, 1.26058e+18, 1.31902e+18, 1.38041e+18, 1.4444e+18, 1.51067e+18, 1.57895e+18, 1.649e+18, 1.72063e+18, 1.79364e+18, 1.50679e+18, 1.52801e+18, 1.55368e+18, 1.58359e+18, 1.61752e+18, 1.65523e+18, 1.69649e+18, 1.74106e+18, 
7.96353e+18, 8.13875e+18, 2.6397e+17, 0, 6.1593e+16, 4.13553e+17, 6.71481e+17, 7.15084e+17, 7.65558e+17, 8.2176e+17, 8.82695e+17, 9.47529e+17, 1.01557e+18, 1.08627e+18, 1.15917e+18, 1.23391e+18, 1.31019e+18, 1.38778e+18, 1.46647e+18, 1.54611e+18, 1.62657e+18, 1.16536e+18, 1.19226e+18, 1.22451e+18, 1.26173e+18, 1.30353e+18, 1.34951e+18, 1.39927e+18, 1.45246e+18, 
7.81462e+18, 7.98981e+18, 4.13553e+17, 6.1593e+16, 0, 2.6397e+17, 5.41676e+17, 5.93634e+17, 6.52434e+17, 7.16577e+17, 7.84886e+17, 8.56458e+17, 9.30605e+17, 1.0068e+18, 1.08466e+18, 1.16385e+18, 1.24415e+18, 1.32537e+18, 1.40735e+18, 1.48998e+18, 1.57316e+18, 1.02225e+18, 1.05252e+18, 1.08861e+18, 1.13e+18, 1.17616e+18, 1.2266e+18, 1.28084e+18, 1.33845e+18, 
7.46436e+18, 7.63947e+18, 7.65512e+17, 4.13553e+17, 2.6397e+17, 0, 2.97663e+17, 3.77692e+17, 4.60167e+17, 5.44131e+17, 6.29061e+17, 7.1465e+17, 8.00708e+17, 8.87112e+17, 9.73776e+17, 1.06064e+18, 1.14767e+18, 1.23482e+18, 1.32207e+18, 1.40942e+18, 1.49683e+18, 6.95121e+17, 7.37476e+17, 7.86658e+17, 8.41585e+17, 9.013e+17, 9.64989e+17, 1.03197e+18, 1.1017e+18, 
7.26201e+18, 7.43772e+18, 9.9718e+17, 6.71481e+17, 5.41676e+17, 2.97663e+17, 0, 246, 8.79899e+16, 1.7598e+17, 2.6397e+17, 3.5196e+17, 4.3995e+17, 5.2794e+17, 6.1593e+17, 7.0392e+17, 7.91909e+17, 8.79899e+17, 9.67889e+17, 1.05588e+18, 1.14387e+18, 4.3995e+17, 4.47232e+17, 4.68507e+17, 5.02265e+17, 5.46515e+17, 5.99233e+17, 6.58629e+17, 7.23237e+17, 
7.25759e+18, 7.4334e+18, 1.02813e+18, 7.15084e+17, 5.93634e+17, 3.77692e+17, 246, 0, 246, 8.79899e+16, 1.7598e+17, 2.6397e+17, 3.5196e+17, 4.3995e+17, 5.2794e+17, 6.1593e+17, 7.0392e+17, 7.91909e+17, 8.79899e+17, 9.67889e+17, 1.05588e+18, 4.47232e+17, 4.3995e+17, 4.47232e+17, 4.68507e+17, 5.02265e+17, 5.46515e+17, 5.99233e+17, 6.58629e+17, 
7.25422e+18, 7.43011e+18, 1.06498e+18, 7.65558e+17, 6.52434e+17, 4.60167e+17, 8.79899e+16, 246, 0, 246, 8.79899e+16, 1.7598e+17, 2.6397e+17, 3.5196e+17, 4.3995e+17, 5.2794e+17, 6.1593e+17, 7.0392e+17, 7.91909e+17, 8.79899e+17, 9.67889e+17, 4.68507e+17, 4.47232e+17, 4.3995e+17, 4.47232e+17, 4.68507e+17, 5.02265e+17, 5.46515e+17, 5.99233e+17, 
7.2519e+18, 7.42784e+18, 1.10718e+18, 8.2176e+17, 7.16577e+17, 5.44131e+17, 1.7598e+17, 8.79899e+16, 246, 0, 246, 8.79899e+16, 1.7598e+17, 2.6397e+17, 3.5196e+17, 4.3995e+17, 5.2794e+17, 6.1593e+17, 7.0392e+17, 7.91909e+17, 8.79899e+17, 5.02265e+17, 4.68507e+17, 4.47232e+17, 4.3995e+17, 4.47232e+17, 4.68507e+17, 5.02265e+17, 5.46515e+17, 
7.25063e+18, 7.4266e+18, 1.1542e+18, 8.82695e+17, 7.84886e+17, 6.29061e+17, 2.6397e+17, 1.7598e+17, 8.79899e+16, 246, 0, 246, 8.79899e+16, 1.7598e+17, 2.6397e+17, 3.5196e+17, 4.3995e+17, 5.2794e+17, 6.1593e+17, 7.0392e+17, 7.91909e+17, 5.46515e+17, 5.02265e+17, 4.68507e+17, 4.47232e+17, 4.3995e+17, 4.47232e+17, 4.68507e+17, 5.02265e+17, 
7.25042e+18, 7.4264e+18, 1.20549e+18, 9.47529e+17, 8.56458e+17, 7.1465e+17, 3.5196e+17, 2.6397e+17, 1.7598e+17, 8.79899e+16, 246, 0, 246, 8.79899e+16, 1.7598e+17, 2.6397e+17, 3.5196e+17, 4.3995e+17, 5.2794e+17, 6.1593e+17, 7.0392e+17, 5.99233e+17, 5.46515e+17, 5.02265e+17, 4.68507e+17, 4.47232e+17, 4.3995e+17, 4.47232e+17, 4.68507e+17, 
7.25126e+18, 7.42722e+18, 1.26058e+18, 1.01557e+18, 9.30605e+17, 8.00708e+17, 4.3995e+17, 3.5196e+17, 2.6397e+17, 1.7598e+17, 8.79899e+16, 246, 0, 492, 8.79899e+16, 1.7598e+17, 2.6397e+17, 3.5196e+17, 4.3995e+17, 5.2794e+17, 6.1593e+17, 6.58629e+17, 5.99233e+17, 5.46515e+17, 5.02265e+17, 4.68507e+17, 4.47232e+17, 4.3995e+17, 4.47232e+17, 
7.25316e+18, 7.42908e+18, 1.31902e+18, 1.08627e+18, 1.0068e+18, 8.87112e+17, 5.2794e+17, 4.3995e+17, 3.5196e+17, 2.6397e+17, 1.7598e+17, 8.79899e+16, 492, 0, 246, 8.79899e+16, 1.7598e+17, 2.6397e+17, 3.5196e+17, 4.3995e+17, 5.2794e+17, 7.23237e+17, 6.58629e+17, 5.99233e+17, 5.46515e+17, 5.02265e+17, 4.68507e+17, 4.47232e+17, 4.3995e+17, 
7.25611e+18, 7.43196e+18, 1.38041e+18, 1.15917e+18, 1.08466e+18, 9.73776e+17, 6.1593e+17, 5.2794e+17, 4.3995e+17, 3.5196e+17, 2.6397e+17, 1.7598e+17, 8.79899e+16, 246, 0, 0, 8.79899e+16, 1.7598e+17, 2.6397e+17, 3.5196e+17, 4.3995e+17, 7.91909e+17, 7.23237e+17, 6.58629e+17, 5.99233e+17, 5.46515e+17, 5.02265e+17, 4.68507e+17, 4.47232e+17, 
7.26012e+18, 7.43587e+18, 1.4444e+18, 1.23391e+18, 1.16385e+18, 1.06064e+18, 7.0392e+17, 6.1593e+17, 5.2794e+17, 4.3995e+17, 3.5196e+17, 2.6397e+17, 1.7598e+17, 8.79899e+16, 0, 0, 492, 8.79899e+16, 1.7598e+17, 2.6397e+17, 3.5196e+17, 8.63767e+17, 7.91909e+17, 7.23237e+17, 6.58629e+17, 5.99233e+17, 5.46515e+17, 5.02265e+17, 4.68507e+17, 
7.26517e+18, 7.44081e+18, 1.51067e+18, 1.31019e+18, 1.24415e+18, 1.14767e+18, 7.91909e+17, 7.0392e+17, 6.1593e+17, 5.2794e+17, 4.3995e+17, 3.5196e+17, 2.6397e+17, 1.7598e+17, 8.79899e+16, 492, 0, 492, 8.79899e+16, 1.7598e+17, 2.6397e+17, 9.3814e+17, 8.63767e+17, 7.91909e+17, 7.23237e+17, 6.58629e+17, 5.99233e+17, 5.46515e+17, 5.02265e+17, 
7.27128e+18, 7.44677e+18, 1.57895e+18, 1.38778e+18, 1.32537e+18, 1.23482e+18, 8.79899e+17, 7.91909e+17, 7.0392e+17, 6.1593e+17, 5.2794e+17, 4.3995e+17, 3.5196e+17, 2.6397e+17, 1.7598e+17, 8.79899e+16, 492, 0, 0, 8.79899e+16, 1.7598e+17, 1.01452e+18, 9.3814e+17, 8.63767e+17, 7.91909e+17, 7.23237e+17, 6.58629e+17, 5.99233e+17, 5.46515e+17, 
7.27843e+18, 7.45375e+18, 1.649e+18, 1.46647e+18, 1.40735e+18, 1.32207e+18, 9.67889e+17, 8.79899e+17, 7.91909e+17, 7.0392e+17, 6.1593e+17, 5.2794e+17, 4.3995e+17, 3.5196e+17, 2.6397e+17, 1.7598e+17, 8.79899e+16, 0, 0, 492, 8.79899e+16, 1.09252e+18, 1.01452e+18, 9.3814e+17, 8.63767e+17, 7.91909e+17, 7.23237e+17, 6.58629e+17, 5.99233e+17, 
7.28662e+18, 7.46176e+18, 1.72063e+18, 1.54611e+18, 1.48998e+18, 1.40942e+18, 1.05588e+18, 9.67889e+17, 8.79899e+17, 7.91909e+17, 7.0392e+17, 6.1593e+17, 5.2794e+17, 4.3995e+17, 3.5196e+17, 2.6397e+17, 1.7598e+17, 8.79899e+16, 492, 0, 0, 1.17183e+18, 1.09252e+18, 1.01452e+18, 9.3814e+17, 8.63767e+17, 7.91909e+17, 7.23237e+17, 6.58629e+17, 
7.29586e+18, 7.47078e+18, 1.79364e+18, 1.62657e+18, 1.57316e+18, 1.49683e+18, 1.14387e+18, 1.05588e+18, 9.67889e+17, 8.79899e+17, 7.91909e+17, 7.0392e+17, 6.1593e+17, 5.2794e+17, 4.3995e+17, 3.5196e+17, 2.6397e+17, 1.7598e+17, 8.79899e+16, 0, 0, 1.25223e+18, 1.17183e+18, 1.09252e+18, 1.01452e+18, 9.3814e+17, 8.63767e+17, 7.91909e+17, 7.23237e+17, 
6.73498e+18, 6.91064e+18, 1.50679e+18, 1.16536e+18, 1.02225e+18, 6.95121e+17, 4.3995e+17, 4.47232e+17, 4.68507e+17, 5.02265e+17, 5.46515e+17, 5.99233e+17, 6.58629e+17, 7.23237e+17, 7.91909e+17, 8.63767e+17, 9.3814e+17, 1.01452e+18, 1.09252e+18, 1.17183e+18, 1.25223e+18, 0, 246, 8.79899e+16, 1.7598e+17, 2.6397e+17, 3.5196e+17, 4.3995e+17, 5.2794e+17, 
6.73021e+18, 6.90599e+18, 1.52801e+18, 1.19226e+18, 1.05252e+18, 7.37476e+17, 4.47232e+17, 4.3995e+17, 4.47232e+17, 4.68507e+17, 5.02265e+17, 5.46515e+17, 5.99233e+17, 6.58629e+17, 7.23237e+17, 7.91909e+17, 8.63767e+17, 9.3814e+17, 1.01452e+18, 1.09252e+18, 1.17183e+18, 246, 0, 246, 8.79899e+16, 1.7598e+17, 2.6397e+17, 3.5196e+17, 4.3995e+17, 
6.72657e+18, 6.90245e+18, 1.55368e+18, 1.22451e+18, 1.08861e+18, 7.86658e+17, 4.68507e+17, 4.47232e+17, 4.3995e+17, 4.47232e+17, 4.68507e+17, 5.02265e+17, 5.46515e+17, 5.99233e+17, 6.58629e+17, 7.23237e+17, 7.91909e+17, 8.63767e+17, 9.3814e+17, 1.01452e+18, 1.09252e+18, 8.79899e+16, 246, 0, 246, 8.79899e+16, 1.7598e+17, 2.6397e+17, 3.5196e+17, 
6.72407e+18, 6.90001e+18, 1.58359e+18, 1.26173e+18, 1.13e+18, 8.41585e+17, 5.02265e+17, 4.68507e+17, 4.47232e+17, 4.3995e+17, 4.47232e+17, 4.68507e+17, 5.02265e+17, 5.46515e+17, 5.99233e+17, 6.58629e+17, 7.23237e+17, 7.91909e+17, 8.63767e+17, 9.3814e+17, 1.01452e+18, 1.7598e+17, 8.79899e+16, 246, 0, 246, 8.79899e+16, 1.7598e+17, 2.6397e+17, 
6.72271e+18, 6.89868e+18, 1.61752e+18, 1.30353e+18, 1.17616e+18, 9.013e+17, 5.46515e+17, 5.02265e+17, 4.68507e+17, 4.47232e+17, 4.3995e+17, 4.47232e+17, 4.68507e+17, 5.02265e+17, 5.46515e+17, 5.99233e+17, 6.58629e+17, 7.23237e+17, 7.91909e+17, 8.63767e+17, 9.3814e+17, 2.6397e+17, 1.7598e+17, 8.79899e+16, 246, 0, 246, 8.79899e+16, 1.7598e+17, 
6.72248e+18, 6.89846e+18, 1.65523e+18, 1.34951e+18, 1.2266e+18, 9.64989e+17, 5.99233e+17, 5.46515e+17, 5.02265e+17, 4.68507e+17, 4.47232e+17, 4.3995e+17, 4.47232e+17, 4.68507e+17, 5.02265e+17, 5.46515e+17, 5.99233e+17, 6.58629e+17, 7.23237e+17, 7.91909e+17, 8.63767e+17, 3.5196e+17, 2.6397e+17, 1.7598e+17, 8.79899e+16, 246, 0, 246, 8.79899e+16, 
6.72339e+18, 6.89935e+18, 1.69649e+18, 1.39927e+18, 1.28084e+18, 1.03197e+18, 6.58629e+17, 5.99233e+17, 5.46515e+17, 5.02265e+17, 4.68507e+17, 4.47232e+17, 4.3995e+17, 4.47232e+17, 4.68507e+17, 5.02265e+17, 5.46515e+17, 5.99233e+17, 6.58629e+17, 7.23237e+17, 7.91909e+17, 4.3995e+17, 3.5196e+17, 2.6397e+17, 1.7598e+17, 8.79899e+16, 246, 0, 492, 
6.72544e+18, 6.90134e+18, 1.74106e+18, 1.45246e+18, 1.33845e+18, 1.1017e+18, 7.23237e+17, 6.58629e+17, 5.99233e+17, 5.46515e+17, 5.02265e+17, 4.68507e+17, 4.47232e+17, 4.3995e+17, 4.47232e+17, 4.68507e+17, 5.02265e+17, 5.46515e+17, 5.99233e+17, 6.58629e+17, 7.23237e+17, 5.2794e+17, 4.3995e+17, 3.5196e+17, 2.6397e+17, 1.7598e+17, 8.79899e+16, 492, 0, 
Optimal total distance (scaled) for 29 points: 1.6566e+19
Optimal total distance for 29 points: 551.870722
Corresponding path (0-indexed):
Point #28
Point #0
Point #1
Point #20
Point #19
Point #18
Point #17
Point #16
Point #15
Point #14
Point #13
Point #12
Point #11
Point #10
Point #9
Point #8
Point #7
Point #6
Point #2
Point #3
Point #4
Point #5
Point #21
Point #22
Point #23
Point #24
Point #25
Point #26
Point #27
Point #28
Execution time: 39797 ms

Elapsed time: 39797 ms


Terminating due to timeout: 39797 ms >= 20000 ms

Executed runs: 1/10000
Total execution time: 39.797 s
Avg execution time: 39797 ms
