Solving TSP


Execution #1/10000

Seed: 1
Estimated max possible cost 579.792808
for path: 
0 1 2 3 4 5 6 7 8 9 10 11 12 13 14 15 16 17 18 19 20 21 22 23 24 25 26 27 28 29 0
Memory needed for path: 2224799931 locs, for costs: 1968053535 locs.
Desired precision: 1e+12
Mem constraint for cost_t: 64 bits
Rounded to pow of 2 bytes mem constraint (capped at 64bits) for cost_t: 64 bits
Bits needed for an int to preserve precision: 49
Bits used per cost_t: 49
Selected cost_t = (u)int64_t
Solving with cost_t = y
Memory [GB] needed: 16.7351
Distances:
0, 5.08, 242.54, 232.423, 228.124, 218.013, 212.172, 212.044, 211.947, 211.88, 211.843, 211.837, 211.862, 211.917, 212.002, 212.117, 212.263, 212.44, 212.646, 212.882, 213.149, 196.958, 196.821, 196.716, 196.643, 196.604, 196.597, 196.624, 196.683, 196.775, 
5.08, 0, 247.599, 237.481, 233.181, 223.068, 217.244, 217.119, 217.024, 216.959, 216.923, 216.917, 216.941, 216.995, 217.078, 217.191, 217.333, 217.505, 217.707, 217.938, 218.198, 202.029, 201.895, 201.793, 201.722, 201.684, 201.677, 201.703, 201.761, 201.85, 
242.54, 247.599, 0, 10.16, 14.478, 24.638, 31.3255, 32.219, 33.2827, 34.501, 35.8581, 37.3389, 38.9292, 40.6162, 42.3883, 44.2354, 46.1484, 48.1194, 50.1417, 52.2092, 54.3168, 46.0364, 46.649, 47.3899, 48.2533, 49.2328, 50.3215, 51.5126, 52.799, 54.1741, 
232.423, 237.481, 10.16, 0, 4.318, 14.478, 21.9236, 23.1823, 24.6393, 26.2617, 28.0207, 29.8922, 31.8565, 33.8973, 36.0018, 38.1592, 40.3612, 42.6009, 44.8725, 47.1716, 49.4942, 36.1805, 36.9568, 37.8877, 38.9623, 40.169, 41.4962, 42.9328, 44.4681, 46.0924, 
228.124, 233.181, 14.478, 4.318, 0, 10.16, 18.1765, 19.6764, 21.3738, 23.2254, 25.1973, 27.2633, 29.4037, 31.6034, 33.8507, 36.1368, 38.4548, 40.7992, 43.1658, 45.5511, 47.9522, 32.0493, 32.9231, 33.9648, 35.1595, 36.4921, 37.9481, 39.5139, 41.177, 42.926, 
218.013, 223.068, 24.638, 14.478, 10.16, 0, 11.1326, 13.4428, 15.8236, 18.2474, 20.6991, 23.1698, 25.654, 28.1482, 30.6499, 33.1575, 35.6696, 38.1854, 40.7042, 43.2255, 45.7489, 22.606, 23.8287, 25.2484, 26.834, 28.5578, 30.3963, 32.3299, 34.3426, 36.4213, 
212.172, 217.244, 31.3255, 21.9236, 18.1765, 11.1326, 0, 2.54, 5.08, 7.62, 10.16, 12.7, 15.24, 17.78, 20.32, 22.86, 25.4, 27.94, 30.48, 33.02, 35.56, 15.24, 15.4502, 16.0644, 17.0388, 18.3162, 19.838, 21.5526, 23.4176, 25.4, 
212.044, 217.119, 32.219, 23.1823, 19.6764, 13.4428, 2.54, 0, 2.54, 5.08, 7.62, 10.16, 12.7, 15.24, 17.78, 20.32, 22.86, 25.4, 27.94, 30.48, 33.02, 15.4502, 15.24, 15.4502, 16.0644, 17.0388, 18.3162, 19.838, 21.5526, 23.4176, 
211.947, 217.024, 33.2827, 24.6393, 21.3738, 15.8236, 5.08, 2.54, 0, 2.54, 5.08, 7.62, 10.16, 12.7, 15.24, 17.78, 20.32, 22.86, 25.4, 27.94, 30.48, 16.0644, 15.4502, 15.24, 15.4502, 16.0644, 17.0388, 18.3162, 19.838, 21.5526, 
211.88, 216.959, 34.501, 26.2617, 23.2254, 18.2474, 7.62, 5.08, 2.54, 0, 2.54, 5.08, 7.62, 10.16, 12.7, 15.24, 17.78, 20.32, 22.86, 25.4, 27.94, 17.0388, 16.0644, 15.4502, 15.24, 15.4502, 16.0644, 17.0388, 18.3162, 19.838, 
211.843, 216.923, 35.8581, 28.0207, 25.1973, 20.6991, 10.16, 7.62, 5.08, 2.54, 0, 2.54, 5.08, 7.62, 10.16, 12.7, 15.24, 17.78, 20.32, 22.86, 25.4, 18.3162, 17.0388, 16.0644, 15.4502, 15.24, 15.4502, 16.0644, 17.0388, 18.3162, 
211.837, 216.917, 37.3389, 29.8922, 27.2633, 23.1698, 12.7, 10.16, 7.62, 5.08, 2.54, 0, 2.54, 5.08, 7.62, 10.16, 12.7, 15.24, 17.78, 20.32, 22.86, 19.838, 18.3162, 17.0388, 16.0644, 15.4502, 15.24, 15.4502, 16.0644, 17.0388, 
211.862, 216.941, 38.9292, 31.8565, 29.4037, 25.654, 15.24, 12.7, 10.16, 7.62, 5.08, 2.54, 0, 2.54, 5.08, 7.62, 10.16, 12.7, 15.24, 17.78, 20.32, 21.5526, 19.838, 18.3162, 17.0388, 16.0644, 15.4502, 15.24, 15.4502, 16.0644, 
211.917, 216.995, 40.6162, 33.8973, 31.6034, 28.1482, 17.78, 15.24, 12.7, 10.16, 7.62, 5.08, 2.54, 0, 2.54, 5.08, 7.62, 10.16, 12.7, 15.24, 17.78, 23.4176, 21.5526, 19.838, 18.3162, 17.0388, 16.0644, 15.4502, 15.24, 15.4502, 
212.002, 217.078, 42.3883, 36.0018, 33.8507, 30.6499, 20.32, 17.78, 15.24, 12.7, 10.16, 7.62, 5.08, 2.54, 0, 2.54, 5.08, 7.62, 10.16, 12.7, 15.24, 25.4, 23.4176, 21.5526, 19.838, 18.3162, 17.0388, 16.0644, 15.4502, 15.24, 
212.117, 217.191, 44.2354, 38.1592, 36.1368, 33.1575, 22.86, 20.32, 17.78, 15.24, 12.7, 10.16, 7.62, 5.08, 2.54, 0, 2.54, 5.08, 7.62, 10.16, 12.7, 27.4743, 25.4, 23.4176, 21.5526, 19.838, 18.3162, 17.0388, 16.0644, 15.4502, 
212.263, 217.333, 46.1484, 40.3612, 38.4548, 35.6696, 25.4, 22.86, 20.32, 17.78, 15.24, 12.7, 10.16, 7.62, 5.08, 2.54, 0, 2.54, 5.08, 7.62, 10.16, 29.6212, 27.4743, 25.4, 23.4176, 21.5526, 19.838, 18.3162, 17.0388, 16.0644, 
212.44, 217.505, 48.1194, 42.6009, 40.7992, 38.1854, 27.94, 25.4, 22.86, 20.32, 17.78, 15.24, 12.7, 10.16, 7.62, 5.08, 2.54, 0, 2.54, 5.08, 7.62, 31.8261, 29.6212, 27.4743, 25.4, 23.4176, 21.5526, 19.838, 18.3162, 17.0388, 
212.646, 217.707, 50.1417, 44.8725, 43.1658, 40.7042, 30.48, 27.94, 25.4, 22.86, 20.32, 17.78, 15.24, 12.7, 10.16, 7.62, 5.08, 2.54, 0, 2.54, 5.08, 34.0777, 31.8261, 29.6212, 27.4743, 25.4, 23.4176, 21.5526, 19.838, 18.3162, 
212.882, 217.938, 52.2092, 47.1716, 45.5511, 43.2255, 33.02, 30.48, 27.94, 25.4, 22.86, 20.32, 17.78, 15.24, 12.7, 10.16, 7.62, 5.08, 2.54, 0, 2.54, 36.3673, 34.0777, 31.8261, 29.6212, 27.4743, 25.4, 23.4176, 21.5526, 19.838, 
213.149, 218.198, 54.3168, 49.4942, 47.9522, 45.7489, 35.56, 33.02, 30.48, 27.94, 25.4, 22.86, 20.32, 17.78, 15.24, 12.7, 10.16, 7.62, 5.08, 2.54, 0, 38.6881, 36.3673, 34.0777, 31.8261, 29.6212, 27.4743, 25.4, 23.4176, 21.5526, 
196.958, 202.029, 46.0364, 36.1805, 32.0493, 22.606, 15.24, 15.4502, 16.0644, 17.0388, 18.3162, 19.838, 21.5526, 23.4176, 25.4, 27.4743, 29.6212, 31.8261, 34.0777, 36.3673, 38.6881, 0, 2.54, 5.08, 7.62, 10.16, 12.7, 15.24, 17.78, 20.32, 
196.821, 201.895, 46.649, 36.9568, 32.9231, 23.8287, 15.4502, 15.24, 15.4502, 16.0644, 17.0388, 18.3162, 19.838, 21.5526, 23.4176, 25.4, 27.4743, 29.6212, 31.8261, 34.0777, 36.3673, 2.54, 0, 2.54, 5.08, 7.62, 10.16, 12.7, 15.24, 17.78, 
196.716, 201.793, 47.3899, 37.8877, 33.9648, 25.2484, 16.0644, 15.4502, 15.24, 15.4502, 16.0644, 17.0388, 18.3162, 19.838, 21.5526, 23.4176, 25.4, 27.4743, 29.6212, 31.8261, 34.0777, 5.08, 2.54, 0, 2.54, 5.08, 7.62, 10.16, 12.7, 15.24, 
196.643, 201.722, 48.2533, 38.9623, 35.1595, 26.834, 17.0388, 16.0644, 15.4502, 15.24, 15.4502, 16.0644, 17.0388, 18.3162, 19.838, 21.5526, 23.4176, 25.4, 27.4743, 29.6212, 31.8261, 7.62, 5.08, 2.54, 0, 2.54, 5.08, 7.62, 10.16, 12.7, 
196.604, 201.684, 49.2328, 40.169, 36.4921, 28.5578, 18.3162, 17.0388, 16.0644, 15.4502, 15.24, 15.4502, 16.0644, 17.0388, 18.3162, 19.838, 21.5526, 23.4176, 25.4, 27.4743, 29.6212, 10.16, 7.62, 5.08, 2.54, 0, 2.54, 5.08, 7.62, 10.16, 
196.597, 201.677, 50.3215, 41.4962, 37.9481, 30.3963, 19.838, 18.3162, 17.0388, 16.0644, 15.4502, 15.24, 15.4502, 16.0644, 17.0388, 18.3162, 19.838, 21.5526, 23.4176, 25.4, 27.4743, 12.7, 10.16, 7.62, 5.08, 2.54, 0, 2.54, 5.08, 7.62, 
196.624, 201.703, 51.5126, 42.9328, 39.5139, 32.3299, 21.5526, 19.838, 18.3162, 17.0388, 16.0644, 15.4502, 15.24, 15.4502, 16.0644, 17.0388, 18.3162, 19.838, 21.5526, 23.4176, 25.4, 15.24, 12.7, 10.16, 7.62, 5.08, 2.54, 0, 2.54, 5.08, 
196.683, 201.761, 52.799, 44.4681, 41.177, 34.3426, 23.4176, 21.5526, 19.838, 18.3162, 17.0388, 16.0644, 15.4502, 15.24, 15.4502, 16.0644, 17.0388, 18.3162, 19.838, 21.5526, 23.4176, 17.78, 15.24, 12.7, 10.16, 7.62, 5.08, 2.54, 0, 2.54, 
196.775, 201.85, 54.1741, 46.0924, 42.926, 36.4213, 25.4, 23.4176, 21.5526, 19.838, 18.3162, 17.0388, 16.0644, 15.4502, 15.24, 15.4502, 16.0644, 17.0388, 18.3162, 19.838, 21.5526, 20.32, 17.78, 15.24, 12.7, 10.16, 7.62, 5.08, 2.54, 0, 
Scaled Distances:
0, 8.78099e+16, 8.29699e+18, 7.94724e+18, 7.79863e+18, 7.44908e+18, 7.24716e+18, 7.24274e+18, 7.23937e+18, 7.23706e+18, 7.23579e+18, 7.23558e+18, 7.23643e+18, 7.23832e+18, 7.24127e+18, 7.24526e+18, 7.25031e+18, 7.2564e+18, 7.26354e+18, 7.27171e+18, 7.28093e+18, 6.7212e+18, 6.71644e+18, 6.71281e+18, 6.71032e+18, 6.70895e+18, 6.70873e+18, 6.70963e+18, 6.71168e+18, 6.71485e+18, 
8.78099e+16, 0, 8.47191e+18, 8.1221e+18, 7.97346e+18, 7.62384e+18, 7.4225e+18, 7.41819e+18, 7.4149e+18, 7.41264e+18, 7.41141e+18, 7.4112e+18, 7.41202e+18, 7.41387e+18, 7.41675e+18, 7.42066e+18, 7.42558e+18, 7.43153e+18, 7.4385e+18, 7.44649e+18, 7.45549e+18, 6.8965e+18, 6.89186e+18, 6.88833e+18, 6.88589e+18, 6.88457e+18, 6.88435e+18, 6.88523e+18, 6.88722e+18, 6.89032e+18, 
8.29699e+18, 8.47191e+18, 0, 2.6343e+17, 4.12707e+17, 7.63946e+17, 9.95139e+17, 1.02603e+18, 1.0628e+18, 1.10492e+18, 1.15183e+18, 1.20303e+18, 1.258e+18, 1.31633e+18, 1.37759e+18, 1.44144e+18, 1.50758e+18, 1.57572e+18, 1.64563e+18, 1.71711e+18, 1.78997e+18, 1.50371e+18, 1.52488e+18, 1.5505e+18, 1.58035e+18, 1.61421e+18, 1.65185e+18, 1.69302e+18, 1.7375e+18, 1.78503e+18, 
7.94724e+18, 8.1221e+18, 2.6343e+17, 0, 6.14669e+16, 4.12707e+17, 6.70107e+17, 7.13621e+17, 7.63991e+17, 8.20078e+17, 8.80889e+17, 9.4559e+17, 1.0135e+18, 1.08405e+18, 1.1568e+18, 1.23139e+18, 1.30751e+18, 1.38494e+18, 1.46347e+18, 1.54295e+18, 1.62324e+18, 1.16298e+18, 1.18982e+18, 1.222e+18, 1.25915e+18, 1.30086e+18, 1.34675e+18, 1.39641e+18, 1.44949e+18, 1.50564e+18, 
7.79863e+18, 7.97346e+18, 4.12707e+17, 6.14669e+16, 0, 2.6343e+17, 5.40568e+17, 5.92419e+17, 6.51099e+17, 7.15111e+17, 7.8328e+17, 8.54706e+17, 9.28701e+17, 1.00474e+18, 1.08244e+18, 1.16147e+18, 1.2416e+18, 1.32265e+18, 1.40447e+18, 1.48693e+18, 1.56994e+18, 1.02016e+18, 1.05037e+18, 1.08638e+18, 1.12768e+18, 1.17375e+18, 1.22409e+18, 1.27822e+18, 1.33571e+18, 1.39618e+18, 
7.44908e+18, 7.62384e+18, 7.63946e+17, 4.12707e+17, 2.6343e+17, 0, 2.97054e+17, 3.76919e+17, 4.59225e+17, 5.43017e+17, 6.27773e+17, 7.13188e+17, 7.9907e+17, 8.85297e+17, 9.71783e+17, 1.05847e+18, 1.14532e+18, 1.23229e+18, 1.31937e+18, 1.40653e+18, 1.49377e+18, 6.93698e+17, 7.35967e+17, 7.85049e+17, 8.39863e+17, 8.99456e+17, 9.63014e+17, 1.02986e+18, 1.09944e+18, 1.17131e+18, 
7.24716e+18, 7.4225e+18, 9.95139e+17, 6.70107e+17, 5.40568e+17, 2.97054e+17, 0, 246, 8.78099e+16, 1.7562e+17, 2.6343e+17, 3.5124e+17, 4.39049e+17, 5.26859e+17, 6.14669e+17, 7.02479e+17, 7.90289e+17, 8.78099e+17, 9.65909e+17, 1.05372e+18, 1.14153e+18, 4.39049e+17, 4.46317e+17, 4.67549e+17, 5.01237e+17, 5.45396e+17, 5.98007e+17, 6.57282e+17, 7.21757e+17, 7.90289e+17, 
7.24274e+18, 7.41819e+18, 1.02603e+18, 7.13621e+17, 5.92419e+17, 3.76919e+17, 246, 0, 246, 8.78099e+16, 1.7562e+17, 2.6343e+17, 3.5124e+17, 4.39049e+17, 5.26859e+17, 6.14669e+17, 7.02479e+17, 7.90289e+17, 8.78099e+17, 9.65909e+17, 1.05372e+18, 4.46317e+17, 4.39049e+17, 4.46317e+17, 4.67549e+17, 5.01237e+17, 5.45396e+17, 5.98007e+17, 6.57282e+17, 7.21757e+17, 
7.23937e+18, 7.4149e+18, 1.0628e+18, 7.63991e+17, 6.51099e+17, 4.59225e+17, 8.78099e+16, 246, 0, 246, 8.78099e+16, 1.7562e+17, 2.6343e+17, 3.5124e+17, 4.39049e+17, 5.26859e+17, 6.14669e+17, 7.02479e+17, 7.90289e+17, 8.78099e+17, 9.65909e+17, 4.67549e+17, 4.46317e+17, 4.39049e+17, 4.46317e+17, 4.67549e+17, 5.01237e+17, 5.45396e+17, 5.98007e+17, 6.57282e+17, 
7.23706e+18, 7.41264e+18, 1.10492e+18, 8.20078e+17, 7.15111e+17, 5.43017e+17, 1.7562e+17, 8.78099e+16, 246, 0, 246, 8.78099e+16, 1.7562e+17, 2.6343e+17, 3.5124e+17, 4.39049e+17, 5.26859e+17, 6.14669e+17, 7.02479e+17, 7.90289e+17, 8.78099e+17, 5.01237e+17, 4.67549e+17, 4.46317e+17, 4.39049e+17, 4.46317e+17, 4.67549e+17, 5.01237e+17, 5.45396e+17, 5.98007e+17, 
7.23579e+18, 7.41141e+18, 1.15183e+18, 8.80889e+17, 7.8328e+17, 6.27773e+17, 2.6343e+17, 1.7562e+17, 8.78099e+16, 246, 0, 246, 8.78099e+16, 1.7562e+17, 2.6343e+17, 3.5124e+17, 4.39049e+17, 5.26859e+17, 6.14669e+17, 7.02479e+17, 7.90289e+17, 5.45396e+17, 5.01237e+17, 4.67549e+17, 4.46317e+17, 4.39049e+17, 4.46317e+17, 4.67549e+17, 5.01237e+17, 5.45396e+17, 
7.23558e+18, 7.4112e+18, 1.20303e+18, 9.4559e+17, 8.54706e+17, 7.13188e+17, 3.5124e+17, 2.6343e+17, 1.7562e+17, 8.78099e+16, 246, 0, 246, 8.78099e+16, 1.7562e+17, 2.6343e+17, 3.5124e+17, 4.39049e+17, 5.26859e+17, 6.14669e+17, 7.02479e+17, 5.98007e+17, 5.45396e+17, 5.01237e+17, 4.67549e+17, 4.46317e+17, 4.39049e+17, 4.46317e+17, 4.67549e+17, 5.01237e+17, 
7.23643e+18, 7.41202e+18, 1.258e+18, 1.0135e+18, 9.28701e+17, 7.9907e+17, 4.39049e+17, 3.5124e+17, 2.6343e+17, 1.7562e+17, 8.78099e+16, 246, 0, 491, 8.78099e+16, 1.7562e+17, 2.6343e+17, 3.5124e+17, 4.39049e+17, 5.26859e+17, 6.14669e+17, 6.57282e+17, 5.98007e+17, 5.45396e+17, 5.01237e+17, 4.67549e+17, 4.46317e+17, 4.39049e+17, 4.46317e+17, 4.67549e+17, 
7.23832e+18, 7.41387e+18, 1.31633e+18, 1.08405e+18, 1.00474e+18, 8.85297e+17, 5.26859e+17, 4.39049e+17, 3.5124e+17, 2.6343e+17, 1.7562e+17, 8.78099e+16, 491, 0, 246, 8.78099e+16, 1.7562e+17, 2.6343e+17, 3.5124e+17, 4.39049e+17, 5.26859e+17, 7.21757e+17, 6.57282e+17, 5.98007e+17, 5.45396e+17, 5.01237e+17, 4.67549e+17, 4.46317e+17, 4.39049e+17, 4.46317e+17, 
7.24127e+18, 7.41675e+18, 1.37759e+18, 1.1568e+18, 1.08244e+18, 9.71783e+17, 6.14669e+17, 5.26859e+17, 4.39049e+17, 3.5124e+17, 2.6343e+17, 1.7562e+17, 8.78099e+16, 246, 0, 0, 8.78099e+16, 1.7562e+17, 2.6343e+17, 3.5124e+17, 4.39049e+17, 7.90289e+17, 7.21757e+17, 6.57282e+17, 5.98007e+17, 5.45396e+17, 5.01237e+17, 4.67549e+17, 4.46317e+17, 4.39049e+17, 
7.24526e+18, 7.42066e+18, 1.44144e+18, 1.23139e+18, 1.16147e+18, 1.05847e+18, 7.02479e+17, 6.14669e+17, 5.26859e+17, 4.39049e+17, 3.5124e+17, 2.6343e+17, 1.7562e+17, 8.78099e+16, 0, 0, 491, 8.78099e+16, 1.7562e+17, 2.6343e+17, 3.5124e+17, 8.61999e+17, 7.90289e+17, 7.21757e+17, 6.57282e+17, 5.98007e+17, 5.45396e+17, 5.01237e+17, 4.67549e+17, 4.46317e+17, 
7.25031e+18, 7.42558e+18, 1.50758e+18, 1.30751e+18, 1.2416e+18, 1.14532e+18, 7.90289e+17, 7.02479e+17, 6.14669e+17, 5.26859e+17, 4.39049e+17, 3.5124e+17, 2.6343e+17, 1.7562e+17, 8.78099e+16, 491, 0, 491, 8.78099e+16, 1.7562e+17, 2.6343e+17, 9.36221e+17, 8.61999e+17, 7.90289e+17, 7.21757e+17, 6.57282e+17, 5.98007e+17, 5.45396e+17, 5.01237e+17, 4.67549e+17, 
7.2564e+18, 7.43153e+18, 1.57572e+18, 1.38494e+18, 1.32265e+18, 1.23229e+18, 8.78099e+17, 7.90289e+17, 7.02479e+17, 6.14669e+17, 5.26859e+17, 4.39049e+17, 3.5124e+17, 2.6343e+17, 1.7562e+17, 8.78099e+16, 491, 0, 0, 8.78099e+16, 1.7562e+17, 1.01244e+18, 9.36221e+17, 8.61999e+17, 7.90289e+17, 7.21757e+17, 6.57282e+17, 5.98007e+17, 5.45396e+17, 5.01237e+17, 
7.26354e+18, 7.4385e+18, 1.64563e+18, 1.46347e+18, 1.40447e+18, 1.31937e+18, 9.65909e+17, 8.78099e+17, 7.90289e+17, 7.02479e+17, 6.14669e+17, 5.26859e+17, 4.39049e+17, 3.5124e+17, 2.6343e+17, 1.7562e+17, 8.78099e+16, 0, 0, 491, 8.78099e+16, 1.09028e+18, 1.01244e+18, 9.36221e+17, 8.61999e+17, 7.90289e+17, 7.21757e+17, 6.57282e+17, 5.98007e+17, 5.45396e+17, 
7.27171e+18, 7.44649e+18, 1.71711e+18, 1.54295e+18, 1.48693e+18, 1.40653e+18, 1.05372e+18, 9.65909e+17, 8.78099e+17, 7.90289e+17, 7.02479e+17, 6.14669e+17, 5.26859e+17, 4.39049e+17, 3.5124e+17, 2.6343e+17, 1.7562e+17, 8.78099e+16, 491, 0, 0, 1.16944e+18, 1.09028e+18, 1.01244e+18, 9.36221e+17, 8.61999e+17, 7.90289e+17, 7.21757e+17, 6.57282e+17, 5.98007e+17, 
7.28093e+18, 7.45549e+18, 1.78997e+18, 1.62324e+18, 1.56994e+18, 1.49377e+18, 1.14153e+18, 1.05372e+18, 9.65909e+17, 8.78099e+17, 7.90289e+17, 7.02479e+17, 6.14669e+17, 5.26859e+17, 4.39049e+17, 3.5124e+17, 2.6343e+17, 1.7562e+17, 8.78099e+16, 0, 0, 1.24967e+18, 1.16944e+18, 1.09028e+18, 1.01244e+18, 9.36221e+17, 8.61999e+17, 7.90289e+17, 7.21757e+17, 6.57282e+17, 
6.7212e+18, 6.8965e+18, 1.50371e+18, 1.16298e+18, 1.02016e+18, 6.93698e+17, 4.39049e+17, 4.46317e+17, 4.67549e+17, 5.01237e+17, 5.45396e+17, 5.98007e+17, 6.57282e+17, 7.21757e+17, 7.90289e+17, 8.61999e+17, 9.36221e+17, 1.01244e+18, 1.09028e+18, 1.16944e+18, 1.24967e+18, 0, 246, 8.78099e+16, 1.7562e+17, 2.6343e+17, 3.5124e+17, 4.39049e+17, 5.26859e+17, 6.14669e+17, 
6.71644e+18, 6.89186e+18, 1.52488e+18, 1.18982e+18, 1.05037e+18, 7.35967e+17, 4.46317e+17, 4.39049e+17, 4.46317e+17, 4.67549e+17, 5.01237e+17, 5.45396e+17, 5.98007e+17, 6.57282e+17, 7.21757e+17, 7.90289e+17, 8.61999e+17, 9.36221e+17, 1.01244e+18, 1.09028e+18, 1.16944e+18, 246, 0, 246, 8.78099e+16, 1.7562e+17, 2.6343e+17, 3.5124e+17, 4.39049e+17, 5.26859e+17, 
6.71281e+18, 6.88833e+18, 1.5505e+18, 1.222e+18, 1.08638e+18, 7.85049e+17, 4.67549e+17, 4.46317e+17, 4.39049e+17, 4.46317e+17, 4.67549e+17, 5.01237e+17, 5.45396e+17, 5.98007e+17, 6.57282e+17, 7.21757e+17, 7.90289e+17, 8.61999e+17, 9.36221e+17, 1.01244e+18, 1.09028e+18, 8.78099e+16, 246, 0, 246, 8.78099e+16, 1.7562e+17, 2.6343e+17, 3.5124e+17, 4.39049e+17, 
6.71032e+18, 6.88589e+18, 1.58035e+18, 1.25915e+18, 1.12768e+18, 8.39863e+17, 5.01237e+17, 4.67549e+17, 4.46317e+17, 4.39049e+17, 4.46317e+17, 4.67549e+17, 5.01237e+17, 5.45396e+17, 5.98007e+17, 6.57282e+17, 7.21757e+17, 7.90289e+17, 8.61999e+17, 9.36221e+17, 1.01244e+18, 1.7562e+17, 8.78099e+16, 246, 0, 246, 8.78099e+16, 1.7562e+17, 2.6343e+17, 3.5124e+17, 
6.70895e+18, 6.88457e+18, 1.61421e+18, 1.30086e+18, 1.17375e+18, 8.99456e+17, 5.45396e+17, 5.01237e+17, 4.67549e+17, 4.46317e+17, 4.39049e+17, 4.46317e+17, 4.67549e+17, 5.01237e+17, 5.45396e+17, 5.98007e+17, 6.57282e+17, 7.21757e+17, 7.90289e+17, 8.61999e+17, 9.36221e+17, 2.6343e+17, 1.7562e+17, 8.78099e+16, 246, 0, 246, 8.78099e+16, 1.7562e+17, 2.6343e+17, 
6.70873e+18, 6.88435e+18, 1.65185e+18, 1.34675e+18, 1.22409e+18, 9.63014e+17, 5.98007e+17, 5.45396e+17, 5.01237e+17, 4.67549e+17, 4.46317e+17, 4.39049e+17, 4.46317e+17, 4.67549e+17, 5.01237e+17, 5.45396e+17, 5.98007e+17, 6.57282e+17, 7.21757e+17, 7.90289e+17, 8.61999e+17, 3.5124e+17, 2.6343e+17, 1.7562e+17, 8.78099e+16, 246, 0, 246, 8.78099e+16, 1.7562e+17, 
6.70963e+18, 6.88523e+18, 1.69302e+18, 1.39641e+18, 1.27822e+18, 1.02986e+18, 6.57282e+17, 5.98007e+17, 5.45396e+17, 5.01237e+17, 4.67549e+17, 4.46317e+17, 4.39049e+17, 4.46317e+17, 4.67549e+17, 5.01237e+17, 5.45396e+17, 5.98007e+17, 6.57282e+17, 7.21757e+17, 7.90289e+17, 4.39049e+17, 3.5124e+17, 2.6343e+17, 1.7562e+17, 8.78099e+16, 246, 0, 491, 8.78099e+16, 
6.71168e+18, 6.88722e+18, 1.7375e+18, 1.44949e+18, 1.33571e+18, 1.09944e+18, 7.21757e+17, 6.57282e+17, 5.98007e+17, 5.45396e+17, 5.01237e+17, 4.67549e+17, 4.46317e+17, 4.39049e+17, 4.46317e+17, 4.67549e+17, 5.01237e+17, 5.45396e+17, 5.98007e+17, 6.57282e+17, 7.21757e+17, 5.26859e+17, 4.39049e+17, 3.5124e+17, 2.6343e+17, 1.7562e+17, 8.78099e+16, 491, 0, 246, 
6.71485e+18, 6.89032e+18, 1.78503e+18, 1.50564e+18, 1.39618e+18, 1.17131e+18, 7.90289e+17, 7.21757e+17, 6.57282e+17, 5.98007e+17, 5.45396e+17, 5.01237e+17, 4.67549e+17, 4.46317e+17, 4.39049e+17, 4.46317e+17, 4.67549e+17, 5.01237e+17, 5.45396e+17, 5.98007e+17, 6.57282e+17, 6.14669e+17, 5.26859e+17, 4.39049e+17, 3.5124e+17, 2.6343e+17, 1.7562e+17, 8.78099e+16, 246, 0, 
Optimal total distance (scaled) for 30 points: 1.65353e+19
Optimal total distance for 30 points: 554.502546
Corresponding path (0-indexed):
Point #29
Point #0
Point #1
Point #20
Point #19
Point #18
Point #17
Point #16
Point #15
Point #14
Point #13
Point #12
Point #11
Point #10
Point #9
Point #8
Point #7
Point #6
Point #2
Point #3
Point #4
Point #5
Point #21
Point #22
Point #23
Point #24
Point #25
Point #26
Point #27
Point #28
Point #29
Execution time: 170448 ms

Elapsed time: 170448 ms


Terminating due to timeout: 170448 ms >= 20000 ms

Executed runs: 1/10000
Total execution time: 170.448 s
Avg execution time: 170448 ms
