Solving TSP


Execution #1/1

Seed: 1
Estimated max possible cost 100.000000
for path: 
0 1 2 3 4 5 6 7 8 9 10 0
Memory needed for path: 4920 locs, for costs: 2520 locs.
Desired precision: 1e+12
Mem constraint for cost_t: 16 bits
Rounded to pow of 2 bytes mem constraint (capped at 64bits) for cost_t: 16 bits
Bits needed for an int to preserve precision: 47
Warning: cannot preserve precision.
Warning: Using an integer; there is not enough memory for decimals.
Bits used per cost_t: 16
Selected cost_t = (u)int16_t
Solving with cost_t = t
Memory [GB] needed: 9.27597e-06
Requested precision is too high;managed to differentiate costs by: 0.000076
Distances:
9999, 3, 5, 48, 48, 8, 8, 5, 5, 3, 3, 
3, 9999, 3, 48, 48, 8, 8, 5, 5, 0, 0, 
5, 3, 9999, 72, 72, 48, 48, 24, 24, 3, 3, 
48, 48, 74, 9999, 0, 6, 6, 12, 12, 48, 48, 
48, 48, 74, 0, 9999, 6, 6, 12, 12, 48, 48, 
8, 8, 50, 6, 6, 9999, 0, 8, 8, 8, 8, 
8, 8, 50, 6, 6, 0, 9999, 8, 8, 8, 8, 
5, 5, 26, 12, 12, 8, 8, 9999, 0, 5, 5, 
5, 5, 26, 12, 12, 8, 8, 0, 9999, 5, 5, 
3, 0, 3, 48, 48, 8, 8, 5, 5, 9999, 0, 
3, 0, 3, 48, 48, 8, 8, 5, 5, 0, 9999, 
Scaled Distances:
65535, 1771, 2952, 28339, 28339, 4723, 4723, 2952, 2952, 1771, 1771, 
1771, 65535, 1771, 28339, 28339, 4723, 4723, 2952, 2952, 0, 0, 
2952, 1771, 65535, 42509, 42509, 28339, 28339, 14170, 14170, 1771, 1771, 
28339, 28339, 43690, 65535, 0, 3542, 3542, 7085, 7085, 28339, 28339, 
28339, 28339, 43690, 0, 65535, 3542, 3542, 7085, 7085, 28339, 28339, 
4723, 4723, 29520, 3542, 3542, 65535, 0, 4723, 4723, 4723, 4723, 
4723, 4723, 29520, 3542, 3542, 0, 65535, 4723, 4723, 4723, 4723, 
2952, 2952, 15351, 7085, 7085, 4723, 4723, 65535, 0, 2952, 2952, 
2952, 2952, 15351, 7085, 7085, 4723, 4723, 0, 65535, 2952, 2952, 
1771, 0, 1771, 28339, 28339, 4723, 4723, 2952, 2952, 65535, 0, 
1771, 0, 1771, 28339, 28339, 4723, 4723, 2952, 2952, 0, 65535, 
Optimal total distance (scaled) for 11 points: 23025
Optimal total distance for 11 points: 39.000000
Corresponding path (0-indexed):
Point #10
Point #8
Point #7
Point #4
Point #3
Point #6
Point #5
Point #0
Point #2
Point #1
Point #9
Point #10
Execution time: 0 ms

Elapsed time: 0 ms
Executed runs: 1/1
Total execution time: 0 s
Avg execution time: 0 ms
