Solving TSP


Execution #1/10000

Seed: 1
Estimated max possible cost 559.656328
for path: 
0 1 2 3 4 5 6 7 8 9 10 11 12 13 14 15 16 17 18 19 20 21 0
Memory needed for path: 5542509 locs, for costs: 6172530 locs.
Desired precision: 1e+12
Mem constraint for cost_t: 8 bits
Rounded to pow of 2 bytes mem constraint (capped at 64bits) for cost_t: 8 bits
Bits needed for an int to preserve precision: 49
Warning: cannot preserve precision.
Warning: Using an integer; there is not enough memory for decimals.
Bits used per cost_t: 8
Selected cost_t = (u)int8_t
Solving with cost_t = h
Memory [GB] needed: 0.0109105
Requested precision is too high;managed to differentiate costs by: 35.184372
Distances:
0, 5.08, 242.54, 232.423, 228.124, 218.013, 212.172, 212.044, 211.947, 211.88, 211.843, 211.837, 211.862, 211.917, 212.002, 212.117, 212.263, 212.44, 212.646, 212.882, 213.149, 196.958, 
5.08, 0, 247.599, 237.481, 233.181, 223.068, 217.244, 217.119, 217.024, 216.959, 216.923, 216.917, 216.941, 216.995, 217.078, 217.191, 217.333, 217.505, 217.707, 217.938, 218.198, 202.029, 
242.54, 247.599, 0, 10.16, 14.478, 24.638, 31.3255, 32.219, 33.2827, 34.501, 35.8581, 37.3389, 38.9292, 40.6162, 42.3883, 44.2354, 46.1484, 48.1194, 50.1417, 52.2092, 54.3168, 46.0364, 
232.423, 237.481, 10.16, 0, 4.318, 14.478, 21.9236, 23.1823, 24.6393, 26.2617, 28.0207, 29.8922, 31.8565, 33.8973, 36.0018, 38.1592, 40.3612, 42.6009, 44.8725, 47.1716, 49.4942, 36.1805, 
228.124, 233.181, 14.478, 4.318, 0, 10.16, 18.1765, 19.6764, 21.3738, 23.2254, 25.1973, 27.2633, 29.4037, 31.6034, 33.8507, 36.1368, 38.4548, 40.7992, 43.1658, 45.5511, 47.9522, 32.0493, 
218.013, 223.068, 24.638, 14.478, 10.16, 0, 11.1326, 13.4428, 15.8236, 18.2474, 20.6991, 23.1698, 25.654, 28.1482, 30.6499, 33.1575, 35.6696, 38.1854, 40.7042, 43.2255, 45.7489, 22.606, 
212.172, 217.244, 31.3255, 21.9236, 18.1765, 11.1326, 0, 2.54, 5.08, 7.62, 10.16, 12.7, 15.24, 17.78, 20.32, 22.86, 25.4, 27.94, 30.48, 33.02, 35.56, 15.24, 
212.044, 217.119, 32.219, 23.1823, 19.6764, 13.4428, 2.54, 0, 2.54, 5.08, 7.62, 10.16, 12.7, 15.24, 17.78, 20.32, 22.86, 25.4, 27.94, 30.48, 33.02, 15.4502, 
211.947, 217.024, 33.2827, 24.6393, 21.3738, 15.8236, 5.08, 2.54, 0, 2.54, 5.08, 7.62, 10.16, 12.7, 15.24, 17.78, 20.32, 22.86, 25.4, 27.94, 30.48, 16.0644, 
211.88, 216.959, 34.501, 26.2617, 23.2254, 18.2474, 7.62, 5.08, 2.54, 0, 2.54, 5.08, 7.62, 10.16, 12.7, 15.24, 17.78, 20.32, 22.86, 25.4, 27.94, 17.0388, 
211.843, 216.923, 35.8581, 28.0207, 25.1973, 20.6991, 10.16, 7.62, 5.08, 2.54, 0, 2.54, 5.08, 7.62, 10.16, 12.7, 15.24, 17.78, 20.32, 22.86, 25.4, 18.3162, 
211.837, 216.917, 37.3389, 29.8922, 27.2633, 23.1698, 12.7, 10.16, 7.62, 5.08, 2.54, 0, 2.54, 5.08, 7.62, 10.16, 12.7, 15.24, 17.78, 20.32, 22.86, 19.838, 
211.862, 216.941, 38.9292, 31.8565, 29.4037, 25.654, 15.24, 12.7, 10.16, 7.62, 5.08, 2.54, 0, 2.54, 5.08, 7.62, 10.16, 12.7, 15.24, 17.78, 20.32, 21.5526, 
211.917, 216.995, 40.6162, 33.8973, 31.6034, 28.1482, 17.78, 15.24, 12.7, 10.16, 7.62, 5.08, 2.54, 0, 2.54, 5.08, 7.62, 10.16, 12.7, 15.24, 17.78, 23.4176, 
212.002, 217.078, 42.3883, 36.0018, 33.8507, 30.6499, 20.32, 17.78, 15.24, 12.7, 10.16, 7.62, 5.08, 2.54, 0, 2.54, 5.08, 7.62, 10.16, 12.7, 15.24, 25.4, 
212.117, 217.191, 44.2354, 38.1592, 36.1368, 33.1575, 22.86, 20.32, 17.78, 15.24, 12.7, 10.16, 7.62, 5.08, 2.54, 0, 2.54, 5.08, 7.62, 10.16, 12.7, 27.4743, 
212.263, 217.333, 46.1484, 40.3612, 38.4548, 35.6696, 25.4, 22.86, 20.32, 17.78, 15.24, 12.7, 10.16, 7.62, 5.08, 2.54, 0, 2.54, 5.08, 7.62, 10.16, 29.6212, 
212.44, 217.505, 48.1194, 42.6009, 40.7992, 38.1854, 27.94, 25.4, 22.86, 20.32, 17.78, 15.24, 12.7, 10.16, 7.62, 5.08, 2.54, 0, 2.54, 5.08, 7.62, 31.8261, 
212.646, 217.707, 50.1417, 44.8725, 43.1658, 40.7042, 30.48, 27.94, 25.4, 22.86, 20.32, 17.78, 15.24, 12.7, 10.16, 7.62, 5.08, 2.54, 0, 2.54, 5.08, 34.0777, 
212.882, 217.938, 52.2092, 47.1716, 45.5511, 43.2255, 33.02, 30.48, 27.94, 25.4, 22.86, 20.32, 17.78, 15.24, 12.7, 10.16, 7.62, 5.08, 2.54, 0, 2.54, 36.3673, 
213.149, 218.198, 54.3168, 49.4942, 47.9522, 45.7489, 35.56, 33.02, 30.48, 27.94, 25.4, 22.86, 20.32, 17.78, 15.24, 12.7, 10.16, 7.62, 5.08, 2.54, 0, 38.6881, 
196.958, 202.029, 46.0364, 36.1805, 32.0493, 22.606, 15.24, 15.4502, 16.0644, 17.0388, 18.3162, 19.838, 21.5526, 23.4176, 25.4, 27.4743, 29.6212, 31.8261, 34.0777, 36.3673, 38.6881, 0, 
Scaled Distances:
0, 1, 109, 104, 103, 98, 95, 95, 95, 95, 95, 95, 95, 95, 95, 95, 95, 95, 96, 96, 96, 88, 
1, 0, 111, 107, 105, 100, 98, 98, 97, 97, 97, 97, 97, 97, 98, 98, 98, 98, 98, 98, 98, 91, 
109, 111, 0, 3, 5, 10, 13, 13, 14, 15, 15, 16, 17, 17, 18, 19, 20, 21, 22, 23, 24, 20, 
104, 107, 3, 0, 1, 5, 9, 9, 10, 11, 12, 12, 13, 14, 15, 16, 17, 18, 19, 20, 21, 15, 
103, 105, 5, 1, 0, 3, 7, 8, 9, 9, 10, 11, 12, 13, 14, 15, 16, 17, 18, 20, 21, 13, 
98, 100, 10, 5, 3, 0, 4, 5, 6, 7, 8, 9, 11, 12, 13, 14, 15, 16, 17, 18, 20, 9, 
95, 98, 13, 9, 7, 4, 0, 0, 1, 2, 3, 5, 6, 7, 8, 9, 10, 12, 13, 14, 15, 6, 
95, 98, 13, 9, 8, 5, 0, 0, 0, 1, 2, 3, 5, 6, 7, 8, 9, 10, 12, 13, 14, 6, 
95, 97, 14, 10, 9, 6, 1, 0, 0, 0, 1, 2, 3, 5, 6, 7, 8, 9, 10, 12, 13, 6, 
95, 97, 15, 11, 9, 7, 2, 1, 0, 0, 0, 1, 2, 3, 5, 6, 7, 8, 9, 10, 12, 7, 
95, 97, 15, 12, 10, 8, 3, 2, 1, 0, 0, 0, 1, 2, 3, 5, 6, 7, 8, 9, 10, 7, 
95, 97, 16, 12, 11, 9, 5, 3, 2, 1, 0, 0, 0, 1, 2, 3, 5, 6, 7, 8, 9, 8, 
95, 97, 17, 13, 12, 11, 6, 5, 3, 2, 1, 0, 0, 0, 1, 2, 3, 5, 6, 7, 8, 9, 
95, 97, 17, 14, 13, 12, 7, 6, 5, 3, 2, 1, 0, 0, 0, 1, 2, 3, 5, 6, 7, 9, 
95, 98, 18, 15, 14, 13, 8, 7, 6, 5, 3, 2, 1, 0, 0, 0, 1, 2, 3, 5, 6, 10, 
95, 98, 19, 16, 15, 14, 9, 8, 7, 6, 5, 3, 2, 1, 0, 0, 0, 1, 2, 3, 5, 11, 
95, 98, 20, 17, 16, 15, 10, 9, 8, 7, 6, 5, 3, 2, 1, 0, 0, 0, 1, 2, 3, 12, 
95, 98, 21, 18, 17, 16, 12, 10, 9, 8, 7, 6, 5, 3, 2, 1, 0, 0, 0, 1, 2, 13, 
96, 98, 22, 19, 18, 17, 13, 12, 10, 9, 8, 7, 6, 5, 3, 2, 1, 0, 0, 0, 1, 14, 
96, 98, 23, 20, 20, 18, 14, 13, 12, 10, 9, 8, 7, 6, 5, 3, 2, 1, 0, 0, 0, 15, 
96, 98, 24, 21, 21, 20, 15, 14, 13, 12, 10, 9, 8, 7, 6, 5, 3, 2, 1, 0, 0, 16, 
88, 91, 20, 15, 13, 9, 6, 6, 6, 7, 7, 8, 9, 9, 10, 11, 12, 13, 14, 15, 16, 0, 
Optimal total distance (scaled) for 22 points: 216
Optimal total distance for 22 points: 534.366066
Corresponding path (0-indexed):
Point #21
Point #5
Point #4
Point #3
Point #2
Point #6
Point #7
Point #8
Point #9
Point #10
Point #11
Point #12
Point #13
Point #14
Point #15
Point #16
Point #17
Point #18
Point #19
Point #20
Point #1
Point #0
Point #21
Execution time: 332 ms

Elapsed time: 332 ms


Execution #2/10000

Seed: 2
Estimated max possible cost 559.656328
for path: 
0 1 2 3 4 5 6 7 8 9 10 11 12 13 14 15 16 17 18 19 20 21 0
Execution time: 464 ms

Elapsed time: 796 ms


Execution #3/10000

Seed: 3
Estimated max possible cost 559.656328
for path: 
0 1 2 3 4 5 6 7 8 9 10 11 12 13 14 15 16 17 18 19 20 21 0
Execution time: 464 ms

Elapsed time: 1260 ms


Execution #4/10000

Seed: 4
Estimated max possible cost 559.656328
for path: 
0 1 2 3 4 5 6 7 8 9 10 11 12 13 14 15 16 17 18 19 20 21 0
Execution time: 464 ms

Elapsed time: 1724 ms


Execution #5/10000

Seed: 5
Estimated max possible cost 559.656328
for path: 
0 1 2 3 4 5 6 7 8 9 10 11 12 13 14 15 16 17 18 19 20 21 0
Execution time: 464 ms

Elapsed time: 2188 ms


Execution #6/10000

Seed: 6
Estimated max possible cost 559.656328
for path: 
0 1 2 3 4 5 6 7 8 9 10 11 12 13 14 15 16 17 18 19 20 21 0
Execution time: 463 ms

Elapsed time: 2651 ms


Execution #7/10000

Seed: 7
Estimated max possible cost 559.656328
for path: 
0 1 2 3 4 5 6 7 8 9 10 11 12 13 14 15 16 17 18 19 20 21 0
Execution time: 465 ms

Elapsed time: 3116 ms


Execution #8/10000

Seed: 8
Estimated max possible cost 559.656328
for path: 
0 1 2 3 4 5 6 7 8 9 10 11 12 13 14 15 16 17 18 19 20 21 0
Execution time: 310 ms

Elapsed time: 3426 ms


Execution #9/10000

Seed: 9
Estimated max possible cost 559.656328
for path: 
0 1 2 3 4 5 6 7 8 9 10 11 12 13 14 15 16 17 18 19 20 21 0
Execution time: 287 ms

Elapsed time: 3713 ms


Execution #10/10000

Seed: 10
Estimated max possible cost 559.656328
for path: 
0 1 2 3 4 5 6 7 8 9 10 11 12 13 14 15 16 17 18 19 20 21 0
Execution time: 284 ms

Elapsed time: 3997 ms


Execution #11/10000

Seed: 11
Estimated max possible cost 559.656328
for path: 
0 1 2 3 4 5 6 7 8 9 10 11 12 13 14 15 16 17 18 19 20 21 0
Execution time: 334 ms

Elapsed time: 4331 ms


Execution #12/10000

Seed: 12
Estimated max possible cost 559.656328
for path: 
0 1 2 3 4 5 6 7 8 9 10 11 12 13 14 15 16 17 18 19 20 21 0
Execution time: 271 ms

Elapsed time: 4602 ms


Execution #13/10000

Seed: 13
Estimated max possible cost 559.656328
for path: 
0 1 2 3 4 5 6 7 8 9 10 11 12 13 14 15 16 17 18 19 20 21 0
Execution time: 270 ms

Elapsed time: 4872 ms


Execution #14/10000

Seed: 14
Estimated max possible cost 559.656328
for path: 
0 1 2 3 4 5 6 7 8 9 10 11 12 13 14 15 16 17 18 19 20 21 0
Execution time: 444 ms

Elapsed time: 5316 ms


Execution #15/10000

Seed: 15
Estimated max possible cost 559.656328
for path: 
0 1 2 3 4 5 6 7 8 9 10 11 12 13 14 15 16 17 18 19 20 21 0
Execution time: 457 ms

Elapsed time: 5773 ms


Execution #16/10000

Seed: 16
Estimated max possible cost 559.656328
for path: 
0 1 2 3 4 5 6 7 8 9 10 11 12 13 14 15 16 17 18 19 20 21 0
Execution time: 457 ms

Elapsed time: 6230 ms


Execution #17/10000

Seed: 17
Estimated max possible cost 559.656328
for path: 
0 1 2 3 4 5 6 7 8 9 10 11 12 13 14 15 16 17 18 19 20 21 0
Execution time: 457 ms

Elapsed time: 6687 ms


Execution #18/10000

Seed: 18
Estimated max possible cost 559.656328
for path: 
0 1 2 3 4 5 6 7 8 9 10 11 12 13 14 15 16 17 18 19 20 21 0
Execution time: 456 ms

Elapsed time: 7143 ms


Execution #19/10000

Seed: 19
Estimated max possible cost 559.656328
for path: 
0 1 2 3 4 5 6 7 8 9 10 11 12 13 14 15 16 17 18 19 20 21 0
Execution time: 392 ms

Elapsed time: 7535 ms


Execution #20/10000

Seed: 20
Estimated max possible cost 559.656328
for path: 
0 1 2 3 4 5 6 7 8 9 10 11 12 13 14 15 16 17 18 19 20 21 0
Execution time: 344 ms

Elapsed time: 7879 ms


Execution #21/10000

Seed: 21
Estimated max possible cost 559.656328
for path: 
0 1 2 3 4 5 6 7 8 9 10 11 12 13 14 15 16 17 18 19 20 21 0
Execution time: 352 ms

Elapsed time: 8231 ms


Execution #22/10000

Seed: 22
Estimated max possible cost 559.656328
for path: 
0 1 2 3 4 5 6 7 8 9 10 11 12 13 14 15 16 17 18 19 20 21 0
Execution time: 268 ms

Elapsed time: 8499 ms


Execution #23/10000

Seed: 23
Estimated max possible cost 559.656328
for path: 
0 1 2 3 4 5 6 7 8 9 10 11 12 13 14 15 16 17 18 19 20 21 0
Execution time: 353 ms

Elapsed time: 8852 ms


Execution #24/10000

Seed: 24
Estimated max possible cost 559.656328
for path: 
0 1 2 3 4 5 6 7 8 9 10 11 12 13 14 15 16 17 18 19 20 21 0
Execution time: 457 ms

Elapsed time: 9309 ms


Execution #25/10000

Seed: 25
Estimated max possible cost 559.656328
for path: 
0 1 2 3 4 5 6 7 8 9 10 11 12 13 14 15 16 17 18 19 20 21 0
Execution time: 457 ms

Elapsed time: 9766 ms


Execution #26/10000

Seed: 26
Estimated max possible cost 559.656328
for path: 
0 1 2 3 4 5 6 7 8 9 10 11 12 13 14 15 16 17 18 19 20 21 0
Execution time: 457 ms

Elapsed time: 10223 ms


Execution #27/10000

Seed: 27
Estimated max possible cost 559.656328
for path: 
0 1 2 3 4 5 6 7 8 9 10 11 12 13 14 15 16 17 18 19 20 21 0
Execution time: 457 ms

Elapsed time: 10680 ms


Execution #28/10000

Seed: 28
Estimated max possible cost 559.656328
for path: 
0 1 2 3 4 5 6 7 8 9 10 11 12 13 14 15 16 17 18 19 20 21 0
Execution time: 458 ms

Elapsed time: 11138 ms


Execution #29/10000

Seed: 29
Estimated max possible cost 559.656328
for path: 
0 1 2 3 4 5 6 7 8 9 10 11 12 13 14 15 16 17 18 19 20 21 0
Execution time: 456 ms

Elapsed time: 11594 ms


Execution #30/10000

Seed: 30
Estimated max possible cost 559.656328
for path: 
0 1 2 3 4 5 6 7 8 9 10 11 12 13 14 15 16 17 18 19 20 21 0
Execution time: 455 ms

Elapsed time: 12049 ms


Execution #31/10000

Seed: 31
Estimated max possible cost 559.656328
for path: 
0 1 2 3 4 5 6 7 8 9 10 11 12 13 14 15 16 17 18 19 20 21 0
Execution time: 456 ms

Elapsed time: 12505 ms


Execution #32/10000

Seed: 32
Estimated max possible cost 559.656328
for path: 
0 1 2 3 4 5 6 7 8 9 10 11 12 13 14 15 16 17 18 19 20 21 0
Execution time: 456 ms

Elapsed time: 12961 ms


Execution #33/10000

Seed: 33
Estimated max possible cost 559.656328
for path: 
0 1 2 3 4 5 6 7 8 9 10 11 12 13 14 15 16 17 18 19 20 21 0
Execution time: 456 ms

Elapsed time: 13417 ms


Execution #34/10000

Seed: 34
Estimated max possible cost 559.656328
for path: 
0 1 2 3 4 5 6 7 8 9 10 11 12 13 14 15 16 17 18 19 20 21 0
Execution time: 456 ms

Elapsed time: 13873 ms


Execution #35/10000

Seed: 35
Estimated max possible cost 559.656328
for path: 
0 1 2 3 4 5 6 7 8 9 10 11 12 13 14 15 16 17 18 19 20 21 0
Execution time: 456 ms

Elapsed time: 14329 ms


Execution #36/10000

Seed: 36
Estimated max possible cost 559.656328
for path: 
0 1 2 3 4 5 6 7 8 9 10 11 12 13 14 15 16 17 18 19 20 21 0
Execution time: 455 ms

Elapsed time: 14784 ms


Execution #37/10000

Seed: 37
Estimated max possible cost 559.656328
for path: 
0 1 2 3 4 5 6 7 8 9 10 11 12 13 14 15 16 17 18 19 20 21 0
Execution time: 455 ms

Elapsed time: 15239 ms


Execution #38/10000

Seed: 38
Estimated max possible cost 559.656328
for path: 
0 1 2 3 4 5 6 7 8 9 10 11 12 13 14 15 16 17 18 19 20 21 0
Execution time: 455 ms

Elapsed time: 15694 ms


Execution #39/10000

Seed: 39
Estimated max possible cost 559.656328
for path: 
0 1 2 3 4 5 6 7 8 9 10 11 12 13 14 15 16 17 18 19 20 21 0
Execution time: 455 ms

Elapsed time: 16149 ms


Execution #40/10000

Seed: 40
Estimated max possible cost 559.656328
for path: 
0 1 2 3 4 5 6 7 8 9 10 11 12 13 14 15 16 17 18 19 20 21 0
Execution time: 455 ms

Elapsed time: 16604 ms


Execution #41/10000

Seed: 41
Estimated max possible cost 559.656328
for path: 
0 1 2 3 4 5 6 7 8 9 10 11 12 13 14 15 16 17 18 19 20 21 0
Execution time: 455 ms

Elapsed time: 17059 ms


Execution #42/10000

Seed: 42
Estimated max possible cost 559.656328
for path: 
0 1 2 3 4 5 6 7 8 9 10 11 12 13 14 15 16 17 18 19 20 21 0
Execution time: 456 ms

Elapsed time: 17515 ms


Execution #43/10000

Seed: 43
Estimated max possible cost 559.656328
for path: 
0 1 2 3 4 5 6 7 8 9 10 11 12 13 14 15 16 17 18 19 20 21 0
Execution time: 455 ms

Elapsed time: 17970 ms


Execution #44/10000

Seed: 44
Estimated max possible cost 559.656328
for path: 
0 1 2 3 4 5 6 7 8 9 10 11 12 13 14 15 16 17 18 19 20 21 0
Execution time: 455 ms

Elapsed time: 18425 ms


Execution #45/10000

Seed: 45
Estimated max possible cost 559.656328
for path: 
0 1 2 3 4 5 6 7 8 9 10 11 12 13 14 15 16 17 18 19 20 21 0
Execution time: 456 ms

Elapsed time: 18881 ms


Execution #46/10000

Seed: 46
Estimated max possible cost 559.656328
for path: 
0 1 2 3 4 5 6 7 8 9 10 11 12 13 14 15 16 17 18 19 20 21 0
Execution time: 456 ms

Elapsed time: 19337 ms


Execution #47/10000

Seed: 47
Estimated max possible cost 559.656328
for path: 
0 1 2 3 4 5 6 7 8 9 10 11 12 13 14 15 16 17 18 19 20 21 0
Execution time: 454 ms

Elapsed time: 19791 ms


Execution #48/10000

Seed: 48
Estimated max possible cost 559.656328
for path: 
0 1 2 3 4 5 6 7 8 9 10 11 12 13 14 15 16 17 18 19 20 21 0
Execution time: 332 ms

Elapsed time: 20123 ms


Execution #49/10000

Seed: 49
Estimated max possible cost 559.656328
for path: 
0 1 2 3 4 5 6 7 8 9 10 11 12 13 14 15 16 17 18 19 20 21 0
Execution time: 452 ms

Elapsed time: 20575 ms


Execution #50/10000

Seed: 50
Estimated max possible cost 559.656328
for path: 
0 1 2 3 4 5 6 7 8 9 10 11 12 13 14 15 16 17 18 19 20 21 0
Execution time: 421 ms

Elapsed time: 20996 ms


Execution #51/10000

Seed: 51
Estimated max possible cost 559.656328
for path: 
0 1 2 3 4 5 6 7 8 9 10 11 12 13 14 15 16 17 18 19 20 21 0
Execution time: 412 ms

Elapsed time: 21408 ms


Execution #52/10000

Seed: 52
Estimated max possible cost 559.656328
for path: 
0 1 2 3 4 5 6 7 8 9 10 11 12 13 14 15 16 17 18 19 20 21 0
Execution time: 456 ms

Elapsed time: 21864 ms


Execution #53/10000

Seed: 53
Estimated max possible cost 559.656328
for path: 
0 1 2 3 4 5 6 7 8 9 10 11 12 13 14 15 16 17 18 19 20 21 0
Execution time: 455 ms

Elapsed time: 22319 ms


Execution #54/10000

Seed: 54
Estimated max possible cost 559.656328
for path: 
0 1 2 3 4 5 6 7 8 9 10 11 12 13 14 15 16 17 18 19 20 21 0
Execution time: 455 ms

Elapsed time: 22774 ms


Execution #55/10000

Seed: 55
Estimated max possible cost 559.656328
for path: 
0 1 2 3 4 5 6 7 8 9 10 11 12 13 14 15 16 17 18 19 20 21 0
Execution time: 455 ms

Elapsed time: 23229 ms


Execution #56/10000

Seed: 56
Estimated max possible cost 559.656328
for path: 
0 1 2 3 4 5 6 7 8 9 10 11 12 13 14 15 16 17 18 19 20 21 0
Execution time: 454 ms

Elapsed time: 23683 ms


Execution #57/10000

Seed: 57
Estimated max possible cost 559.656328
for path: 
0 1 2 3 4 5 6 7 8 9 10 11 12 13 14 15 16 17 18 19 20 21 0
Execution time: 454 ms

Elapsed time: 24137 ms


Execution #58/10000

Seed: 58
Estimated max possible cost 559.656328
for path: 
0 1 2 3 4 5 6 7 8 9 10 11 12 13 14 15 16 17 18 19 20 21 0
Execution time: 455 ms

Elapsed time: 24592 ms


Execution #59/10000

Seed: 59
Estimated max possible cost 559.656328
for path: 
0 1 2 3 4 5 6 7 8 9 10 11 12 13 14 15 16 17 18 19 20 21 0
Execution time: 454 ms

Elapsed time: 25046 ms


Execution #60/10000

Seed: 60
Estimated max possible cost 559.656328
for path: 
0 1 2 3 4 5 6 7 8 9 10 11 12 13 14 15 16 17 18 19 20 21 0
Execution time: 455 ms

Elapsed time: 25501 ms


Execution #61/10000

Seed: 61
Estimated max possible cost 559.656328
for path: 
0 1 2 3 4 5 6 7 8 9 10 11 12 13 14 15 16 17 18 19 20 21 0
Execution time: 455 ms

Elapsed time: 25956 ms


Execution #62/10000

Seed: 62
Estimated max possible cost 559.656328
for path: 
0 1 2 3 4 5 6 7 8 9 10 11 12 13 14 15 16 17 18 19 20 21 0
Execution time: 455 ms

Elapsed time: 26411 ms


Execution #63/10000

Seed: 63
Estimated max possible cost 559.656328
for path: 
0 1 2 3 4 5 6 7 8 9 10 11 12 13 14 15 16 17 18 19 20 21 0
Execution time: 456 ms

Elapsed time: 26867 ms


Execution #64/10000

Seed: 64
Estimated max possible cost 559.656328
for path: 
0 1 2 3 4 5 6 7 8 9 10 11 12 13 14 15 16 17 18 19 20 21 0
Execution time: 455 ms

Elapsed time: 27322 ms


Execution #65/10000

Seed: 65
Estimated max possible cost 559.656328
for path: 
0 1 2 3 4 5 6 7 8 9 10 11 12 13 14 15 16 17 18 19 20 21 0
Execution time: 455 ms

Elapsed time: 27777 ms


Execution #66/10000

Seed: 66
Estimated max possible cost 559.656328
for path: 
0 1 2 3 4 5 6 7 8 9 10 11 12 13 14 15 16 17 18 19 20 21 0
Execution time: 456 ms

Elapsed time: 28233 ms


Execution #67/10000

Seed: 67
Estimated max possible cost 559.656328
for path: 
0 1 2 3 4 5 6 7 8 9 10 11 12 13 14 15 16 17 18 19 20 21 0
Execution time: 455 ms

Elapsed time: 28688 ms


Execution #68/10000

Seed: 68
Estimated max possible cost 559.656328
for path: 
0 1 2 3 4 5 6 7 8 9 10 11 12 13 14 15 16 17 18 19 20 21 0
Execution time: 454 ms

Elapsed time: 29142 ms


Execution #69/10000

Seed: 69
Estimated max possible cost 559.656328
for path: 
0 1 2 3 4 5 6 7 8 9 10 11 12 13 14 15 16 17 18 19 20 21 0
Execution time: 454 ms

Elapsed time: 29596 ms


Execution #70/10000

Seed: 70
Estimated max possible cost 559.656328
for path: 
0 1 2 3 4 5 6 7 8 9 10 11 12 13 14 15 16 17 18 19 20 21 0
Execution time: 304 ms

Elapsed time: 29900 ms


Execution #71/10000

Seed: 71
Estimated max possible cost 559.656328
for path: 
0 1 2 3 4 5 6 7 8 9 10 11 12 13 14 15 16 17 18 19 20 21 0
Execution time: 296 ms

Elapsed time: 30196 ms


Execution #72/10000

Seed: 72
Estimated max possible cost 559.656328
for path: 
0 1 2 3 4 5 6 7 8 9 10 11 12 13 14 15 16 17 18 19 20 21 0
Execution time: 455 ms

Elapsed time: 30651 ms


Execution #73/10000

Seed: 73
Estimated max possible cost 559.656328
for path: 
0 1 2 3 4 5 6 7 8 9 10 11 12 13 14 15 16 17 18 19 20 21 0
Execution time: 456 ms

Elapsed time: 31107 ms


Execution #74/10000

Seed: 74
Estimated max possible cost 559.656328
for path: 
0 1 2 3 4 5 6 7 8 9 10 11 12 13 14 15 16 17 18 19 20 21 0
Execution time: 455 ms

Elapsed time: 31562 ms


Execution #75/10000

Seed: 75
Estimated max possible cost 559.656328
for path: 
0 1 2 3 4 5 6 7 8 9 10 11 12 13 14 15 16 17 18 19 20 21 0
Execution time: 456 ms

Elapsed time: 32018 ms


Execution #76/10000

Seed: 76
Estimated max possible cost 559.656328
for path: 
0 1 2 3 4 5 6 7 8 9 10 11 12 13 14 15 16 17 18 19 20 21 0
Execution time: 456 ms

Elapsed time: 32474 ms


Execution #77/10000

Seed: 77
Estimated max possible cost 559.656328
for path: 
0 1 2 3 4 5 6 7 8 9 10 11 12 13 14 15 16 17 18 19 20 21 0
Execution time: 455 ms

Elapsed time: 32929 ms


Execution #78/10000

Seed: 78
Estimated max possible cost 559.656328
for path: 
0 1 2 3 4 5 6 7 8 9 10 11 12 13 14 15 16 17 18 19 20 21 0
Execution time: 455 ms

Elapsed time: 33384 ms


Execution #79/10000

Seed: 79
Estimated max possible cost 559.656328
for path: 
0 1 2 3 4 5 6 7 8 9 10 11 12 13 14 15 16 17 18 19 20 21 0
Execution time: 455 ms

Elapsed time: 33839 ms


Execution #80/10000

Seed: 80
Estimated max possible cost 559.656328
for path: 
0 1 2 3 4 5 6 7 8 9 10 11 12 13 14 15 16 17 18 19 20 21 0
Execution time: 456 ms

Elapsed time: 34295 ms


Execution #81/10000

Seed: 81
Estimated max possible cost 559.656328
for path: 
0 1 2 3 4 5 6 7 8 9 10 11 12 13 14 15 16 17 18 19 20 21 0
Execution time: 455 ms

Elapsed time: 34750 ms


Execution #82/10000

Seed: 82
Estimated max possible cost 559.656328
for path: 
0 1 2 3 4 5 6 7 8 9 10 11 12 13 14 15 16 17 18 19 20 21 0
Execution time: 455 ms

Elapsed time: 35205 ms


Execution #83/10000

Seed: 83
Estimated max possible cost 559.656328
for path: 
0 1 2 3 4 5 6 7 8 9 10 11 12 13 14 15 16 17 18 19 20 21 0
Execution time: 454 ms

Elapsed time: 35659 ms


Execution #84/10000

Seed: 84
Estimated max possible cost 559.656328
for path: 
0 1 2 3 4 5 6 7 8 9 10 11 12 13 14 15 16 17 18 19 20 21 0
Execution time: 455 ms

Elapsed time: 36114 ms


Execution #85/10000

Seed: 85
Estimated max possible cost 559.656328
for path: 
0 1 2 3 4 5 6 7 8 9 10 11 12 13 14 15 16 17 18 19 20 21 0
Execution time: 456 ms

Elapsed time: 36570 ms


Execution #86/10000

Seed: 86
Estimated max possible cost 559.656328
for path: 
0 1 2 3 4 5 6 7 8 9 10 11 12 13 14 15 16 17 18 19 20 21 0
Execution time: 456 ms

Elapsed time: 37026 ms


Execution #87/10000

Seed: 87
Estimated max possible cost 559.656328
for path: 
0 1 2 3 4 5 6 7 8 9 10 11 12 13 14 15 16 17 18 19 20 21 0
Execution time: 455 ms

Elapsed time: 37481 ms


Execution #88/10000

Seed: 88
Estimated max possible cost 559.656328
for path: 
0 1 2 3 4 5 6 7 8 9 10 11 12 13 14 15 16 17 18 19 20 21 0
Execution time: 455 ms

Elapsed time: 37936 ms


Execution #89/10000

Seed: 89
Estimated max possible cost 559.656328
for path: 
0 1 2 3 4 5 6 7 8 9 10 11 12 13 14 15 16 17 18 19 20 21 0
Execution time: 376 ms

Elapsed time: 38312 ms


Execution #90/10000

Seed: 90
Estimated max possible cost 559.656328
for path: 
0 1 2 3 4 5 6 7 8 9 10 11 12 13 14 15 16 17 18 19 20 21 0
Execution time: 454 ms

Elapsed time: 38766 ms


Execution #91/10000

Seed: 91
Estimated max possible cost 559.656328
for path: 
0 1 2 3 4 5 6 7 8 9 10 11 12 13 14 15 16 17 18 19 20 21 0
Execution time: 455 ms

Elapsed time: 39221 ms


Execution #92/10000

Seed: 92
Estimated max possible cost 559.656328
for path: 
0 1 2 3 4 5 6 7 8 9 10 11 12 13 14 15 16 17 18 19 20 21 0
Execution time: 455 ms

Elapsed time: 39676 ms


Execution #93/10000

Seed: 93
Estimated max possible cost 559.656328
for path: 
0 1 2 3 4 5 6 7 8 9 10 11 12 13 14 15 16 17 18 19 20 21 0
Execution time: 454 ms

Elapsed time: 40130 ms


Execution #94/10000

Seed: 94
Estimated max possible cost 559.656328
for path: 
0 1 2 3 4 5 6 7 8 9 10 11 12 13 14 15 16 17 18 19 20 21 0
Execution time: 455 ms

Elapsed time: 40585 ms


Execution #95/10000

Seed: 95
Estimated max possible cost 559.656328
for path: 
0 1 2 3 4 5 6 7 8 9 10 11 12 13 14 15 16 17 18 19 20 21 0
Execution time: 455 ms

Elapsed time: 41040 ms


Execution #96/10000

Seed: 96
Estimated max possible cost 559.656328
for path: 
0 1 2 3 4 5 6 7 8 9 10 11 12 13 14 15 16 17 18 19 20 21 0
Execution time: 454 ms

Elapsed time: 41494 ms


Execution #97/10000

Seed: 97
Estimated max possible cost 559.656328
for path: 
0 1 2 3 4 5 6 7 8 9 10 11 12 13 14 15 16 17 18 19 20 21 0
Execution time: 455 ms

Elapsed time: 41949 ms


Execution #98/10000

Seed: 98
Estimated max possible cost 559.656328
for path: 
0 1 2 3 4 5 6 7 8 9 10 11 12 13 14 15 16 17 18 19 20 21 0
Execution time: 454 ms

Elapsed time: 42403 ms


Execution #99/10000

Seed: 99
Estimated max possible cost 559.656328
for path: 
0 1 2 3 4 5 6 7 8 9 10 11 12 13 14 15 16 17 18 19 20 21 0
Execution time: 455 ms

Elapsed time: 42858 ms


Execution #100/10000

Seed: 100
Estimated max possible cost 559.656328
for path: 
0 1 2 3 4 5 6 7 8 9 10 11 12 13 14 15 16 17 18 19 20 21 0
Execution time: 454 ms

Elapsed time: 43312 ms


Execution #101/10000

Seed: 101
Estimated max possible cost 559.656328
for path: 
0 1 2 3 4 5 6 7 8 9 10 11 12 13 14 15 16 17 18 19 20 21 0
Execution time: 454 ms

Elapsed time: 43766 ms


Execution #102/10000

Seed: 102
Estimated max possible cost 559.656328
for path: 
0 1 2 3 4 5 6 7 8 9 10 11 12 13 14 15 16 17 18 19 20 21 0
Execution time: 455 ms

Elapsed time: 44221 ms


Execution #103/10000

Seed: 103
Estimated max possible cost 559.656328
for path: 
0 1 2 3 4 5 6 7 8 9 10 11 12 13 14 15 16 17 18 19 20 21 0
Execution time: 456 ms

Elapsed time: 44677 ms


Execution #104/10000

Seed: 104
Estimated max possible cost 559.656328
for path: 
0 1 2 3 4 5 6 7 8 9 10 11 12 13 14 15 16 17 18 19 20 21 0
Execution time: 455 ms

Elapsed time: 45132 ms


Execution #105/10000

Seed: 105
Estimated max possible cost 559.656328
for path: 
0 1 2 3 4 5 6 7 8 9 10 11 12 13 14 15 16 17 18 19 20 21 0
Execution time: 455 ms

Elapsed time: 45587 ms


Execution #106/10000

Seed: 106
Estimated max possible cost 559.656328
for path: 
0 1 2 3 4 5 6 7 8 9 10 11 12 13 14 15 16 17 18 19 20 21 0
Execution time: 455 ms

Elapsed time: 46042 ms


Execution #107/10000

Seed: 107
Estimated max possible cost 559.656328
for path: 
0 1 2 3 4 5 6 7 8 9 10 11 12 13 14 15 16 17 18 19 20 21 0
Execution time: 455 ms

Elapsed time: 46497 ms


Execution #108/10000

Seed: 108
Estimated max possible cost 559.656328
for path: 
0 1 2 3 4 5 6 7 8 9 10 11 12 13 14 15 16 17 18 19 20 21 0
Execution time: 454 ms

Elapsed time: 46951 ms


Execution #109/10000

Seed: 109
Estimated max possible cost 559.656328
for path: 
0 1 2 3 4 5 6 7 8 9 10 11 12 13 14 15 16 17 18 19 20 21 0
Execution time: 454 ms

Elapsed time: 47405 ms


Execution #110/10000

Seed: 110
Estimated max possible cost 559.656328
for path: 
0 1 2 3 4 5 6 7 8 9 10 11 12 13 14 15 16 17 18 19 20 21 0
Execution time: 455 ms

Elapsed time: 47860 ms


Execution #111/10000

Seed: 111
Estimated max possible cost 559.656328
for path: 
0 1 2 3 4 5 6 7 8 9 10 11 12 13 14 15 16 17 18 19 20 21 0
Execution time: 454 ms

Elapsed time: 48314 ms


Execution #112/10000

Seed: 112
Estimated max possible cost 559.656328
for path: 
0 1 2 3 4 5 6 7 8 9 10 11 12 13 14 15 16 17 18 19 20 21 0
Execution time: 455 ms

Elapsed time: 48769 ms


Execution #113/10000

Seed: 113
Estimated max possible cost 559.656328
for path: 
0 1 2 3 4 5 6 7 8 9 10 11 12 13 14 15 16 17 18 19 20 21 0
Execution time: 454 ms

Elapsed time: 49223 ms


Execution #114/10000

Seed: 114
Estimated max possible cost 559.656328
for path: 
0 1 2 3 4 5 6 7 8 9 10 11 12 13 14 15 16 17 18 19 20 21 0
Execution time: 455 ms

Elapsed time: 49678 ms


Execution #115/10000

Seed: 115
Estimated max possible cost 559.656328
for path: 
0 1 2 3 4 5 6 7 8 9 10 11 12 13 14 15 16 17 18 19 20 21 0
Execution time: 454 ms

Elapsed time: 50132 ms


Execution #116/10000

Seed: 116
Estimated max possible cost 559.656328
for path: 
0 1 2 3 4 5 6 7 8 9 10 11 12 13 14 15 16 17 18 19 20 21 0
Execution time: 455 ms

Elapsed time: 50587 ms


Execution #117/10000

Seed: 117
Estimated max possible cost 559.656328
for path: 
0 1 2 3 4 5 6 7 8 9 10 11 12 13 14 15 16 17 18 19 20 21 0
Execution time: 454 ms

Elapsed time: 51041 ms


Execution #118/10000

Seed: 118
Estimated max possible cost 559.656328
for path: 
0 1 2 3 4 5 6 7 8 9 10 11 12 13 14 15 16 17 18 19 20 21 0
Execution time: 461 ms

Elapsed time: 51502 ms


Execution #119/10000

Seed: 119
Estimated max possible cost 559.656328
for path: 
0 1 2 3 4 5 6 7 8 9 10 11 12 13 14 15 16 17 18 19 20 21 0
Execution time: 454 ms

Elapsed time: 51956 ms


Execution #120/10000

Seed: 120
Estimated max possible cost 559.656328
for path: 
0 1 2 3 4 5 6 7 8 9 10 11 12 13 14 15 16 17 18 19 20 21 0
Execution time: 399 ms

Elapsed time: 52355 ms


Execution #121/10000

Seed: 121
Estimated max possible cost 559.656328
for path: 
0 1 2 3 4 5 6 7 8 9 10 11 12 13 14 15 16 17 18 19 20 21 0
Execution time: 457 ms

Elapsed time: 52812 ms


Execution #122/10000

Seed: 122
Estimated max possible cost 559.656328
for path: 
0 1 2 3 4 5 6 7 8 9 10 11 12 13 14 15 16 17 18 19 20 21 0
Execution time: 349 ms

Elapsed time: 53161 ms


Execution #123/10000

Seed: 123
Estimated max possible cost 559.656328
for path: 
0 1 2 3 4 5 6 7 8 9 10 11 12 13 14 15 16 17 18 19 20 21 0
Execution time: 410 ms

Elapsed time: 53571 ms


Execution #124/10000

Seed: 124
Estimated max possible cost 559.656328
for path: 
0 1 2 3 4 5 6 7 8 9 10 11 12 13 14 15 16 17 18 19 20 21 0
Execution time: 463 ms

Elapsed time: 54034 ms


Execution #125/10000

Seed: 125
Estimated max possible cost 559.656328
for path: 
0 1 2 3 4 5 6 7 8 9 10 11 12 13 14 15 16 17 18 19 20 21 0
Execution time: 463 ms

Elapsed time: 54497 ms


Execution #126/10000

Seed: 126
Estimated max possible cost 559.656328
for path: 
0 1 2 3 4 5 6 7 8 9 10 11 12 13 14 15 16 17 18 19 20 21 0
Execution time: 462 ms

Elapsed time: 54959 ms


Execution #127/10000

Seed: 127
Estimated max possible cost 559.656328
for path: 
0 1 2 3 4 5 6 7 8 9 10 11 12 13 14 15 16 17 18 19 20 21 0
Execution time: 269 ms

Elapsed time: 55228 ms


Execution #128/10000

Seed: 128
Estimated max possible cost 559.656328
for path: 
0 1 2 3 4 5 6 7 8 9 10 11 12 13 14 15 16 17 18 19 20 21 0
Execution time: 274 ms

Elapsed time: 55502 ms


Execution #129/10000

Seed: 129
Estimated max possible cost 559.656328
for path: 
0 1 2 3 4 5 6 7 8 9 10 11 12 13 14 15 16 17 18 19 20 21 0
Execution time: 424 ms

Elapsed time: 55926 ms


Execution #130/10000

Seed: 130
Estimated max possible cost 559.656328
for path: 
0 1 2 3 4 5 6 7 8 9 10 11 12 13 14 15 16 17 18 19 20 21 0
Execution time: 463 ms

Elapsed time: 56389 ms


Execution #131/10000

Seed: 131
Estimated max possible cost 559.656328
for path: 
0 1 2 3 4 5 6 7 8 9 10 11 12 13 14 15 16 17 18 19 20 21 0
Execution time: 410 ms

Elapsed time: 56799 ms


Execution #132/10000

Seed: 132
Estimated max possible cost 559.656328
for path: 
0 1 2 3 4 5 6 7 8 9 10 11 12 13 14 15 16 17 18 19 20 21 0
Execution time: 416 ms

Elapsed time: 57215 ms


Execution #133/10000

Seed: 133
Estimated max possible cost 559.656328
for path: 
0 1 2 3 4 5 6 7 8 9 10 11 12 13 14 15 16 17 18 19 20 21 0
Execution time: 464 ms

Elapsed time: 57679 ms


Execution #134/10000

Seed: 134
Estimated max possible cost 559.656328
for path: 
0 1 2 3 4 5 6 7 8 9 10 11 12 13 14 15 16 17 18 19 20 21 0
Execution time: 384 ms

Elapsed time: 58063 ms


Execution #135/10000

Seed: 135
Estimated max possible cost 559.656328
for path: 
0 1 2 3 4 5 6 7 8 9 10 11 12 13 14 15 16 17 18 19 20 21 0
Execution time: 275 ms

Elapsed time: 58338 ms


Execution #136/10000

Seed: 136
Estimated max possible cost 559.656328
for path: 
0 1 2 3 4 5 6 7 8 9 10 11 12 13 14 15 16 17 18 19 20 21 0
Execution time: 352 ms

Elapsed time: 58690 ms


Execution #137/10000

Seed: 137
Estimated max possible cost 559.656328
for path: 
0 1 2 3 4 5 6 7 8 9 10 11 12 13 14 15 16 17 18 19 20 21 0
Execution time: 336 ms

Elapsed time: 59026 ms


Execution #138/10000

Seed: 138
Estimated max possible cost 559.656328
for path: 
0 1 2 3 4 5 6 7 8 9 10 11 12 13 14 15 16 17 18 19 20 21 0
Execution time: 456 ms

Elapsed time: 59482 ms


Execution #139/10000

Seed: 139
Estimated max possible cost 559.656328
for path: 
0 1 2 3 4 5 6 7 8 9 10 11 12 13 14 15 16 17 18 19 20 21 0
Execution time: 456 ms

Elapsed time: 59938 ms


Execution #140/10000

Seed: 140
Estimated max possible cost 559.656328
for path: 
0 1 2 3 4 5 6 7 8 9 10 11 12 13 14 15 16 17 18 19 20 21 0
Execution time: 456 ms

Elapsed time: 60394 ms


Execution #141/10000

Seed: 141
Estimated max possible cost 559.656328
for path: 
0 1 2 3 4 5 6 7 8 9 10 11 12 13 14 15 16 17 18 19 20 21 0
Execution time: 455 ms

Elapsed time: 60849 ms


Execution #142/10000

Seed: 142
Estimated max possible cost 559.656328
for path: 
0 1 2 3 4 5 6 7 8 9 10 11 12 13 14 15 16 17 18 19 20 21 0
Execution time: 456 ms

Elapsed time: 61305 ms


Execution #143/10000

Seed: 143
Estimated max possible cost 559.656328
for path: 
0 1 2 3 4 5 6 7 8 9 10 11 12 13 14 15 16 17 18 19 20 21 0
Execution time: 455 ms

Elapsed time: 61760 ms


Execution #144/10000

Seed: 144
Estimated max possible cost 559.656328
for path: 
0 1 2 3 4 5 6 7 8 9 10 11 12 13 14 15 16 17 18 19 20 21 0
Execution time: 456 ms

Elapsed time: 62216 ms


Execution #145/10000

Seed: 145
Estimated max possible cost 559.656328
for path: 
0 1 2 3 4 5 6 7 8 9 10 11 12 13 14 15 16 17 18 19 20 21 0
Execution time: 455 ms

Elapsed time: 62671 ms


Execution #146/10000

Seed: 146
Estimated max possible cost 559.656328
for path: 
0 1 2 3 4 5 6 7 8 9 10 11 12 13 14 15 16 17 18 19 20 21 0
Execution time: 456 ms

Elapsed time: 63127 ms


Execution #147/10000

Seed: 147
Estimated max possible cost 559.656328
for path: 
0 1 2 3 4 5 6 7 8 9 10 11 12 13 14 15 16 17 18 19 20 21 0
Execution time: 356 ms

Elapsed time: 63483 ms


Execution #148/10000

Seed: 148
Estimated max possible cost 559.656328
for path: 
0 1 2 3 4 5 6 7 8 9 10 11 12 13 14 15 16 17 18 19 20 21 0
Execution time: 455 ms

Elapsed time: 63938 ms


Execution #149/10000

Seed: 149
Estimated max possible cost 559.656328
for path: 
0 1 2 3 4 5 6 7 8 9 10 11 12 13 14 15 16 17 18 19 20 21 0
Execution time: 457 ms

Elapsed time: 64395 ms


Execution #150/10000

Seed: 150
Estimated max possible cost 559.656328
for path: 
0 1 2 3 4 5 6 7 8 9 10 11 12 13 14 15 16 17 18 19 20 21 0
Execution time: 456 ms

Elapsed time: 64851 ms


Execution #151/10000

Seed: 151
Estimated max possible cost 559.656328
for path: 
0 1 2 3 4 5 6 7 8 9 10 11 12 13 14 15 16 17 18 19 20 21 0
Execution time: 456 ms

Elapsed time: 65307 ms


Execution #152/10000

Seed: 152
Estimated max possible cost 559.656328
for path: 
0 1 2 3 4 5 6 7 8 9 10 11 12 13 14 15 16 17 18 19 20 21 0
Execution time: 461 ms

Elapsed time: 65768 ms


Execution #153/10000

Seed: 153
Estimated max possible cost 559.656328
for path: 
0 1 2 3 4 5 6 7 8 9 10 11 12 13 14 15 16 17 18 19 20 21 0
Execution time: 455 ms

Elapsed time: 66223 ms


Execution #154/10000

Seed: 154
Estimated max possible cost 559.656328
for path: 
0 1 2 3 4 5 6 7 8 9 10 11 12 13 14 15 16 17 18 19 20 21 0
Execution time: 461 ms

Elapsed time: 66684 ms


Execution #155/10000

Seed: 155
Estimated max possible cost 559.656328
for path: 
0 1 2 3 4 5 6 7 8 9 10 11 12 13 14 15 16 17 18 19 20 21 0
Execution time: 440 ms

Elapsed time: 67124 ms


Execution #156/10000

Seed: 156
Estimated max possible cost 559.656328
for path: 
0 1 2 3 4 5 6 7 8 9 10 11 12 13 14 15 16 17 18 19 20 21 0
Execution time: 412 ms

Elapsed time: 67536 ms


Execution #157/10000

Seed: 157
Estimated max possible cost 559.656328
for path: 
0 1 2 3 4 5 6 7 8 9 10 11 12 13 14 15 16 17 18 19 20 21 0
Execution time: 454 ms

Elapsed time: 67990 ms


Execution #158/10000

Seed: 158
Estimated max possible cost 559.656328
for path: 
0 1 2 3 4 5 6 7 8 9 10 11 12 13 14 15 16 17 18 19 20 21 0
Execution time: 456 ms

Elapsed time: 68446 ms


Execution #159/10000

Seed: 159
Estimated max possible cost 559.656328
for path: 
0 1 2 3 4 5 6 7 8 9 10 11 12 13 14 15 16 17 18 19 20 21 0
Execution time: 454 ms

Elapsed time: 68900 ms


Execution #160/10000

Seed: 160
Estimated max possible cost 559.656328
for path: 
0 1 2 3 4 5 6 7 8 9 10 11 12 13 14 15 16 17 18 19 20 21 0
Execution time: 455 ms

Elapsed time: 69355 ms


Execution #161/10000

Seed: 161
Estimated max possible cost 559.656328
for path: 
0 1 2 3 4 5 6 7 8 9 10 11 12 13 14 15 16 17 18 19 20 21 0
Execution time: 379 ms

Elapsed time: 69734 ms


Execution #162/10000

Seed: 162
Estimated max possible cost 559.656328
for path: 
0 1 2 3 4 5 6 7 8 9 10 11 12 13 14 15 16 17 18 19 20 21 0
Execution time: 328 ms

Elapsed time: 70062 ms


Execution #163/10000

Seed: 163
Estimated max possible cost 559.656328
for path: 
0 1 2 3 4 5 6 7 8 9 10 11 12 13 14 15 16 17 18 19 20 21 0
Execution time: 457 ms

Elapsed time: 70519 ms


Execution #164/10000

Seed: 164
Estimated max possible cost 559.656328
for path: 
0 1 2 3 4 5 6 7 8 9 10 11 12 13 14 15 16 17 18 19 20 21 0
Execution time: 303 ms

Elapsed time: 70822 ms


Execution #165/10000

Seed: 165
Estimated max possible cost 559.656328
for path: 
0 1 2 3 4 5 6 7 8 9 10 11 12 13 14 15 16 17 18 19 20 21 0
Execution time: 306 ms

Elapsed time: 71128 ms


Execution #166/10000

Seed: 166
Estimated max possible cost 559.656328
for path: 
0 1 2 3 4 5 6 7 8 9 10 11 12 13 14 15 16 17 18 19 20 21 0
Execution time: 461 ms

Elapsed time: 71589 ms


Execution #167/10000

Seed: 167
Estimated max possible cost 559.656328
for path: 
0 1 2 3 4 5 6 7 8 9 10 11 12 13 14 15 16 17 18 19 20 21 0
Execution time: 457 ms

Elapsed time: 72046 ms


Execution #168/10000

Seed: 168
Estimated max possible cost 559.656328
for path: 
0 1 2 3 4 5 6 7 8 9 10 11 12 13 14 15 16 17 18 19 20 21 0
Execution time: 449 ms

Elapsed time: 72495 ms


Execution #169/10000

Seed: 169
Estimated max possible cost 559.656328
for path: 
0 1 2 3 4 5 6 7 8 9 10 11 12 13 14 15 16 17 18 19 20 21 0
Execution time: 363 ms

Elapsed time: 72858 ms


Execution #170/10000

Seed: 170
Estimated max possible cost 559.656328
for path: 
0 1 2 3 4 5 6 7 8 9 10 11 12 13 14 15 16 17 18 19 20 21 0
Execution time: 288 ms

Elapsed time: 73146 ms


Execution #171/10000

Seed: 171
Estimated max possible cost 559.656328
for path: 
0 1 2 3 4 5 6 7 8 9 10 11 12 13 14 15 16 17 18 19 20 21 0
Execution time: 459 ms

Elapsed time: 73605 ms


Execution #172/10000

Seed: 172
Estimated max possible cost 559.656328
for path: 
0 1 2 3 4 5 6 7 8 9 10 11 12 13 14 15 16 17 18 19 20 21 0
Execution time: 406 ms

Elapsed time: 74011 ms


Execution #173/10000

Seed: 173
Estimated max possible cost 559.656328
for path: 
0 1 2 3 4 5 6 7 8 9 10 11 12 13 14 15 16 17 18 19 20 21 0
Execution time: 422 ms

Elapsed time: 74433 ms


Execution #174/10000

Seed: 174
Estimated max possible cost 559.656328
for path: 
0 1 2 3 4 5 6 7 8 9 10 11 12 13 14 15 16 17 18 19 20 21 0
Execution time: 362 ms

Elapsed time: 74795 ms


Execution #175/10000

Seed: 175
Estimated max possible cost 559.656328
for path: 
0 1 2 3 4 5 6 7 8 9 10 11 12 13 14 15 16 17 18 19 20 21 0
Execution time: 272 ms

Elapsed time: 75067 ms


Execution #176/10000

Seed: 176
Estimated max possible cost 559.656328
for path: 
0 1 2 3 4 5 6 7 8 9 10 11 12 13 14 15 16 17 18 19 20 21 0
Execution time: 272 ms

Elapsed time: 75339 ms


Execution #177/10000

Seed: 177
Estimated max possible cost 559.656328
for path: 
0 1 2 3 4 5 6 7 8 9 10 11 12 13 14 15 16 17 18 19 20 21 0
Execution time: 442 ms

Elapsed time: 75781 ms


Execution #178/10000

Seed: 178
Estimated max possible cost 559.656328
for path: 
0 1 2 3 4 5 6 7 8 9 10 11 12 13 14 15 16 17 18 19 20 21 0
Execution time: 466 ms

Elapsed time: 76247 ms


Execution #179/10000

Seed: 179
Estimated max possible cost 559.656328
for path: 
0 1 2 3 4 5 6 7 8 9 10 11 12 13 14 15 16 17 18 19 20 21 0
Execution time: 465 ms

Elapsed time: 76712 ms


Execution #180/10000

Seed: 180
Estimated max possible cost 559.656328
for path: 
