Solving TSP


Execution #1/10000

Seed: 1
Estimated max possible cost 566.961617
for path: 
0 1 2 3 4 5 6 7 8 9 10 11 12 13 14 15 16 17 18 19 20 21 22 23 24 0
Memory needed for path: 68212848 locs, for costs: 59907456 locs.
Desired precision: 1e+12
Mem constraint for cost_t: 8 bits
Rounded to pow of 2 bytes mem constraint (capped at 64bits) for cost_t: 8 bits
Bits needed for an int to preserve precision: 49
Warning: cannot preserve precision.
Warning: Using an integer; there is not enough memory for decimals.
Bits used per cost_t: 8
Selected cost_t = (u)int8_t
Solving with cost_t = h
Memory [GB] needed: 0.119321
Requested precision is too high;managed to differentiate costs by: 35.184372
Distances:
0, 5.08, 242.54, 232.423, 228.124, 218.013, 212.172, 212.044, 211.947, 211.88, 211.843, 211.837, 211.862, 211.917, 212.002, 212.117, 212.263, 212.44, 212.646, 212.882, 213.149, 196.958, 196.821, 196.716, 196.643, 
5.08, 0, 247.599, 237.481, 233.181, 223.068, 217.244, 217.119, 217.024, 216.959, 216.923, 216.917, 216.941, 216.995, 217.078, 217.191, 217.333, 217.505, 217.707, 217.938, 218.198, 202.029, 201.895, 201.793, 201.722, 
242.54, 247.599, 0, 10.16, 14.478, 24.638, 31.3255, 32.219, 33.2827, 34.501, 35.8581, 37.3389, 38.9292, 40.6162, 42.3883, 44.2354, 46.1484, 48.1194, 50.1417, 52.2092, 54.3168, 46.0364, 46.649, 47.3899, 48.2533, 
232.423, 237.481, 10.16, 0, 4.318, 14.478, 21.9236, 23.1823, 24.6393, 26.2617, 28.0207, 29.8922, 31.8565, 33.8973, 36.0018, 38.1592, 40.3612, 42.6009, 44.8725, 47.1716, 49.4942, 36.1805, 36.9568, 37.8877, 38.9623, 
228.124, 233.181, 14.478, 4.318, 0, 10.16, 18.1765, 19.6764, 21.3738, 23.2254, 25.1973, 27.2633, 29.4037, 31.6034, 33.8507, 36.1368, 38.4548, 40.7992, 43.1658, 45.5511, 47.9522, 32.0493, 32.9231, 33.9648, 35.1595, 
218.013, 223.068, 24.638, 14.478, 10.16, 0, 11.1326, 13.4428, 15.8236, 18.2474, 20.6991, 23.1698, 25.654, 28.1482, 30.6499, 33.1575, 35.6696, 38.1854, 40.7042, 43.2255, 45.7489, 22.606, 23.8287, 25.2484, 26.834, 
212.172, 217.244, 31.3255, 21.9236, 18.1765, 11.1326, 0, 2.54, 5.08, 7.62, 10.16, 12.7, 15.24, 17.78, 20.32, 22.86, 25.4, 27.94, 30.48, 33.02, 35.56, 15.24, 15.4502, 16.0644, 17.0388, 
212.044, 217.119, 32.219, 23.1823, 19.6764, 13.4428, 2.54, 0, 2.54, 5.08, 7.62, 10.16, 12.7, 15.24, 17.78, 20.32, 22.86, 25.4, 27.94, 30.48, 33.02, 15.4502, 15.24, 15.4502, 16.0644, 
211.947, 217.024, 33.2827, 24.6393, 21.3738, 15.8236, 5.08, 2.54, 0, 2.54, 5.08, 7.62, 10.16, 12.7, 15.24, 17.78, 20.32, 22.86, 25.4, 27.94, 30.48, 16.0644, 15.4502, 15.24, 15.4502, 
211.88, 216.959, 34.501, 26.2617, 23.2254, 18.2474, 7.62, 5.08, 2.54, 0, 2.54, 5.08, 7.62, 10.16, 12.7, 15.24, 17.78, 20.32, 22.86, 25.4, 27.94, 17.0388, 16.0644, 15.4502, 15.24, 
211.843, 216.923, 35.8581, 28.0207, 25.1973, 20.6991, 10.16, 7.62, 5.08, 2.54, 0, 2.54, 5.08, 7.62, 10.16, 12.7, 15.24, 17.78, 20.32, 22.86, 25.4, 18.3162, 17.0388, 16.0644, 15.4502, 
211.837, 216.917, 37.3389, 29.8922, 27.2633, 23.1698, 12.7, 10.16, 7.62, 5.08, 2.54, 0, 2.54, 5.08, 7.62, 10.16, 12.7, 15.24, 17.78, 20.32, 22.86, 19.838, 18.3162, 17.0388, 16.0644, 
211.862, 216.941, 38.9292, 31.8565, 29.4037, 25.654, 15.24, 12.7, 10.16, 7.62, 5.08, 2.54, 0, 2.54, 5.08, 7.62, 10.16, 12.7, 15.24, 17.78, 20.32, 21.5526, 19.838, 18.3162, 17.0388, 
211.917, 216.995, 40.6162, 33.8973, 31.6034, 28.1482, 17.78, 15.24, 12.7, 10.16, 7.62, 5.08, 2.54, 0, 2.54, 5.08, 7.62, 10.16, 12.7, 15.24, 17.78, 23.4176, 21.5526, 19.838, 18.3162, 
212.002, 217.078, 42.3883, 36.0018, 33.8507, 30.6499, 20.32, 17.78, 15.24, 12.7, 10.16, 7.62, 5.08, 2.54, 0, 2.54, 5.08, 7.62, 10.16, 12.7, 15.24, 25.4, 23.4176, 21.5526, 19.838, 
212.117, 217.191, 44.2354, 38.1592, 36.1368, 33.1575, 22.86, 20.32, 17.78, 15.24, 12.7, 10.16, 7.62, 5.08, 2.54, 0, 2.54, 5.08, 7.62, 10.16, 12.7, 27.4743, 25.4, 23.4176, 21.5526, 
212.263, 217.333, 46.1484, 40.3612, 38.4548, 35.6696, 25.4, 22.86, 20.32, 17.78, 15.24, 12.7, 10.16, 7.62, 5.08, 2.54, 0, 2.54, 5.08, 7.62, 10.16, 29.6212, 27.4743, 25.4, 23.4176, 
212.44, 217.505, 48.1194, 42.6009, 40.7992, 38.1854, 27.94, 25.4, 22.86, 20.32, 17.78, 15.24, 12.7, 10.16, 7.62, 5.08, 2.54, 0, 2.54, 5.08, 7.62, 31.8261, 29.6212, 27.4743, 25.4, 
212.646, 217.707, 50.1417, 44.8725, 43.1658, 40.7042, 30.48, 27.94, 25.4, 22.86, 20.32, 17.78, 15.24, 12.7, 10.16, 7.62, 5.08, 2.54, 0, 2.54, 5.08, 34.0777, 31.8261, 29.6212, 27.4743, 
212.882, 217.938, 52.2092, 47.1716, 45.5511, 43.2255, 33.02, 30.48, 27.94, 25.4, 22.86, 20.32, 17.78, 15.24, 12.7, 10.16, 7.62, 5.08, 2.54, 0, 2.54, 36.3673, 34.0777, 31.8261, 29.6212, 
213.149, 218.198, 54.3168, 49.4942, 47.9522, 45.7489, 35.56, 33.02, 30.48, 27.94, 25.4, 22.86, 20.32, 17.78, 15.24, 12.7, 10.16, 7.62, 5.08, 2.54, 0, 38.6881, 36.3673, 34.0777, 31.8261, 
196.958, 202.029, 46.0364, 36.1805, 32.0493, 22.606, 15.24, 15.4502, 16.0644, 17.0388, 18.3162, 19.838, 21.5526, 23.4176, 25.4, 27.4743, 29.6212, 31.8261, 34.0777, 36.3673, 38.6881, 0, 2.54, 5.08, 7.62, 
196.821, 201.895, 46.649, 36.9568, 32.9231, 23.8287, 15.4502, 15.24, 15.4502, 16.0644, 17.0388, 18.3162, 19.838, 21.5526, 23.4176, 25.4, 27.4743, 29.6212, 31.8261, 34.0777, 36.3673, 2.54, 0, 2.54, 5.08, 
196.716, 201.793, 47.3899, 37.8877, 33.9648, 25.2484, 16.0644, 15.4502, 15.24, 15.4502, 16.0644, 17.0388, 18.3162, 19.838, 21.5526, 23.4176, 25.4, 27.4743, 29.6212, 31.8261, 34.0777, 5.08, 2.54, 0, 2.54, 
196.643, 201.722, 48.2533, 38.9623, 35.1595, 26.834, 17.0388, 16.0644, 15.4502, 15.24, 15.4502, 16.0644, 17.0388, 18.3162, 19.838, 21.5526, 23.4176, 25.4, 27.4743, 29.6212, 31.8261, 7.62, 5.08, 2.54, 0, 
Scaled Distances:
0, 1, 109, 104, 102, 97, 95, 95, 95, 95, 95, 95, 95, 95, 95, 95, 95, 95, 95, 95, 95, 88, 88, 88, 88, 
1, 0, 111, 106, 104, 100, 97, 97, 97, 97, 97, 97, 97, 97, 97, 97, 97, 97, 97, 97, 98, 90, 90, 90, 90, 
109, 111, 0, 3, 5, 10, 13, 13, 14, 14, 15, 16, 16, 17, 18, 19, 20, 21, 22, 22, 23, 20, 20, 20, 21, 
104, 106, 3, 0, 1, 5, 9, 9, 10, 11, 12, 12, 13, 14, 15, 16, 17, 18, 19, 20, 21, 15, 16, 16, 16, 
102, 104, 5, 1, 0, 3, 7, 8, 9, 9, 10, 11, 12, 13, 14, 15, 16, 17, 18, 19, 21, 13, 14, 14, 15, 
97, 100, 10, 5, 3, 0, 4, 5, 6, 7, 8, 9, 10, 12, 13, 14, 15, 16, 17, 18, 20, 9, 10, 10, 11, 
95, 97, 13, 9, 7, 4, 0, 0, 1, 2, 3, 5, 6, 7, 8, 9, 10, 11, 13, 14, 15, 6, 6, 6, 7, 
95, 97, 13, 9, 8, 5, 0, 0, 0, 1, 2, 3, 5, 6, 7, 8, 9, 10, 11, 13, 14, 6, 6, 6, 6, 
95, 97, 14, 10, 9, 6, 1, 0, 0, 0, 1, 2, 3, 5, 6, 7, 8, 9, 10, 11, 13, 6, 6, 6, 6, 
95, 97, 14, 11, 9, 7, 2, 1, 0, 0, 0, 1, 2, 3, 5, 6, 7, 8, 9, 10, 11, 7, 6, 6, 6, 
95, 97, 15, 12, 10, 8, 3, 2, 1, 0, 0, 0, 1, 2, 3, 5, 6, 7, 8, 9, 10, 7, 7, 6, 6, 
95, 97, 16, 12, 11, 9, 5, 3, 2, 1, 0, 0, 0, 1, 2, 3, 5, 6, 7, 8, 9, 8, 7, 7, 6, 
95, 97, 16, 13, 12, 10, 6, 5, 3, 2, 1, 0, 0, 0, 1, 2, 3, 5, 6, 7, 8, 9, 8, 7, 7, 
95, 97, 17, 14, 13, 12, 7, 6, 5, 3, 2, 1, 0, 0, 0, 1, 2, 3, 5, 6, 7, 9, 9, 8, 7, 
95, 97, 18, 15, 14, 13, 8, 7, 6, 5, 3, 2, 1, 0, 0, 0, 1, 2, 3, 5, 6, 10, 9, 9, 8, 
95, 97, 19, 16, 15, 14, 9, 8, 7, 6, 5, 3, 2, 1, 0, 0, 0, 1, 2, 3, 5, 11, 10, 9, 9, 
95, 97, 20, 17, 16, 15, 10, 9, 8, 7, 6, 5, 3, 2, 1, 0, 0, 0, 1, 2, 3, 12, 11, 10, 9, 
95, 97, 21, 18, 17, 16, 11, 10, 9, 8, 7, 6, 5, 3, 2, 1, 0, 0, 0, 1, 2, 13, 12, 11, 10, 
95, 97, 22, 19, 18, 17, 13, 11, 10, 9, 8, 7, 6, 5, 3, 2, 1, 0, 0, 0, 1, 14, 13, 12, 11, 
95, 97, 22, 20, 19, 18, 14, 13, 11, 10, 9, 8, 7, 6, 5, 3, 2, 1, 0, 0, 0, 15, 14, 13, 12, 
95, 98, 23, 21, 21, 20, 15, 14, 13, 11, 10, 9, 8, 7, 6, 5, 3, 2, 1, 0, 0, 16, 15, 14, 13, 
88, 90, 20, 15, 13, 9, 6, 6, 6, 7, 7, 8, 9, 9, 10, 11, 12, 13, 14, 15, 16, 0, 0, 1, 2, 
88, 90, 20, 16, 14, 10, 6, 6, 6, 6, 7, 7, 8, 9, 9, 10, 11, 12, 13, 14, 15, 0, 0, 0, 1, 
88, 90, 20, 16, 14, 10, 6, 6, 6, 6, 6, 7, 7, 8, 9, 9, 10, 11, 12, 13, 14, 1, 0, 0, 0, 
88, 90, 21, 16, 15, 11, 7, 6, 6, 6, 6, 6, 7, 7, 8, 9, 9, 10, 11, 12, 13, 2, 1, 0, 0, 
Optimal total distance (scaled) for 25 points: 215
Optimal total distance for 25 points: 541.700728
Corresponding path (0-indexed):
Point #24
Point #1
Point #0
Point #20
Point #19
Point #18
Point #17
Point #16
Point #15
Point #14
Point #13
Point #12
Point #11
Point #10
Point #9
Point #8
Point #7
Point #6
Point #2
Point #3
Point #4
Point #5
Point #21
Point #22
Point #23
Point #24
Execution time: 3676 ms

Elapsed time: 3676 ms


Execution #2/10000

Seed: 2
Estimated max possible cost 566.961617
for path: 
0 1 2 3 4 5 6 7 8 9 10 11 12 13 14 15 16 17 18 19 20 21 22 23 24 0
Execution time: 3096 ms

Elapsed time: 6772 ms


Execution #3/10000

Seed: 3
Estimated max possible cost 566.961617
for path: 
0 1 2 3 4 5 6 7 8 9 10 11 12 13 14 15 16 17 18 19 20 21 22 23 24 0
Execution time: 2510 ms

Elapsed time: 9282 ms


Execution #4/10000

Seed: 4
Estimated max possible cost 566.961617
for path: 
0 1 2 3 4 5 6 7 8 9 10 11 12 13 14 15 16 17 18 19 20 21 22 23 24 0
Execution time: 2615 ms

Elapsed time: 11897 ms


Execution #5/10000

Seed: 5
Estimated max possible cost 566.961617
for path: 
0 1 2 3 4 5 6 7 8 9 10 11 12 13 14 15 16 17 18 19 20 21 22 23 24 0
Execution time: 3820 ms

Elapsed time: 15717 ms


Execution #6/10000

Seed: 6
Estimated max possible cost 566.961617
for path: 
0 1 2 3 4 5 6 7 8 9 10 11 12 13 14 15 16 17 18 19 20 21 22 23 24 0
Execution time: 2404 ms

Elapsed time: 18121 ms


Execution #7/10000

Seed: 7
Estimated max possible cost 566.961617
for path: 
0 1 2 3 4 5 6 7 8 9 10 11 12 13 14 15 16 17 18 19 20 21 22 23 24 0
Execution time: 4176 ms

Elapsed time: 22297 ms


Terminating due to timeout: 22297 ms >= 20000 ms

Executed runs: 6/10000
Total execution time: 22.297 s
Avg execution time: 3716.17 ms
