Solving TSP


Execution #1/1

Seed: 1
Estimated max possible cost 4070.000000
for path: 
28 2 23 4 21 6 12 0 14 8 5 11 22 18 10 17 15 25 27 7 24 13 9 26 16 3 1 19 20 28
Memory needed for path: 1317415008 locs, for costs: 1048380480 locs.
Desired precision: 10000
Mem constraint for cost_t: 32 bits
Rounded to pow of 2 bytes mem constraint (capped at 64bits) for cost_t: 32 bits
Bits needed for an int to preserve precision: 25
Bits used per cost_t: 25
Selected cost_t = (u)int32_t
Solving with cost_t = j
Memory [GB] needed: 5.13246
Distances:
0, 97, 205, 139, 86, 60, 220, 65, 111, 115, 227, 95, 82, 225, 168, 103, 266, 205, 149, 120, 58, 257, 152, 52, 180, 136, 82, 34, 145, 
97, 0, 129, 103, 71, 105, 258, 154, 112, 65, 204, 150, 87, 176, 137, 142, 204, 148, 148, 49, 41, 211, 226, 116, 197, 89, 153, 124, 74, 
205, 129, 0, 219, 125, 175, 386, 269, 134, 184, 313, 201, 215, 267, 248, 271, 274, 236, 272, 160, 151, 300, 350, 239, 322, 78, 276, 220, 60, 
139, 103, 219, 0, 167, 182, 180, 162, 208, 39, 102, 227, 60, 86, 34, 96, 129, 69, 58, 60, 120, 119, 192, 114, 110, 192, 136, 173, 173, 
86, 71, 125, 167, 0, 51, 296, 150, 42, 131, 268, 88, 131, 245, 201, 175, 275, 218, 202, 119, 50, 281, 238, 131, 244, 51, 166, 95, 69, 
60, 105, 175, 182, 51, 0, 279, 114, 56, 150, 278, 46, 133, 266, 214, 162, 302, 242, 203, 146, 67, 300, 205, 111, 238, 98, 139, 52, 120, 
220, 258, 386, 180, 296, 279, 0, 178, 328, 206, 147, 308, 172, 203, 165, 121, 251, 216, 122, 231, 249, 209, 111, 169, 72, 338, 144, 237, 331, 
65, 154, 269, 162, 150, 114, 178, 0, 169, 151, 227, 133, 104, 242, 182, 84, 290, 230, 146, 165, 121, 270, 91, 48, 158, 200, 39, 64, 210, 
111, 112, 134, 208, 42, 56, 328, 169, 0, 172, 309, 68, 169, 286, 242, 208, 315, 259, 240, 160, 90, 322, 260, 160, 281, 57, 192, 107, 90, 
115, 65, 184, 39, 131, 150, 206, 151, 172, 0, 140, 195, 51, 117, 72, 104, 153, 93, 88, 25, 85, 152, 200, 104, 139, 154, 134, 149, 135, 
227, 204, 313, 102, 268, 278, 147, 227, 309, 140, 0, 320, 146, 64, 68, 143, 106, 88, 81, 159, 219, 63, 216, 187, 88, 293, 191, 258, 272, 
95, 150, 201, 227, 88, 46, 308, 133, 68, 195, 320, 0, 174, 311, 258, 196, 347, 288, 243, 192, 113, 345, 222, 144, 274, 124, 165, 71, 153, 
82, 87, 215, 60, 131, 133, 172, 104, 169, 51, 146, 174, 0, 144, 86, 57, 189, 128, 71, 71, 82, 176, 150, 56, 114, 168, 83, 115, 160, 
225, 176, 267, 86, 245, 266, 203, 242, 286, 117, 64, 311, 144, 0, 61, 165, 51, 32, 105, 127, 201, 36, 254, 196, 136, 260, 212, 258, 234, 
168, 137, 248, 34, 201, 214, 165, 182, 242, 72, 68, 258, 86, 61, 0, 106, 110, 56, 49, 91, 153, 91, 197, 136, 94, 225, 151, 201, 205, 
103, 142, 271, 96, 175, 162, 121, 84, 208, 104, 143, 196, 57, 165, 106, 0, 215, 159, 64, 126, 128, 190, 98, 53, 78, 218, 48, 127, 214, 
266, 204, 274, 129, 275, 302, 251, 290, 315, 153, 106, 347, 189, 51, 110, 215, 0, 61, 155, 157, 235, 47, 305, 243, 186, 282, 261, 300, 252, 
205, 148, 236, 69, 218, 242, 216, 230, 259, 93, 88, 288, 128, 32, 56, 159, 61, 0, 105, 100, 176, 66, 253, 183, 146, 231, 203, 239, 204, 
149, 148, 272, 58, 202, 203, 122, 146, 240, 88, 81, 243, 71, 105, 49, 64, 155, 105, 0, 113, 152, 127, 150, 106, 52, 235, 112, 179, 221, 
120, 49, 160, 60, 119, 146, 231, 165, 160, 25, 159, 192, 71, 127, 91, 126, 157, 100, 113, 0, 79, 163, 220, 119, 164, 135, 152, 153, 114, 
58, 41, 151, 120, 50, 67, 249, 121, 90, 85, 219, 113, 82, 201, 153, 128, 235, 176, 152, 79, 0, 236, 201, 90, 195, 90, 127, 84, 91, 
257, 211, 300, 119, 281, 300, 209, 270, 322, 152, 63, 345, 176, 36, 91, 190, 47, 66, 127, 163, 236, 0, 273, 226, 148, 296, 238, 291, 269, 
152, 226, 350, 192, 238, 205, 111, 91, 260, 200, 216, 222, 150, 254, 197, 98, 305, 253, 150, 220, 201, 273, 0, 112, 130, 286, 74, 155, 291, 
52, 116, 239, 114, 131, 111, 169, 48, 160, 104, 187, 144, 56, 196, 136, 53, 243, 183, 106, 119, 90, 226, 112, 0, 130, 178, 38, 75, 180, 
180, 197, 322, 110, 244, 238, 72, 158, 281, 139, 88, 274, 114, 136, 94, 78, 186, 146, 52, 164, 195, 148, 130, 130, 0, 281, 120, 205, 270, 
136, 89, 78, 192, 51, 98, 338, 200, 57, 154, 293, 124, 168, 260, 225, 218, 282, 231, 235, 135, 90, 296, 286, 178, 281, 0, 213, 145, 36, 
82, 153, 276, 136, 166, 139, 144, 39, 192, 134, 191, 165, 83, 212, 151, 48, 261, 203, 112, 152, 127, 238, 74, 38, 120, 213, 0, 94, 217, 
34, 124, 220, 173, 95, 52, 237, 64, 107, 149, 258, 71, 115, 258, 201, 127, 300, 239, 179, 153, 84, 291, 155, 75, 205, 145, 94, 0, 162, 
145, 74, 60, 173, 69, 120, 331, 210, 90, 135, 272, 153, 160, 234, 205, 214, 252, 204, 221, 114, 91, 269, 291, 180, 270, 36, 217, 162, 0, 
Scaled Distances:
0, 9.16531e+07, 2.29133e+08, 1.45117e+08, 7.76506e+07, 4.45536e+07, 2.48227e+08, 5.09184e+07, 1.09475e+08, 1.14566e+08, 2.57138e+08, 8.91072e+07, 7.25587e+07, 2.54592e+08, 1.82033e+08, 9.92909e+07, 3.06783e+08, 2.29133e+08, 1.57847e+08, 1.20931e+08, 4.20077e+07, 2.95327e+08, 1.61666e+08, 3.43699e+07, 1.97309e+08, 1.41299e+08, 7.25587e+07, 1.14566e+07, 1.52755e+08, 
9.16531e+07, 0, 1.32388e+08, 9.92909e+07, 5.85562e+07, 1.01837e+08, 2.966e+08, 1.64212e+08, 1.10748e+08, 5.09184e+07, 2.2786e+08, 1.5912e+08, 7.89235e+07, 1.92217e+08, 1.42572e+08, 1.48936e+08, 2.2786e+08, 1.56574e+08, 1.56574e+08, 3.0551e+07, 2.03674e+07, 2.36771e+08, 2.55865e+08, 1.15839e+08, 2.18949e+08, 8.14694e+07, 1.62939e+08, 1.26023e+08, 6.2375e+07, 
2.29133e+08, 1.32388e+08, 0, 2.46954e+08, 1.27296e+08, 1.90944e+08, 4.59539e+08, 3.10602e+08, 1.38753e+08, 2.02401e+08, 3.66612e+08, 2.24041e+08, 2.41862e+08, 3.08056e+08, 2.8387e+08, 3.13148e+08, 3.16967e+08, 2.68595e+08, 3.14421e+08, 1.7185e+08, 1.60393e+08, 3.50064e+08, 4.13712e+08, 2.72413e+08, 3.78069e+08, 6.74669e+07, 3.19513e+08, 2.48227e+08, 4.45536e+07, 
1.45117e+08, 9.92909e+07, 2.46954e+08, 0, 1.8076e+08, 1.99855e+08, 1.97309e+08, 1.74396e+08, 2.32952e+08, 1.78214e+07, 9.80179e+07, 2.57138e+08, 4.45536e+07, 7.76506e+07, 1.14566e+07, 9.03802e+07, 1.32388e+08, 5.60102e+07, 4.20077e+07, 4.45536e+07, 1.20931e+08, 1.19658e+08, 2.12584e+08, 1.13293e+08, 1.08202e+08, 2.12584e+08, 1.41299e+08, 1.88398e+08, 1.88398e+08, 
7.76506e+07, 5.85562e+07, 1.27296e+08, 1.8076e+08, 0, 3.3097e+07, 3.44972e+08, 1.5912e+08, 2.16403e+07, 1.34934e+08, 3.09329e+08, 8.01965e+07, 1.34934e+08, 2.80051e+08, 2.24041e+08, 1.90944e+08, 3.1824e+08, 2.45681e+08, 2.25314e+08, 1.19658e+08, 3.1824e+07, 3.25878e+08, 2.7114e+08, 1.34934e+08, 2.78778e+08, 3.3097e+07, 1.79487e+08, 8.91072e+07, 5.60102e+07, 
4.45536e+07, 1.01837e+08, 1.90944e+08, 1.99855e+08, 3.3097e+07, 0, 3.23332e+08, 1.13293e+08, 3.94618e+07, 1.5912e+08, 3.22059e+08, 2.67322e+07, 1.3748e+08, 3.06783e+08, 2.40589e+08, 1.74396e+08, 3.5261e+08, 2.76232e+08, 2.26587e+08, 1.54028e+08, 5.34643e+07, 3.50064e+08, 2.29133e+08, 1.09475e+08, 2.7114e+08, 9.29261e+07, 1.45117e+08, 3.43699e+07, 1.20931e+08, 
2.48227e+08, 2.966e+08, 4.59539e+08, 1.97309e+08, 3.44972e+08, 3.23332e+08, 0, 1.94763e+08, 3.85707e+08, 2.30406e+08, 1.55301e+08, 3.60248e+08, 1.87125e+08, 2.26587e+08, 1.78214e+08, 1.22204e+08, 2.87689e+08, 2.43135e+08, 1.23477e+08, 2.6223e+08, 2.85143e+08, 2.34225e+08, 1.09475e+08, 1.83306e+08, 5.98291e+07, 3.98436e+08, 1.51482e+08, 2.69868e+08, 3.89526e+08, 
5.09184e+07, 1.64212e+08, 3.10602e+08, 1.74396e+08, 1.5912e+08, 1.13293e+08, 1.94763e+08, 0, 1.83306e+08, 1.60393e+08, 2.57138e+08, 1.3748e+08, 1.00564e+08, 2.76232e+08, 1.99855e+08, 7.51046e+07, 3.37334e+08, 2.60957e+08, 1.54028e+08, 1.78214e+08, 1.22204e+08, 3.11875e+08, 8.40154e+07, 2.92781e+07, 1.69304e+08, 2.22768e+08, 1.78214e+07, 4.96454e+07, 2.35498e+08, 
1.09475e+08, 1.10748e+08, 1.38753e+08, 2.32952e+08, 2.16403e+07, 3.94618e+07, 3.85707e+08, 1.83306e+08, 0, 1.87125e+08, 3.61521e+08, 5.47373e+07, 1.83306e+08, 3.32243e+08, 2.76232e+08, 2.32952e+08, 3.69158e+08, 2.97873e+08, 2.73686e+08, 1.7185e+08, 8.27424e+07, 3.78069e+08, 2.99146e+08, 1.7185e+08, 3.25878e+08, 4.07347e+07, 2.12584e+08, 1.04383e+08, 8.27424e+07, 
1.14566e+08, 5.09184e+07, 2.02401e+08, 1.78214e+07, 1.34934e+08, 1.5912e+08, 2.30406e+08, 1.60393e+08, 1.87125e+08, 0, 1.4639e+08, 2.16403e+08, 3.3097e+07, 1.17112e+08, 5.98291e+07, 1.00564e+08, 1.62939e+08, 8.65613e+07, 8.01965e+07, 0, 7.63776e+07, 1.61666e+08, 2.22768e+08, 1.00564e+08, 1.45117e+08, 1.64212e+08, 1.38753e+08, 1.57847e+08, 1.40026e+08, 
2.57138e+08, 2.2786e+08, 3.66612e+08, 9.80179e+07, 3.09329e+08, 3.22059e+08, 1.55301e+08, 2.57138e+08, 3.61521e+08, 1.4639e+08, 0, 3.75523e+08, 1.54028e+08, 4.96454e+07, 5.47373e+07, 1.50209e+08, 1.0311e+08, 8.01965e+07, 7.12858e+07, 1.70577e+08, 2.46954e+08, 4.83725e+07, 2.43135e+08, 2.0622e+08, 8.01965e+07, 3.41153e+08, 2.11311e+08, 2.966e+08, 3.14421e+08, 
8.91072e+07, 1.5912e+08, 2.24041e+08, 2.57138e+08, 8.01965e+07, 2.67322e+07, 3.60248e+08, 1.3748e+08, 5.47373e+07, 2.16403e+08, 3.75523e+08, 0, 1.89671e+08, 3.64067e+08, 2.966e+08, 2.17676e+08, 4.09893e+08, 3.34788e+08, 2.77505e+08, 2.12584e+08, 1.1202e+08, 4.07347e+08, 2.50773e+08, 1.51482e+08, 3.16967e+08, 1.26023e+08, 1.78214e+08, 5.85562e+07, 1.62939e+08, 
7.25587e+07, 7.89235e+07, 2.41862e+08, 4.45536e+07, 1.34934e+08, 1.3748e+08, 1.87125e+08, 1.00564e+08, 1.83306e+08, 3.3097e+07, 1.54028e+08, 1.89671e+08, 0, 1.51482e+08, 7.76506e+07, 4.07347e+07, 2.08765e+08, 1.31115e+08, 5.85562e+07, 5.85562e+07, 7.25587e+07, 1.92217e+08, 1.5912e+08, 3.94618e+07, 1.13293e+08, 1.82033e+08, 7.38317e+07, 1.14566e+08, 1.7185e+08, 
2.54592e+08, 1.92217e+08, 3.08056e+08, 7.76506e+07, 2.80051e+08, 3.06783e+08, 2.26587e+08, 2.76232e+08, 3.32243e+08, 1.17112e+08, 4.96454e+07, 3.64067e+08, 1.51482e+08, 0, 4.58266e+07, 1.78214e+08, 3.3097e+07, 8.91072e+06, 1.01837e+08, 1.29842e+08, 2.24041e+08, 1.40026e+07, 2.91508e+08, 2.17676e+08, 1.41299e+08, 2.99146e+08, 2.38044e+08, 2.966e+08, 2.66049e+08, 
1.82033e+08, 1.42572e+08, 2.8387e+08, 1.14566e+07, 2.24041e+08, 2.40589e+08, 1.78214e+08, 1.99855e+08, 2.76232e+08, 5.98291e+07, 5.47373e+07, 2.966e+08, 7.76506e+07, 4.58266e+07, 0, 1.0311e+08, 1.08202e+08, 3.94618e+07, 3.0551e+07, 8.40154e+07, 1.62939e+08, 8.40154e+07, 2.18949e+08, 1.41299e+08, 8.78342e+07, 2.54592e+08, 1.60393e+08, 2.24041e+08, 2.29133e+08, 
9.92909e+07, 1.48936e+08, 3.13148e+08, 9.03802e+07, 1.90944e+08, 1.74396e+08, 1.22204e+08, 7.51046e+07, 2.32952e+08, 1.00564e+08, 1.50209e+08, 2.17676e+08, 4.07347e+07, 1.78214e+08, 1.0311e+08, 0, 2.41862e+08, 1.70577e+08, 4.96454e+07, 1.28569e+08, 1.31115e+08, 2.10038e+08, 9.29261e+07, 3.56429e+07, 6.74669e+07, 2.45681e+08, 2.92781e+07, 1.29842e+08, 2.40589e+08, 
3.06783e+08, 2.2786e+08, 3.16967e+08, 1.32388e+08, 3.1824e+08, 3.5261e+08, 2.87689e+08, 3.37334e+08, 3.69158e+08, 1.62939e+08, 1.0311e+08, 4.09893e+08, 2.08765e+08, 3.3097e+07, 1.08202e+08, 2.41862e+08, 0, 4.58266e+07, 1.65485e+08, 1.68031e+08, 2.67322e+08, 2.80051e+07, 3.56429e+08, 2.77505e+08, 2.04947e+08, 3.27151e+08, 3.00419e+08, 3.50064e+08, 2.88962e+08, 
2.29133e+08, 1.56574e+08, 2.68595e+08, 5.60102e+07, 2.45681e+08, 2.76232e+08, 2.43135e+08, 2.60957e+08, 2.97873e+08, 8.65613e+07, 8.01965e+07, 3.34788e+08, 1.31115e+08, 8.91072e+06, 3.94618e+07, 1.70577e+08, 4.58266e+07, 0, 1.01837e+08, 9.5472e+07, 1.92217e+08, 5.21914e+07, 2.90235e+08, 2.01128e+08, 1.54028e+08, 2.6223e+08, 2.26587e+08, 2.72413e+08, 2.2786e+08, 
1.57847e+08, 1.56574e+08, 3.14421e+08, 4.20077e+07, 2.25314e+08, 2.26587e+08, 1.23477e+08, 1.54028e+08, 2.73686e+08, 8.01965e+07, 7.12858e+07, 2.77505e+08, 5.85562e+07, 1.01837e+08, 3.0551e+07, 4.96454e+07, 1.65485e+08, 1.01837e+08, 0, 1.1202e+08, 1.61666e+08, 1.29842e+08, 1.5912e+08, 1.0311e+08, 3.43699e+07, 2.67322e+08, 1.10748e+08, 1.96036e+08, 2.495e+08, 
1.20931e+08, 3.0551e+07, 1.7185e+08, 4.45536e+07, 1.19658e+08, 1.54028e+08, 2.6223e+08, 1.78214e+08, 1.7185e+08, 0, 1.70577e+08, 2.12584e+08, 5.85562e+07, 1.29842e+08, 8.40154e+07, 1.28569e+08, 1.68031e+08, 9.5472e+07, 1.1202e+08, 0, 6.87398e+07, 1.75668e+08, 2.48227e+08, 1.19658e+08, 1.76941e+08, 1.40026e+08, 1.61666e+08, 1.62939e+08, 1.13293e+08, 
4.20077e+07, 2.03674e+07, 1.60393e+08, 1.20931e+08, 3.1824e+07, 5.34643e+07, 2.85143e+08, 1.22204e+08, 8.27424e+07, 7.63776e+07, 2.46954e+08, 1.1202e+08, 7.25587e+07, 2.24041e+08, 1.62939e+08, 1.31115e+08, 2.67322e+08, 1.92217e+08, 1.61666e+08, 6.87398e+07, 0, 2.68595e+08, 2.24041e+08, 8.27424e+07, 2.16403e+08, 8.27424e+07, 1.29842e+08, 7.51046e+07, 8.40154e+07, 
2.95327e+08, 2.36771e+08, 3.50064e+08, 1.19658e+08, 3.25878e+08, 3.50064e+08, 2.34225e+08, 3.11875e+08, 3.78069e+08, 1.61666e+08, 4.83725e+07, 4.07347e+08, 1.92217e+08, 1.40026e+07, 8.40154e+07, 2.10038e+08, 2.80051e+07, 5.21914e+07, 1.29842e+08, 1.75668e+08, 2.68595e+08, 0, 3.15694e+08, 2.55865e+08, 1.56574e+08, 3.44972e+08, 2.7114e+08, 3.38607e+08, 3.10602e+08, 
1.61666e+08, 2.55865e+08, 4.13712e+08, 2.12584e+08, 2.7114e+08, 2.29133e+08, 1.09475e+08, 8.40154e+07, 2.99146e+08, 2.22768e+08, 2.43135e+08, 2.50773e+08, 1.5912e+08, 2.91508e+08, 2.18949e+08, 9.29261e+07, 3.56429e+08, 2.90235e+08, 1.5912e+08, 2.48227e+08, 2.24041e+08, 3.15694e+08, 0, 1.10748e+08, 1.33661e+08, 3.32243e+08, 6.2375e+07, 1.65485e+08, 3.38607e+08, 
3.43699e+07, 1.15839e+08, 2.72413e+08, 1.13293e+08, 1.34934e+08, 1.09475e+08, 1.83306e+08, 2.92781e+07, 1.7185e+08, 1.00564e+08, 2.0622e+08, 1.51482e+08, 3.94618e+07, 2.17676e+08, 1.41299e+08, 3.56429e+07, 2.77505e+08, 2.01128e+08, 1.0311e+08, 1.19658e+08, 8.27424e+07, 2.55865e+08, 1.10748e+08, 0, 1.33661e+08, 1.94763e+08, 1.65485e+07, 6.3648e+07, 1.97309e+08, 
1.97309e+08, 2.18949e+08, 3.78069e+08, 1.08202e+08, 2.78778e+08, 2.7114e+08, 5.98291e+07, 1.69304e+08, 3.25878e+08, 1.45117e+08, 8.01965e+07, 3.16967e+08, 1.13293e+08, 1.41299e+08, 8.78342e+07, 6.74669e+07, 2.04947e+08, 1.54028e+08, 3.43699e+07, 1.76941e+08, 2.16403e+08, 1.56574e+08, 1.33661e+08, 1.33661e+08, 0, 3.25878e+08, 1.20931e+08, 2.29133e+08, 3.11875e+08, 
1.41299e+08, 8.14694e+07, 6.74669e+07, 2.12584e+08, 3.3097e+07, 9.29261e+07, 3.98436e+08, 2.22768e+08, 4.07347e+07, 1.64212e+08, 3.41153e+08, 1.26023e+08, 1.82033e+08, 2.99146e+08, 2.54592e+08, 2.45681e+08, 3.27151e+08, 2.6223e+08, 2.67322e+08, 1.40026e+08, 8.27424e+07, 3.44972e+08, 3.32243e+08, 1.94763e+08, 3.25878e+08, 0, 2.39316e+08, 1.52755e+08, 1.40026e+07, 
7.25587e+07, 1.62939e+08, 3.19513e+08, 1.41299e+08, 1.79487e+08, 1.45117e+08, 1.51482e+08, 1.78214e+07, 2.12584e+08, 1.38753e+08, 2.11311e+08, 1.78214e+08, 7.38317e+07, 2.38044e+08, 1.60393e+08, 2.92781e+07, 3.00419e+08, 2.26587e+08, 1.10748e+08, 1.61666e+08, 1.29842e+08, 2.7114e+08, 6.2375e+07, 1.65485e+07, 1.20931e+08, 2.39316e+08, 0, 8.78342e+07, 2.44408e+08, 
1.14566e+07, 1.26023e+08, 2.48227e+08, 1.88398e+08, 8.91072e+07, 3.43699e+07, 2.69868e+08, 4.96454e+07, 1.04383e+08, 1.57847e+08, 2.966e+08, 5.85562e+07, 1.14566e+08, 2.966e+08, 2.24041e+08, 1.29842e+08, 3.50064e+08, 2.72413e+08, 1.96036e+08, 1.62939e+08, 7.51046e+07, 3.38607e+08, 1.65485e+08, 6.3648e+07, 2.29133e+08, 1.52755e+08, 8.78342e+07, 0, 1.74396e+08, 
1.52755e+08, 6.2375e+07, 4.45536e+07, 1.88398e+08, 5.60102e+07, 1.20931e+08, 3.89526e+08, 2.35498e+08, 8.27424e+07, 1.40026e+08, 3.14421e+08, 1.62939e+08, 1.7185e+08, 2.66049e+08, 2.29133e+08, 2.40589e+08, 2.88962e+08, 2.2786e+08, 2.495e+08, 1.13293e+08, 8.40154e+07, 3.10602e+08, 3.38607e+08, 1.97309e+08, 3.11875e+08, 1.40026e+07, 2.44408e+08, 1.74396e+08, 0, 
Optimal total distance (scaled) for 29 points: 1.12657e+09
Optimal total distance for 29 points: 1610.000000
Corresponding path (0-indexed):
Point #28
Point #4
Point #20
Point #1
Point #19
Point #9
Point #3
Point #14
Point #17
Point #13
Point #16
Point #21
Point #10
Point #18
Point #24
Point #6
Point #22
Point #7
Point #26
Point #15
Point #12
Point #23
Point #0
Point #27
Point #5
Point #11
Point #8
Point #25
Point #2
Point #28
Execution time: 80850 ms

Elapsed time: 80850 ms
Executed runs: 1/1
Total execution time: 80.85 s
Avg execution time: 80850 ms
