Solving TSP


Execution #1/10000

Seed: 1
Estimated max possible cost 531.576018
for path: 
0 1 2 3 4 5 6 7 8 9 10 11 12 13 14 15 16 17 18 0
Memory needed for path: 741744 locs, for costs: 787644 locs.
Desired precision: 1e+12
Mem constraint for cost_t: 16 bits
Rounded to pow of 2 bytes mem constraint (capped at 64bits) for cost_t: 16 bits
Bits needed for an int to preserve precision: 49
Warning: cannot preserve precision.
Warning: Using an integer; there is not enough memory for decimals.
Bits used per cost_t: 16
Selected cost_t = (u)int16_t
Solving with cost_t = t
Memory [GB] needed: 0.0021579
Requested precision is too high;managed to differentiate costs by: 0.005211
Distances:
0, 5.08, 242.54, 232.423, 228.124, 218.013, 212.172, 212.044, 211.947, 211.88, 211.843, 211.837, 211.862, 211.917, 212.002, 212.117, 212.263, 212.44, 212.646, 
5.08, 0, 247.599, 237.481, 233.181, 223.068, 217.244, 217.119, 217.024, 216.959, 216.923, 216.917, 216.941, 216.995, 217.078, 217.191, 217.333, 217.505, 217.707, 
242.54, 247.599, 0, 10.16, 14.478, 24.638, 31.3255, 32.219, 33.2827, 34.501, 35.8581, 37.3389, 38.9292, 40.6162, 42.3883, 44.2354, 46.1484, 48.1194, 50.1417, 
232.423, 237.481, 10.16, 0, 4.318, 14.478, 21.9236, 23.1823, 24.6393, 26.2617, 28.0207, 29.8922, 31.8565, 33.8973, 36.0018, 38.1592, 40.3612, 42.6009, 44.8725, 
228.124, 233.181, 14.478, 4.318, 0, 10.16, 18.1765, 19.6764, 21.3738, 23.2254, 25.1973, 27.2633, 29.4037, 31.6034, 33.8507, 36.1368, 38.4548, 40.7992, 43.1658, 
218.013, 223.068, 24.638, 14.478, 10.16, 0, 11.1326, 13.4428, 15.8236, 18.2474, 20.6991, 23.1698, 25.654, 28.1482, 30.6499, 33.1575, 35.6696, 38.1854, 40.7042, 
212.172, 217.244, 31.3255, 21.9236, 18.1765, 11.1326, 0, 2.54, 5.08, 7.62, 10.16, 12.7, 15.24, 17.78, 20.32, 22.86, 25.4, 27.94, 30.48, 
212.044, 217.119, 32.219, 23.1823, 19.6764, 13.4428, 2.54, 0, 2.54, 5.08, 7.62, 10.16, 12.7, 15.24, 17.78, 20.32, 22.86, 25.4, 27.94, 
211.947, 217.024, 33.2827, 24.6393, 21.3738, 15.8236, 5.08, 2.54, 0, 2.54, 5.08, 7.62, 10.16, 12.7, 15.24, 17.78, 20.32, 22.86, 25.4, 
211.88, 216.959, 34.501, 26.2617, 23.2254, 18.2474, 7.62, 5.08, 2.54, 0, 2.54, 5.08, 7.62, 10.16, 12.7, 15.24, 17.78, 20.32, 22.86, 
211.843, 216.923, 35.8581, 28.0207, 25.1973, 20.6991, 10.16, 7.62, 5.08, 2.54, 0, 2.54, 5.08, 7.62, 10.16, 12.7, 15.24, 17.78, 20.32, 
211.837, 216.917, 37.3389, 29.8922, 27.2633, 23.1698, 12.7, 10.16, 7.62, 5.08, 2.54, 0, 2.54, 5.08, 7.62, 10.16, 12.7, 15.24, 17.78, 
211.862, 216.941, 38.9292, 31.8565, 29.4037, 25.654, 15.24, 12.7, 10.16, 7.62, 5.08, 2.54, 0, 2.54, 5.08, 7.62, 10.16, 12.7, 15.24, 
211.917, 216.995, 40.6162, 33.8973, 31.6034, 28.1482, 17.78, 15.24, 12.7, 10.16, 7.62, 5.08, 2.54, 0, 2.54, 5.08, 7.62, 10.16, 12.7, 
212.002, 217.078, 42.3883, 36.0018, 33.8507, 30.6499, 20.32, 17.78, 15.24, 12.7, 10.16, 7.62, 5.08, 2.54, 0, 2.54, 5.08, 7.62, 10.16, 
212.117, 217.191, 44.2354, 38.1592, 36.1368, 33.1575, 22.86, 20.32, 17.78, 15.24, 12.7, 10.16, 7.62, 5.08, 2.54, 0, 2.54, 5.08, 7.62, 
212.263, 217.333, 46.1484, 40.3612, 38.4548, 35.6696, 25.4, 22.86, 20.32, 17.78, 15.24, 12.7, 10.16, 7.62, 5.08, 2.54, 0, 2.54, 5.08, 
212.44, 217.505, 48.1194, 42.6009, 40.7992, 38.1854, 27.94, 25.4, 22.86, 20.32, 17.78, 15.24, 12.7, 10.16, 7.62, 5.08, 2.54, 0, 2.54, 
212.646, 217.707, 50.1417, 44.8725, 43.1658, 40.7042, 30.48, 27.94, 25.4, 22.86, 20.32, 17.78, 15.24, 12.7, 10.16, 7.62, 5.08, 2.54, 0, 
Scaled Distances:
0, 331, 31311, 29992, 29431, 28112, 27350, 27333, 27320, 27311, 27307, 27306, 27309, 27316, 27327, 27342, 27361, 27384, 27411, 
331, 0, 31972, 30651, 30090, 28771, 28011, 27995, 27983, 27974, 27969, 27969, 27972, 27979, 27990, 28004, 28023, 28045, 28072, 
31311, 31972, 0, 994, 1557, 2883, 3755, 3872, 4011, 4170, 4347, 4540, 4747, 4968, 5199, 5440, 5689, 5946, 6210, 
29992, 30651, 994, 0, 232, 1557, 2529, 2693, 2883, 3095, 3324, 3568, 3825, 4091, 4366, 4647, 4934, 5227, 5523, 
29431, 30090, 1557, 232, 0, 994, 2040, 2236, 2457, 2699, 2956, 3226, 3505, 3792, 4085, 4383, 4686, 4991, 5300, 
28112, 28771, 2883, 1557, 994, 0, 1121, 1422, 1733, 2049, 2369, 2691, 3016, 3341, 3667, 3994, 4322, 4650, 4979, 
27350, 28011, 3755, 2529, 2040, 1121, 0, 0, 331, 663, 994, 1326, 1657, 1988, 2320, 2651, 2982, 3314, 3645, 
27333, 27995, 3872, 2693, 2236, 1422, 0, 0, 0, 331, 663, 994, 1326, 1657, 1988, 2320, 2651, 2982, 3314, 
27320, 27983, 4011, 2883, 2457, 1733, 331, 0, 0, 0, 331, 663, 994, 1326, 1657, 1988, 2320, 2651, 2982, 
27311, 27974, 4170, 3095, 2699, 2049, 663, 331, 0, 0, 0, 331, 663, 994, 1326, 1657, 1988, 2320, 2651, 
27307, 27969, 4347, 3324, 2956, 2369, 994, 663, 331, 0, 0, 0, 331, 663, 994, 1326, 1657, 1988, 2320, 
27306, 27969, 4540, 3568, 3226, 2691, 1326, 994, 663, 331, 0, 0, 0, 331, 663, 994, 1326, 1657, 1988, 
27309, 27972, 4747, 3825, 3505, 3016, 1657, 1326, 994, 663, 331, 0, 0, 0, 331, 663, 994, 1326, 1657, 
27316, 27979, 4968, 4091, 3792, 3341, 1988, 1657, 1326, 994, 663, 331, 0, 0, 0, 331, 663, 994, 1326, 
27327, 27990, 5199, 4366, 4085, 3667, 2320, 1988, 1657, 1326, 994, 663, 331, 0, 0, 0, 331, 663, 994, 
27342, 28004, 5440, 4647, 4383, 3994, 2651, 2320, 1988, 1657, 1326, 994, 663, 331, 0, 0, 0, 331, 663, 
27361, 28023, 5689, 4934, 4686, 4322, 2982, 2651, 2320, 1988, 1657, 1326, 994, 663, 331, 0, 0, 0, 331, 
27384, 28045, 5946, 5227, 4991, 4650, 3314, 2982, 2651, 2320, 1988, 1657, 1326, 994, 663, 331, 0, 0, 0, 
27411, 28072, 6210, 5523, 5300, 4979, 3645, 3314, 2982, 2651, 2320, 1988, 1657, 1326, 994, 663, 331, 0, 0, 
Optimal total distance (scaled) for 19 points: 62488
Optimal total distance for 19 points: 527.237580
Corresponding path (0-indexed):
Point #18
Point #0
Point #1
Point #5
Point #4
Point #3
Point #2
Point #6
Point #7
Point #8
Point #9
Point #10
Point #11
Point #12
Point #13
Point #14
Point #15
Point #16
Point #17
Point #18
Execution time: 34 ms

Elapsed time: 34 ms


Execution #2/10000

Seed: 2
Estimated max possible cost 531.576018
for path: 
0 1 2 3 4 5 6 7 8 9 10 11 12 13 14 15 16 17 18 0
Execution time: 40 ms

Elapsed time: 74 ms


Execution #3/10000

Seed: 3
Estimated max possible cost 531.576018
for path: 
0 1 2 3 4 5 6 7 8 9 10 11 12 13 14 15 16 17 18 0
Execution time: 38 ms

Elapsed time: 112 ms


Execution #4/10000

Seed: 4
Estimated max possible cost 531.576018
for path: 
0 1 2 3 4 5 6 7 8 9 10 11 12 13 14 15 16 17 18 0
Execution time: 38 ms

Elapsed time: 150 ms


Execution #5/10000

Seed: 5
Estimated max possible cost 531.576018
for path: 
0 1 2 3 4 5 6 7 8 9 10 11 12 13 14 15 16 17 18 0
Execution time: 40 ms

Elapsed time: 190 ms


Execution #6/10000

Seed: 6
Estimated max possible cost 531.576018
for path: 
0 1 2 3 4 5 6 7 8 9 10 11 12 13 14 15 16 17 18 0
Execution time: 38 ms

Elapsed time: 228 ms


Execution #7/10000

Seed: 7
Estimated max possible cost 531.576018
for path: 
0 1 2 3 4 5 6 7 8 9 10 11 12 13 14 15 16 17 18 0
Execution time: 39 ms

Elapsed time: 267 ms


Execution #8/10000

Seed: 8
Estimated max possible cost 531.576018
for path: 
0 1 2 3 4 5 6 7 8 9 10 11 12 13 14 15 16 17 18 0
Execution time: 39 ms

Elapsed time: 306 ms


Execution #9/10000

Seed: 9
Estimated max possible cost 531.576018
for path: 
0 1 2 3 4 5 6 7 8 9 10 11 12 13 14 15 16 17 18 0
Execution time: 38 ms

Elapsed time: 344 ms


Execution #10/10000

Seed: 10
Estimated max possible cost 531.576018
for path: 
0 1 2 3 4 5 6 7 8 9 10 11 12 13 14 15 16 17 18 0
Execution time: 40 ms

Elapsed time: 384 ms


Execution #11/10000

Seed: 11
Estimated max possible cost 531.576018
for path: 
0 1 2 3 4 5 6 7 8 9 10 11 12 13 14 15 16 17 18 0
Execution time: 38 ms

Elapsed time: 422 ms


Execution #12/10000

Seed: 12
Estimated max possible cost 531.576018
for path: 
0 1 2 3 4 5 6 7 8 9 10 11 12 13 14 15 16 17 18 0
Execution time: 39 ms

Elapsed time: 461 ms


Execution #13/10000

Seed: 13
Estimated max possible cost 531.576018
for path: 
0 1 2 3 4 5 6 7 8 9 10 11 12 13 14 15 16 17 18 0
Execution time: 38 ms

Elapsed time: 499 ms


Execution #14/10000

Seed: 14
Estimated max possible cost 531.576018
for path: 
0 1 2 3 4 5 6 7 8 9 10 11 12 13 14 15 16 17 18 0
Execution time: 38 ms

Elapsed time: 537 ms


Execution #15/10000

Seed: 15
Estimated max possible cost 531.576018
for path: 
0 1 2 3 4 5 6 7 8 9 10 11 12 13 14 15 16 17 18 0
Execution time: 39 ms

Elapsed time: 576 ms


Execution #16/10000

Seed: 16
Estimated max possible cost 531.576018
for path: 
0 1 2 3 4 5 6 7 8 9 10 11 12 13 14 15 16 17 18 0
Execution time: 39 ms

Elapsed time: 615 ms


Execution #17/10000

Seed: 17
Estimated max possible cost 531.576018
for path: 
0 1 2 3 4 5 6 7 8 9 10 11 12 13 14 15 16 17 18 0
Execution time: 35 ms

Elapsed time: 650 ms


Execution #18/10000

Seed: 18
Estimated max possible cost 531.576018
for path: 
0 1 2 3 4 5 6 7 8 9 10 11 12 13 14 15 16 17 18 0
Execution time: 23 ms

Elapsed time: 673 ms


Execution #19/10000

Seed: 19
Estimated max possible cost 531.576018
for path: 
0 1 2 3 4 5 6 7 8 9 10 11 12 13 14 15 16 17 18 0
Execution time: 23 ms

Elapsed time: 696 ms


Execution #20/10000

Seed: 20
Estimated max possible cost 531.576018
for path: 
0 1 2 3 4 5 6 7 8 9 10 11 12 13 14 15 16 17 18 0
Execution time: 23 ms

Elapsed time: 719 ms


Execution #21/10000

Seed: 21
Estimated max possible cost 531.576018
for path: 
0 1 2 3 4 5 6 7 8 9 10 11 12 13 14 15 16 17 18 0
Execution time: 35 ms

Elapsed time: 754 ms


Execution #22/10000

Seed: 22
Estimated max possible cost 531.576018
for path: 
0 1 2 3 4 5 6 7 8 9 10 11 12 13 14 15 16 17 18 0
Execution time: 39 ms

Elapsed time: 793 ms


Execution #23/10000

Seed: 23
Estimated max possible cost 531.576018
for path: 
0 1 2 3 4 5 6 7 8 9 10 11 12 13 14 15 16 17 18 0
Execution time: 38 ms

Elapsed time: 831 ms


Execution #24/10000

Seed: 24
Estimated max possible cost 531.576018
for path: 
0 1 2 3 4 5 6 7 8 9 10 11 12 13 14 15 16 17 18 0
Execution time: 38 ms

Elapsed time: 869 ms


Execution #25/10000

Seed: 25
Estimated max possible cost 531.576018
for path: 
0 1 2 3 4 5 6 7 8 9 10 11 12 13 14 15 16 17 18 0
Execution time: 39 ms

Elapsed time: 908 ms


Execution #26/10000

Seed: 26
Estimated max possible cost 531.576018
for path: 
0 1 2 3 4 5 6 7 8 9 10 11 12 13 14 15 16 17 18 0
Execution time: 38 ms

Elapsed time: 946 ms


Execution #27/10000

Seed: 27
Estimated max possible cost 531.576018
for path: 
0 1 2 3 4 5 6 7 8 9 10 11 12 13 14 15 16 17 18 0
Execution time: 39 ms

Elapsed time: 985 ms


Execution #28/10000

Seed: 28
Estimated max possible cost 531.576018
for path: 
0 1 2 3 4 5 6 7 8 9 10 11 12 13 14 15 16 17 18 0
Execution time: 39 ms

Elapsed time: 1024 ms


Execution #29/10000

Seed: 29
Estimated max possible cost 531.576018
for path: 
0 1 2 3 4 5 6 7 8 9 10 11 12 13 14 15 16 17 18 0
Execution time: 38 ms

Elapsed time: 1062 ms


Execution #30/10000

Seed: 30
Estimated max possible cost 531.576018
for path: 
0 1 2 3 4 5 6 7 8 9 10 11 12 13 14 15 16 17 18 0
Execution time: 39 ms

Elapsed time: 1101 ms


Execution #31/10000

Seed: 31
Estimated max possible cost 531.576018
for path: 
0 1 2 3 4 5 6 7 8 9 10 11 12 13 14 15 16 17 18 0
Execution time: 38 ms

Elapsed time: 1139 ms


Execution #32/10000

Seed: 32
Estimated max possible cost 531.576018
for path: 
0 1 2 3 4 5 6 7 8 9 10 11 12 13 14 15 16 17 18 0
Execution time: 34 ms

Elapsed time: 1173 ms


Execution #33/10000

Seed: 33
Estimated max possible cost 531.576018
for path: 
0 1 2 3 4 5 6 7 8 9 10 11 12 13 14 15 16 17 18 0
Execution time: 23 ms

Elapsed time: 1196 ms


Execution #34/10000

Seed: 34
Estimated max possible cost 531.576018
for path: 
0 1 2 3 4 5 6 7 8 9 10 11 12 13 14 15 16 17 18 0
Execution time: 24 ms

Elapsed time: 1220 ms


Execution #35/10000

Seed: 35
Estimated max possible cost 531.576018
for path: 
0 1 2 3 4 5 6 7 8 9 10 11 12 13 14 15 16 17 18 0
Execution time: 23 ms

Elapsed time: 1243 ms


Execution #36/10000

Seed: 36
Estimated max possible cost 531.576018
for path: 
0 1 2 3 4 5 6 7 8 9 10 11 12 13 14 15 16 17 18 0
Execution time: 24 ms

Elapsed time: 1267 ms


Execution #37/10000

Seed: 37
Estimated max possible cost 531.576018
for path: 
0 1 2 3 4 5 6 7 8 9 10 11 12 13 14 15 16 17 18 0
Execution time: 24 ms

Elapsed time: 1291 ms


Execution #38/10000

Seed: 38
Estimated max possible cost 531.576018
for path: 
0 1 2 3 4 5 6 7 8 9 10 11 12 13 14 15 16 17 18 0
Execution time: 24 ms

Elapsed time: 1315 ms


Execution #39/10000

Seed: 39
Estimated max possible cost 531.576018
for path: 
0 1 2 3 4 5 6 7 8 9 10 11 12 13 14 15 16 17 18 0
Execution time: 24 ms

Elapsed time: 1339 ms


Execution #40/10000

Seed: 40
Estimated max possible cost 531.576018
for path: 
0 1 2 3 4 5 6 7 8 9 10 11 12 13 14 15 16 17 18 0
Execution time: 33 ms

Elapsed time: 1372 ms


Execution #41/10000

Seed: 41
Estimated max possible cost 531.576018
for path: 
0 1 2 3 4 5 6 7 8 9 10 11 12 13 14 15 16 17 18 0
Execution time: 38 ms

Elapsed time: 1410 ms


Execution #42/10000

Seed: 42
Estimated max possible cost 531.576018
for path: 
0 1 2 3 4 5 6 7 8 9 10 11 12 13 14 15 16 17 18 0
Execution time: 40 ms

Elapsed time: 1450 ms


Execution #43/10000

Seed: 43
Estimated max possible cost 531.576018
for path: 
0 1 2 3 4 5 6 7 8 9 10 11 12 13 14 15 16 17 18 0
Execution time: 38 ms

Elapsed time: 1488 ms


Execution #44/10000

Seed: 44
Estimated max possible cost 531.576018
for path: 
0 1 2 3 4 5 6 7 8 9 10 11 12 13 14 15 16 17 18 0
Execution time: 39 ms

Elapsed time: 1527 ms


Execution #45/10000

Seed: 45
Estimated max possible cost 531.576018
for path: 
0 1 2 3 4 5 6 7 8 9 10 11 12 13 14 15 16 17 18 0
Execution time: 39 ms

Elapsed time: 1566 ms


Execution #46/10000

Seed: 46
Estimated max possible cost 531.576018
for path: 
0 1 2 3 4 5 6 7 8 9 10 11 12 13 14 15 16 17 18 0
Execution time: 38 ms

Elapsed time: 1604 ms


Execution #47/10000

Seed: 47
Estimated max possible cost 531.576018
for path: 
0 1 2 3 4 5 6 7 8 9 10 11 12 13 14 15 16 17 18 0
Execution time: 39 ms

Elapsed time: 1643 ms


Execution #48/10000

Seed: 48
Estimated max possible cost 531.576018
for path: 
0 1 2 3 4 5 6 7 8 9 10 11 12 13 14 15 16 17 18 0
Execution time: 38 ms

Elapsed time: 1681 ms


Execution #49/10000

Seed: 49
Estimated max possible cost 531.576018
for path: 
0 1 2 3 4 5 6 7 8 9 10 11 12 13 14 15 16 17 18 0
Execution time: 39 ms

Elapsed time: 1720 ms


Execution #50/10000

Seed: 50
Estimated max possible cost 531.576018
for path: 
0 1 2 3 4 5 6 7 8 9 10 11 12 13 14 15 16 17 18 0
Execution time: 39 ms

Elapsed time: 1759 ms


Execution #51/10000

Seed: 51
Estimated max possible cost 531.576018
for path: 
0 1 2 3 4 5 6 7 8 9 10 11 12 13 14 15 16 17 18 0
Execution time: 38 ms

Elapsed time: 1797 ms


Execution #52/10000

Seed: 52
Estimated max possible cost 531.576018
for path: 
0 1 2 3 4 5 6 7 8 9 10 11 12 13 14 15 16 17 18 0
Execution time: 39 ms

Elapsed time: 1836 ms


Execution #53/10000

Seed: 53
Estimated max possible cost 531.576018
for path: 
0 1 2 3 4 5 6 7 8 9 10 11 12 13 14 15 16 17 18 0
Execution time: 38 ms

Elapsed time: 1874 ms


Execution #54/10000

Seed: 54
Estimated max possible cost 531.576018
for path: 
0 1 2 3 4 5 6 7 8 9 10 11 12 13 14 15 16 17 18 0
Execution time: 39 ms

Elapsed time: 1913 ms


Execution #55/10000

Seed: 55
Estimated max possible cost 531.576018
for path: 
0 1 2 3 4 5 6 7 8 9 10 11 12 13 14 15 16 17 18 0
Execution time: 39 ms

Elapsed time: 1952 ms


Execution #56/10000

Seed: 56
Estimated max possible cost 531.576018
for path: 
0 1 2 3 4 5 6 7 8 9 10 11 12 13 14 15 16 17 18 0
Execution time: 39 ms

Elapsed time: 1991 ms


Execution #57/10000

Seed: 57
Estimated max possible cost 531.576018
for path: 
0 1 2 3 4 5 6 7 8 9 10 11 12 13 14 15 16 17 18 0
Execution time: 40 ms

Elapsed time: 2031 ms


Execution #58/10000

Seed: 58
Estimated max possible cost 531.576018
for path: 
0 1 2 3 4 5 6 7 8 9 10 11 12 13 14 15 16 17 18 0
Execution time: 38 ms

Elapsed time: 2069 ms


Execution #59/10000

Seed: 59
Estimated max possible cost 531.576018
for path: 
0 1 2 3 4 5 6 7 8 9 10 11 12 13 14 15 16 17 18 0
Execution time: 39 ms

Elapsed time: 2108 ms


Execution #60/10000

Seed: 60
Estimated max possible cost 531.576018
for path: 
0 1 2 3 4 5 6 7 8 9 10 11 12 13 14 15 16 17 18 0
Execution time: 39 ms

Elapsed time: 2147 ms


Execution #61/10000

Seed: 61
Estimated max possible cost 531.576018
for path: 
0 1 2 3 4 5 6 7 8 9 10 11 12 13 14 15 16 17 18 0
Execution time: 38 ms

Elapsed time: 2185 ms


Execution #62/10000

Seed: 62
Estimated max possible cost 531.576018
for path: 
0 1 2 3 4 5 6 7 8 9 10 11 12 13 14 15 16 17 18 0
Execution time: 40 ms

Elapsed time: 2225 ms


Execution #63/10000

Seed: 63
Estimated max possible cost 531.576018
for path: 
0 1 2 3 4 5 6 7 8 9 10 11 12 13 14 15 16 17 18 0
Execution time: 38 ms

Elapsed time: 2263 ms


Execution #64/10000

Seed: 64
Estimated max possible cost 531.576018
for path: 
0 1 2 3 4 5 6 7 8 9 10 11 12 13 14 15 16 17 18 0
Execution time: 39 ms

Elapsed time: 2302 ms


Execution #65/10000

Seed: 65
Estimated max possible cost 531.576018
for path: 
0 1 2 3 4 5 6 7 8 9 10 11 12 13 14 15 16 17 18 0
Execution time: 38 ms

Elapsed time: 2340 ms


Execution #66/10000

Seed: 66
Estimated max possible cost 531.576018
for path: 
0 1 2 3 4 5 6 7 8 9 10 11 12 13 14 15 16 17 18 0
Execution time: 38 ms

Elapsed time: 2378 ms


Execution #67/10000

Seed: 67
Estimated max possible cost 531.576018
for path: 
0 1 2 3 4 5 6 7 8 9 10 11 12 13 14 15 16 17 18 0
Execution time: 40 ms

Elapsed time: 2418 ms


Execution #68/10000

Seed: 68
Estimated max possible cost 531.576018
for path: 
0 1 2 3 4 5 6 7 8 9 10 11 12 13 14 15 16 17 18 0
Execution time: 38 ms

Elapsed time: 2456 ms


Execution #69/10000

Seed: 69
Estimated max possible cost 531.576018
for path: 
0 1 2 3 4 5 6 7 8 9 10 11 12 13 14 15 16 17 18 0
Execution time: 39 ms

Elapsed time: 2495 ms


Execution #70/10000

Seed: 70
Estimated max possible cost 531.576018
for path: 
0 1 2 3 4 5 6 7 8 9 10 11 12 13 14 15 16 17 18 0
Execution time: 38 ms

Elapsed time: 2533 ms


Execution #71/10000

Seed: 71
Estimated max possible cost 531.576018
for path: 
0 1 2 3 4 5 6 7 8 9 10 11 12 13 14 15 16 17 18 0
Execution time: 38 ms

Elapsed time: 2571 ms


Execution #72/10000

Seed: 72
Estimated max possible cost 531.576018
for path: 
0 1 2 3 4 5 6 7 8 9 10 11 12 13 14 15 16 17 18 0
Execution time: 39 ms

Elapsed time: 2610 ms


Execution #73/10000

Seed: 73
Estimated max possible cost 531.576018
for path: 
0 1 2 3 4 5 6 7 8 9 10 11 12 13 14 15 16 17 18 0
Execution time: 38 ms

Elapsed time: 2648 ms


Execution #74/10000

Seed: 74
Estimated max possible cost 531.576018
for path: 
0 1 2 3 4 5 6 7 8 9 10 11 12 13 14 15 16 17 18 0
Execution time: 39 ms

Elapsed time: 2687 ms


Execution #75/10000

Seed: 75
Estimated max possible cost 531.576018
for path: 
0 1 2 3 4 5 6 7 8 9 10 11 12 13 14 15 16 17 18 0
Execution time: 38 ms

Elapsed time: 2725 ms


Execution #76/10000

Seed: 76
Estimated max possible cost 531.576018
for path: 
0 1 2 3 4 5 6 7 8 9 10 11 12 13 14 15 16 17 18 0
Execution time: 38 ms

Elapsed time: 2763 ms


Execution #77/10000

Seed: 77
Estimated max possible cost 531.576018
for path: 
0 1 2 3 4 5 6 7 8 9 10 11 12 13 14 15 16 17 18 0
Execution time: 39 ms

Elapsed time: 2802 ms


Execution #78/10000

Seed: 78
Estimated max possible cost 531.576018
for path: 
0 1 2 3 4 5 6 7 8 9 10 11 12 13 14 15 16 17 18 0
Execution time: 38 ms

Elapsed time: 2840 ms


Execution #79/10000

Seed: 79
Estimated max possible cost 531.576018
for path: 
0 1 2 3 4 5 6 7 8 9 10 11 12 13 14 15 16 17 18 0
Execution time: 39 ms

Elapsed time: 2879 ms


Execution #80/10000

Seed: 80
Estimated max possible cost 531.576018
for path: 
0 1 2 3 4 5 6 7 8 9 10 11 12 13 14 15 16 17 18 0
Execution time: 38 ms

Elapsed time: 2917 ms


Execution #81/10000

Seed: 81
Estimated max possible cost 531.576018
for path: 
0 1 2 3 4 5 6 7 8 9 10 11 12 13 14 15 16 17 18 0
Execution time: 39 ms

Elapsed time: 2956 ms


Execution #82/10000

Seed: 82
Estimated max possible cost 531.576018
for path: 
0 1 2 3 4 5 6 7 8 9 10 11 12 13 14 15 16 17 18 0
Execution time: 39 ms

Elapsed time: 2995 ms


Execution #83/10000

Seed: 83
Estimated max possible cost 531.576018
for path: 
0 1 2 3 4 5 6 7 8 9 10 11 12 13 14 15 16 17 18 0
Execution time: 39 ms

Elapsed time: 3034 ms


Execution #84/10000

Seed: 84
Estimated max possible cost 531.576018
for path: 
0 1 2 3 4 5 6 7 8 9 10 11 12 13 14 15 16 17 18 0
Execution time: 39 ms

Elapsed time: 3073 ms


Execution #85/10000

Seed: 85
Estimated max possible cost 531.576018
for path: 
0 1 2 3 4 5 6 7 8 9 10 11 12 13 14 15 16 17 18 0
Execution time: 39 ms

Elapsed time: 3112 ms


Execution #86/10000

Seed: 86
Estimated max possible cost 531.576018
for path: 
0 1 2 3 4 5 6 7 8 9 10 11 12 13 14 15 16 17 18 0
Execution time: 39 ms

Elapsed time: 3151 ms


Execution #87/10000

Seed: 87
Estimated max possible cost 531.576018
for path: 
0 1 2 3 4 5 6 7 8 9 10 11 12 13 14 15 16 17 18 0
Execution time: 39 ms

Elapsed time: 3190 ms


Execution #88/10000

Seed: 88
Estimated max possible cost 531.576018
for path: 
0 1 2 3 4 5 6 7 8 9 10 11 12 13 14 15 16 17 18 0
Execution time: 38 ms

Elapsed time: 3228 ms


Execution #89/10000

Seed: 89
Estimated max possible cost 531.576018
for path: 
0 1 2 3 4 5 6 7 8 9 10 11 12 13 14 15 16 17 18 0
Execution time: 39 ms

Elapsed time: 3267 ms


Execution #90/10000

Seed: 90
Estimated max possible cost 531.576018
for path: 
0 1 2 3 4 5 6 7 8 9 10 11 12 13 14 15 16 17 18 0
Execution time: 38 ms

Elapsed time: 3305 ms


Execution #91/10000

Seed: 91
Estimated max possible cost 531.576018
for path: 
0 1 2 3 4 5 6 7 8 9 10 11 12 13 14 15 16 17 18 0
Execution time: 39 ms

Elapsed time: 3344 ms


Execution #92/10000

Seed: 92
Estimated max possible cost 531.576018
for path: 
0 1 2 3 4 5 6 7 8 9 10 11 12 13 14 15 16 17 18 0
Execution time: 39 ms

Elapsed time: 3383 ms


Execution #93/10000

Seed: 93
Estimated max possible cost 531.576018
for path: 
0 1 2 3 4 5 6 7 8 9 10 11 12 13 14 15 16 17 18 0
Execution time: 38 ms

Elapsed time: 3421 ms


Execution #94/10000

Seed: 94
Estimated max possible cost 531.576018
for path: 
0 1 2 3 4 5 6 7 8 9 10 11 12 13 14 15 16 17 18 0
Execution time: 39 ms

Elapsed time: 3460 ms


Execution #95/10000

Seed: 95
Estimated max possible cost 531.576018
for path: 
0 1 2 3 4 5 6 7 8 9 10 11 12 13 14 15 16 17 18 0
Execution time: 38 ms

Elapsed time: 3498 ms


Execution #96/10000

Seed: 96
Estimated max possible cost 531.576018
for path: 
0 1 2 3 4 5 6 7 8 9 10 11 12 13 14 15 16 17 18 0
Execution time: 39 ms

Elapsed time: 3537 ms


Execution #97/10000

Seed: 97
Estimated max possible cost 531.576018
for path: 
0 1 2 3 4 5 6 7 8 9 10 11 12 13 14 15 16 17 18 0
Execution time: 38 ms

Elapsed time: 3575 ms


Execution #98/10000

Seed: 98
Estimated max possible cost 531.576018
for path: 
0 1 2 3 4 5 6 7 8 9 10 11 12 13 14 15 16 17 18 0
Execution time: 38 ms

Elapsed time: 3613 ms


Execution #99/10000

Seed: 99
Estimated max possible cost 531.576018
for path: 
0 1 2 3 4 5 6 7 8 9 10 11 12 13 14 15 16 17 18 0
Execution time: 40 ms

Elapsed time: 3653 ms


Execution #100/10000

Seed: 100
Estimated max possible cost 531.576018
for path: 
0 1 2 3 4 5 6 7 8 9 10 11 12 13 14 15 16 17 18 0
Execution time: 38 ms

Elapsed time: 3691 ms


Execution #101/10000

Seed: 101
Estimated max possible cost 531.576018
for path: 
0 1 2 3 4 5 6 7 8 9 10 11 12 13 14 15 16 17 18 0
Execution time: 39 ms

Elapsed time: 3730 ms


Execution #102/10000

Seed: 102
Estimated max possible cost 531.576018
for path: 
0 1 2 3 4 5 6 7 8 9 10 11 12 13 14 15 16 17 18 0
Execution time: 38 ms

Elapsed time: 3768 ms


Execution #103/10000

Seed: 103
Estimated max possible cost 531.576018
for path: 
0 1 2 3 4 5 6 7 8 9 10 11 12 13 14 15 16 17 18 0
Execution time: 38 ms

Elapsed time: 3806 ms


Execution #104/10000

Seed: 104
Estimated max possible cost 531.576018
for path: 
0 1 2 3 4 5 6 7 8 9 10 11 12 13 14 15 16 17 18 0
Execution time: 40 ms

Elapsed time: 3846 ms


Execution #105/10000

Seed: 105
Estimated max possible cost 531.576018
for path: 
0 1 2 3 4 5 6 7 8 9 10 11 12 13 14 15 16 17 18 0
Execution time: 38 ms

Elapsed time: 3884 ms


Execution #106/10000

Seed: 106
Estimated max possible cost 531.576018
for path: 
0 1 2 3 4 5 6 7 8 9 10 11 12 13 14 15 16 17 18 0
Execution time: 39 ms

Elapsed time: 3923 ms


Execution #107/10000

Seed: 107
Estimated max possible cost 531.576018
for path: 
0 1 2 3 4 5 6 7 8 9 10 11 12 13 14 15 16 17 18 0
Execution time: 38 ms

Elapsed time: 3961 ms


Execution #108/10000

Seed: 108
Estimated max possible cost 531.576018
for path: 
0 1 2 3 4 5 6 7 8 9 10 11 12 13 14 15 16 17 18 0
Execution time: 38 ms

Elapsed time: 3999 ms


Execution #109/10000

Seed: 109
Estimated max possible cost 531.576018
for path: 
0 1 2 3 4 5 6 7 8 9 10 11 12 13 14 15 16 17 18 0
Execution time: 39 ms

Elapsed time: 4038 ms


Execution #110/10000

Seed: 110
Estimated max possible cost 531.576018
for path: 
0 1 2 3 4 5 6 7 8 9 10 11 12 13 14 15 16 17 18 0
Execution time: 38 ms

Elapsed time: 4076 ms


Execution #111/10000

Seed: 111
Estimated max possible cost 531.576018
for path: 
0 1 2 3 4 5 6 7 8 9 10 11 12 13 14 15 16 17 18 0
Execution time: 39 ms

Elapsed time: 4115 ms


Execution #112/10000

Seed: 112
Estimated max possible cost 531.576018
for path: 
0 1 2 3 4 5 6 7 8 9 10 11 12 13 14 15 16 17 18 0
Execution time: 39 ms

Elapsed time: 4154 ms


Execution #113/10000

Seed: 113
Estimated max possible cost 531.576018
for path: 
0 1 2 3 4 5 6 7 8 9 10 11 12 13 14 15 16 17 18 0
Execution time: 39 ms

Elapsed time: 4193 ms


Execution #114/10000

Seed: 114
Estimated max possible cost 531.576018
for path: 
0 1 2 3 4 5 6 7 8 9 10 11 12 13 14 15 16 17 18 0
Execution time: 39 ms

Elapsed time: 4232 ms


Execution #115/10000

Seed: 115
Estimated max possible cost 531.576018
for path: 
0 1 2 3 4 5 6 7 8 9 10 11 12 13 14 15 16 17 18 0
Execution time: 38 ms

Elapsed time: 4270 ms


Execution #116/10000

Seed: 116
Estimated max possible cost 531.576018
for path: 
0 1 2 3 4 5 6 7 8 9 10 11 12 13 14 15 16 17 18 0
Execution time: 39 ms

Elapsed time: 4309 ms


Execution #117/10000

Seed: 117
Estimated max possible cost 531.576018
for path: 
0 1 2 3 4 5 6 7 8 9 10 11 12 13 14 15 16 17 18 0
Execution time: 38 ms

Elapsed time: 4347 ms


Execution #118/10000

Seed: 118
Estimated max possible cost 531.576018
for path: 
0 1 2 3 4 5 6 7 8 9 10 11 12 13 14 15 16 17 18 0
Execution time: 33 ms

Elapsed time: 4380 ms


Execution #119/10000

Seed: 119
Estimated max possible cost 531.576018
for path: 
0 1 2 3 4 5 6 7 8 9 10 11 12 13 14 15 16 17 18 0
Execution time: 23 ms

Elapsed time: 4403 ms


Execution #120/10000

Seed: 120
Estimated max possible cost 531.576018
for path: 
0 1 2 3 4 5 6 7 8 9 10 11 12 13 14 15 16 17 18 0
Execution time: 23 ms

Elapsed time: 4426 ms


Execution #121/10000

Seed: 121
Estimated max possible cost 531.576018
for path: 
0 1 2 3 4 5 6 7 8 9 10 11 12 13 14 15 16 17 18 0
Execution time: 23 ms

Elapsed time: 4449 ms


Execution #122/10000

Seed: 122
Estimated max possible cost 531.576018
for path: 
0 1 2 3 4 5 6 7 8 9 10 11 12 13 14 15 16 17 18 0
Execution time: 23 ms

Elapsed time: 4472 ms


Execution #123/10000

Seed: 123
Estimated max possible cost 531.576018
for path: 
0 1 2 3 4 5 6 7 8 9 10 11 12 13 14 15 16 17 18 0
Execution time: 34 ms

Elapsed time: 4506 ms


Execution #124/10000

Seed: 124
Estimated max possible cost 531.576018
for path: 
0 1 2 3 4 5 6 7 8 9 10 11 12 13 14 15 16 17 18 0
Execution time: 39 ms

Elapsed time: 4545 ms


Execution #125/10000

Seed: 125
Estimated max possible cost 531.576018
for path: 
0 1 2 3 4 5 6 7 8 9 10 11 12 13 14 15 16 17 18 0
Execution time: 38 ms

Elapsed time: 4583 ms


Execution #126/10000

Seed: 126
Estimated max possible cost 531.576018
for path: 
0 1 2 3 4 5 6 7 8 9 10 11 12 13 14 15 16 17 18 0
Execution time: 39 ms

Elapsed time: 4622 ms


Execution #127/10000

Seed: 127
Estimated max possible cost 531.576018
for path: 
0 1 2 3 4 5 6 7 8 9 10 11 12 13 14 15 16 17 18 0
Execution time: 38 ms

Elapsed time: 4660 ms


Execution #128/10000

Seed: 128
Estimated max possible cost 531.576018
for path: 
0 1 2 3 4 5 6 7 8 9 10 11 12 13 14 15 16 17 18 0
Execution time: 39 ms

Elapsed time: 4699 ms


Execution #129/10000

Seed: 129
Estimated max possible cost 531.576018
for path: 
0 1 2 3 4 5 6 7 8 9 10 11 12 13 14 15 16 17 18 0
Execution time: 38 ms

Elapsed time: 4737 ms


Execution #130/10000

Seed: 130
Estimated max possible cost 531.576018
for path: 
0 1 2 3 4 5 6 7 8 9 10 11 12 13 14 15 16 17 18 0
Execution time: 38 ms

Elapsed time: 4775 ms


Execution #131/10000

Seed: 131
Estimated max possible cost 531.576018
for path: 
0 1 2 3 4 5 6 7 8 9 10 11 12 13 14 15 16 17 18 0
Execution time: 39 ms

Elapsed time: 4814 ms


Execution #132/10000

Seed: 132
Estimated max possible cost 531.576018
for path: 
0 1 2 3 4 5 6 7 8 9 10 11 12 13 14 15 16 17 18 0
Execution time: 38 ms

Elapsed time: 4852 ms


Execution #133/10000

Seed: 133
Estimated max possible cost 531.576018
for path: 
0 1 2 3 4 5 6 7 8 9 10 11 12 13 14 15 16 17 18 0
Execution time: 39 ms

Elapsed time: 4891 ms


Execution #134/10000

Seed: 134
Estimated max possible cost 531.576018
for path: 
0 1 2 3 4 5 6 7 8 9 10 11 12 13 14 15 16 17 18 0
Execution time: 38 ms

Elapsed time: 4929 ms


Execution #135/10000

Seed: 135
Estimated max possible cost 531.576018
for path: 
0 1 2 3 4 5 6 7 8 9 10 11 12 13 14 15 16 17 18 0
Execution time: 38 ms

Elapsed time: 4967 ms


Execution #136/10000

Seed: 136
Estimated max possible cost 531.576018
for path: 
0 1 2 3 4 5 6 7 8 9 10 11 12 13 14 15 16 17 18 0
Execution time: 39 ms

Elapsed time: 5006 ms


Execution #137/10000

Seed: 137
Estimated max possible cost 531.576018
for path: 
0 1 2 3 4 5 6 7 8 9 10 11 12 13 14 15 16 17 18 0
Execution time: 38 ms

Elapsed time: 5044 ms


Execution #138/10000

Seed: 138
Estimated max possible cost 531.576018
for path: 
0 1 2 3 4 5 6 7 8 9 10 11 12 13 14 15 16 17 18 0
Execution time: 39 ms

Elapsed time: 5083 ms


Execution #139/10000

Seed: 139
Estimated max possible cost 531.576018
for path: 
0 1 2 3 4 5 6 7 8 9 10 11 12 13 14 15 16 17 18 0
Execution time: 38 ms

Elapsed time: 5121 ms


Execution #140/10000

Seed: 140
Estimated max possible cost 531.576018
for path: 
0 1 2 3 4 5 6 7 8 9 10 11 12 13 14 15 16 17 18 0
Execution time: 38 ms

Elapsed time: 5159 ms


Execution #141/10000

Seed: 141
Estimated max possible cost 531.576018
for path: 
0 1 2 3 4 5 6 7 8 9 10 11 12 13 14 15 16 17 18 0
Execution time: 40 ms

Elapsed time: 5199 ms


Execution #142/10000

Seed: 142
Estimated max possible cost 531.576018
for path: 
0 1 2 3 4 5 6 7 8 9 10 11 12 13 14 15 16 17 18 0
Execution time: 38 ms

Elapsed time: 5237 ms


Execution #143/10000

Seed: 143
Estimated max possible cost 531.576018
for path: 
0 1 2 3 4 5 6 7 8 9 10 11 12 13 14 15 16 17 18 0
Execution time: 39 ms

Elapsed time: 5276 ms


Execution #144/10000

Seed: 144
Estimated max possible cost 531.576018
for path: 
0 1 2 3 4 5 6 7 8 9 10 11 12 13 14 15 16 17 18 0
Execution time: 38 ms

Elapsed time: 5314 ms


Execution #145/10000

Seed: 145
Estimated max possible cost 531.576018
for path: 
0 1 2 3 4 5 6 7 8 9 10 11 12 13 14 15 16 17 18 0
Execution time: 27 ms

Elapsed time: 5341 ms


Execution #146/10000

Seed: 146
Estimated max possible cost 531.576018
for path: 
0 1 2 3 4 5 6 7 8 9 10 11 12 13 14 15 16 17 18 0
Execution time: 23 ms

Elapsed time: 5364 ms


Execution #147/10000

Seed: 147
Estimated max possible cost 531.576018
for path: 
0 1 2 3 4 5 6 7 8 9 10 11 12 13 14 15 16 17 18 0
Execution time: 23 ms

Elapsed time: 5387 ms


Execution #148/10000

Seed: 148
Estimated max possible cost 531.576018
for path: 
0 1 2 3 4 5 6 7 8 9 10 11 12 13 14 15 16 17 18 0
Execution time: 23 ms

Elapsed time: 5410 ms


Execution #149/10000

Seed: 149
Estimated max possible cost 531.576018
for path: 
0 1 2 3 4 5 6 7 8 9 10 11 12 13 14 15 16 17 18 0
Execution time: 23 ms

Elapsed time: 5433 ms


Execution #150/10000

Seed: 150
Estimated max possible cost 531.576018
for path: 
0 1 2 3 4 5 6 7 8 9 10 11 12 13 14 15 16 17 18 0
Execution time: 23 ms

Elapsed time: 5456 ms


Execution #151/10000

Seed: 151
Estimated max possible cost 531.576018
for path: 
0 1 2 3 4 5 6 7 8 9 10 11 12 13 14 15 16 17 18 0
Execution time: 23 ms

Elapsed time: 5479 ms


Execution #152/10000

Seed: 152
Estimated max possible cost 531.576018
for path: 
0 1 2 3 4 5 6 7 8 9 10 11 12 13 14 15 16 17 18 0
Execution time: 23 ms

Elapsed time: 5502 ms


Execution #153/10000

Seed: 153
Estimated max possible cost 531.576018
for path: 
0 1 2 3 4 5 6 7 8 9 10 11 12 13 14 15 16 17 18 0
Execution time: 23 ms

Elapsed time: 5525 ms


Execution #154/10000

Seed: 154
Estimated max possible cost 531.576018
for path: 
0 1 2 3 4 5 6 7 8 9 10 11 12 13 14 15 16 17 18 0
Execution time: 23 ms

Elapsed time: 5548 ms


Execution #155/10000

Seed: 155
Estimated max possible cost 531.576018
for path: 
0 1 2 3 4 5 6 7 8 9 10 11 12 13 14 15 16 17 18 0
Execution time: 23 ms

Elapsed time: 5571 ms


Execution #156/10000

Seed: 156
Estimated max possible cost 531.576018
for path: 
0 1 2 3 4 5 6 7 8 9 10 11 12 13 14 15 16 17 18 0
Execution time: 23 ms

Elapsed time: 5594 ms


Execution #157/10000

Seed: 157
Estimated max possible cost 531.576018
for path: 
0 1 2 3 4 5 6 7 8 9 10 11 12 13 14 15 16 17 18 0
Execution time: 24 ms

Elapsed time: 5618 ms


Execution #158/10000

Seed: 158
Estimated max possible cost 531.576018
for path: 
0 1 2 3 4 5 6 7 8 9 10 11 12 13 14 15 16 17 18 0
Execution time: 23 ms

Elapsed time: 5641 ms


Execution #159/10000

Seed: 159
Estimated max possible cost 531.576018
for path: 
0 1 2 3 4 5 6 7 8 9 10 11 12 13 14 15 16 17 18 0
Execution time: 23 ms

Elapsed time: 5664 ms


Execution #160/10000

Seed: 160
Estimated max possible cost 531.576018
for path: 
0 1 2 3 4 5 6 7 8 9 10 11 12 13 14 15 16 17 18 0
Execution time: 23 ms

Elapsed time: 5687 ms


Execution #161/10000

Seed: 161
Estimated max possible cost 531.576018
for path: 
0 1 2 3 4 5 6 7 8 9 10 11 12 13 14 15 16 17 18 0
Execution time: 23 ms

Elapsed time: 5710 ms


Execution #162/10000

Seed: 162
Estimated max possible cost 531.576018
for path: 
0 1 2 3 4 5 6 7 8 9 10 11 12 13 14 15 16 17 18 0
Execution time: 23 ms

Elapsed time: 5733 ms


Execution #163/10000

Seed: 163
Estimated max possible cost 531.576018
for path: 
0 1 2 3 4 5 6 7 8 9 10 11 12 13 14 15 16 17 18 0
Execution time: 23 ms

Elapsed time: 5756 ms


Execution #164/10000

Seed: 164
Estimated max possible cost 531.576018
for path: 
0 1 2 3 4 5 6 7 8 9 10 11 12 13 14 15 16 17 18 0
Execution time: 23 ms

Elapsed time: 5779 ms


Execution #165/10000

Seed: 165
Estimated max possible cost 531.576018
for path: 
0 1 2 3 4 5 6 7 8 9 10 11 12 13 14 15 16 17 18 0
Execution time: 23 ms

Elapsed time: 5802 ms


Execution #166/10000

Seed: 166
Estimated max possible cost 531.576018
for path: 
0 1 2 3 4 5 6 7 8 9 10 11 12 13 14 15 16 17 18 0
Execution time: 23 ms

Elapsed time: 5825 ms


Execution #167/10000

Seed: 167
Estimated max possible cost 531.576018
for path: 
0 1 2 3 4 5 6 7 8 9 10 11 12 13 14 15 16 17 18 0
Execution time: 23 ms

Elapsed time: 5848 ms


Execution #168/10000

Seed: 168
Estimated max possible cost 531.576018
for path: 
0 1 2 3 4 5 6 7 8 9 10 11 12 13 14 15 16 17 18 0
Execution time: 24 ms

Elapsed time: 5872 ms


Execution #169/10000

Seed: 169
Estimated max possible cost 531.576018
for path: 
0 1 2 3 4 5 6 7 8 9 10 11 12 13 14 15 16 17 18 0
Execution time: 24 ms

Elapsed time: 5896 ms


Execution #170/10000

Seed: 170
Estimated max possible cost 531.576018
for path: 
0 1 2 3 4 5 6 7 8 9 10 11 12 13 14 15 16 17 18 0
Execution time: 27 ms

Elapsed time: 5923 ms


Execution #171/10000

Seed: 171
Estimated max possible cost 531.576018
for path: 
0 1 2 3 4 5 6 7 8 9 10 11 12 13 14 15 16 17 18 0
Execution time: 23 ms

Elapsed time: 5946 ms


Execution #172/10000

Seed: 172
Estimated max possible cost 531.576018
for path: 
0 1 2 3 4 5 6 7 8 9 10 11 12 13 14 15 16 17 18 0
Execution time: 23 ms

Elapsed time: 5969 ms


Execution #173/10000

Seed: 173
Estimated max possible cost 531.576018
for path: 
0 1 2 3 4 5 6 7 8 9 10 11 12 13 14 15 16 17 18 0
Execution time: 23 ms

Elapsed time: 5992 ms


Execution #174/10000

Seed: 174
Estimated max possible cost 531.576018
for path: 
0 1 2 3 4 5 6 7 8 9 10 11 12 13 14 15 16 17 18 0
Execution time: 23 ms

Elapsed time: 6015 ms


Execution #175/10000

Seed: 175
Estimated max possible cost 531.576018
for path: 
0 1 2 3 4 5 6 7 8 9 10 11 12 13 14 15 16 17 18 0
Execution time: 23 ms

Elapsed time: 6038 ms


Execution #176/10000

Seed: 176
Estimated max possible cost 531.576018
for path: 
0 1 2 3 4 5 6 7 8 9 10 11 12 13 14 15 16 17 18 0
Execution time: 23 ms

Elapsed time: 6061 ms


Execution #177/10000

Seed: 177
Estimated max possible cost 531.576018
for path: 
0 1 2 3 4 5 6 7 8 9 10 11 12 13 14 15 16 17 18 0
Execution time: 23 ms

Elapsed time: 6084 ms


Execution #178/10000

Seed: 178
Estimated max possible cost 531.576018
for path: 
0 1 2 3 4 5 6 7 8 9 10 11 12 13 14 15 16 17 18 0
Execution time: 23 ms

Elapsed time: 6107 ms


Execution #179/10000

Seed: 179
Estimated max possible cost 531.576018
for path: 
0 1 2 3 4 5 6 7 8 9 10 11 12 13 14 15 16 17 18 0
Execution time: 23 ms

Elapsed time: 6130 ms


Execution #180/10000

Seed: 180
Estimated max possible cost 531.576018
for path: 
0 1 2 3 4 5 6 7 8 9 10 11 12 13 14 15 16 17 18 0
Execution time: 23 ms

Elapsed time: 6153 ms


Execution #181/10000

Seed: 181
Estimated max possible cost 531.576018
for path: 
0 1 2 3 4 5 6 7 8 9 10 11 12 13 14 15 16 17 18 0
Execution time: 23 ms

Elapsed time: 6176 ms


Execution #182/10000

Seed: 182
Estimated max possible cost 531.576018
for path: 
0 1 2 3 4 5 6 7 8 9 10 11 12 13 14 15 16 17 18 0
Execution time: 23 ms

Elapsed time: 6199 ms


Execution #183/10000

Seed: 183
Estimated max possible cost 531.576018
for path: 
0 1 2 3 4 5 6 7 8 9 10 11 12 13 14 15 16 17 18 0
Execution time: 23 ms

Elapsed time: 6222 ms


Execution #184/10000

Seed: 184
Estimated max possible cost 531.576018
for path: 
0 1 2 3 4 5 6 7 8 9 10 11 12 13 14 15 16 17 18 0
Execution time: 23 ms

Elapsed time: 6245 ms


Execution #185/10000

Seed: 185
Estimated max possible cost 531.576018
for path: 
0 1 2 3 4 5 6 7 8 9 10 11 12 13 14 15 16 17 18 0
Execution time: 40 ms

Elapsed time: 6285 ms


Execution #186/10000

Seed: 186
Estimated max possible cost 531.576018
for path: 
0 1 2 3 4 5 6 7 8 9 10 11 12 13 14 15 16 17 18 0
Execution time: 40 ms

Elapsed time: 6325 ms


Execution #187/10000

Seed: 187
Estimated max possible cost 531.576018
for path: 
0 1 2 3 4 5 6 7 8 9 10 11 12 13 14 15 16 17 18 0
Execution time: 23 ms

Elapsed time: 6348 ms


Execution #188/10000

Seed: 188
Estimated max possible cost 531.576018
for path: 
0 1 2 3 4 5 6 7 8 9 10 11 12 13 14 15 16 17 18 0
Execution time: 24 ms

Elapsed time: 6372 ms


Execution #189/10000

Seed: 189
Estimated max possible cost 531.576018
for path: 
0 1 2 3 4 5 6 7 8 9 10 11 12 13 14 15 16 17 18 0
Execution time: 23 ms

Elapsed time: 6395 ms


Execution #190/10000

Seed: 190
Estimated max possible cost 531.576018
for path: 
0 1 2 3 4 5 6 7 8 9 10 11 12 13 14 15 16 17 18 0
Execution time: 23 ms

Elapsed time: 6418 ms


Execution #191/10000

Seed: 191
Estimated max possible cost 531.576018
for path: 
0 1 2 3 4 5 6 7 8 9 10 11 12 13 14 15 16 17 18 0
Execution time: 23 ms

Elapsed time: 6441 ms


Execution #192/10000

Seed: 192
Estimated max possible cost 531.576018
for path: 
0 1 2 3 4 5 6 7 8 9 10 11 12 13 14 15 16 17 18 0
Execution time: 23 ms

Elapsed time: 6464 ms


Execution #193/10000

Seed: 193
Estimated max possible cost 531.576018
for path: 
0 1 2 3 4 5 6 7 8 9 10 11 12 13 14 15 16 17 18 0
Execution time: 23 ms

Elapsed time: 6487 ms


Execution #194/10000

Seed: 194
Estimated max possible cost 531.576018
for path: 
0 1 2 3 4 5 6 7 8 9 10 11 12 13 14 15 16 17 18 0
Execution time: 23 ms

Elapsed time: 6510 ms


Execution #195/10000

Seed: 195
