Solving TSP


Execution #1/10000

Seed: 1
Estimated max possible cost 534.352535
for path: 
0 1 2 3 4 5 6 7 8 9 10 11 12 13 14 15 16 17 18 19 0
Memory needed for path: 1196715 locs, for costs: 1436058 locs.
Desired precision: 1e+12
Mem constraint for cost_t: 16 bits
Rounded to pow of 2 bytes mem constraint (capped at 64bits) for cost_t: 16 bits
Bits needed for an int to preserve precision: 49
Warning: cannot preserve precision.
Warning: Using an integer; there is not enough memory for decimals.
Bits used per cost_t: 16
Selected cost_t = (u)int16_t
Solving with cost_t = t
Memory [GB] needed: 0.00378939
Requested precision is too high;managed to differentiate costs by: 0.004760
Distances:
0, 5.08, 242.54, 232.423, 228.124, 218.013, 212.172, 212.044, 211.947, 211.88, 211.843, 211.837, 211.862, 211.917, 212.002, 212.117, 212.263, 212.44, 212.646, 212.882, 
5.08, 0, 247.599, 237.481, 233.181, 223.068, 217.244, 217.119, 217.024, 216.959, 216.923, 216.917, 216.941, 216.995, 217.078, 217.191, 217.333, 217.505, 217.707, 217.938, 
242.54, 247.599, 0, 10.16, 14.478, 24.638, 31.3255, 32.219, 33.2827, 34.501, 35.8581, 37.3389, 38.9292, 40.6162, 42.3883, 44.2354, 46.1484, 48.1194, 50.1417, 52.2092, 
232.423, 237.481, 10.16, 0, 4.318, 14.478, 21.9236, 23.1823, 24.6393, 26.2617, 28.0207, 29.8922, 31.8565, 33.8973, 36.0018, 38.1592, 40.3612, 42.6009, 44.8725, 47.1716, 
228.124, 233.181, 14.478, 4.318, 0, 10.16, 18.1765, 19.6764, 21.3738, 23.2254, 25.1973, 27.2633, 29.4037, 31.6034, 33.8507, 36.1368, 38.4548, 40.7992, 43.1658, 45.5511, 
218.013, 223.068, 24.638, 14.478, 10.16, 0, 11.1326, 13.4428, 15.8236, 18.2474, 20.6991, 23.1698, 25.654, 28.1482, 30.6499, 33.1575, 35.6696, 38.1854, 40.7042, 43.2255, 
212.172, 217.244, 31.3255, 21.9236, 18.1765, 11.1326, 0, 2.54, 5.08, 7.62, 10.16, 12.7, 15.24, 17.78, 20.32, 22.86, 25.4, 27.94, 30.48, 33.02, 
212.044, 217.119, 32.219, 23.1823, 19.6764, 13.4428, 2.54, 0, 2.54, 5.08, 7.62, 10.16, 12.7, 15.24, 17.78, 20.32, 22.86, 25.4, 27.94, 30.48, 
211.947, 217.024, 33.2827, 24.6393, 21.3738, 15.8236, 5.08, 2.54, 0, 2.54, 5.08, 7.62, 10.16, 12.7, 15.24, 17.78, 20.32, 22.86, 25.4, 27.94, 
211.88, 216.959, 34.501, 26.2617, 23.2254, 18.2474, 7.62, 5.08, 2.54, 0, 2.54, 5.08, 7.62, 10.16, 12.7, 15.24, 17.78, 20.32, 22.86, 25.4, 
211.843, 216.923, 35.8581, 28.0207, 25.1973, 20.6991, 10.16, 7.62, 5.08, 2.54, 0, 2.54, 5.08, 7.62, 10.16, 12.7, 15.24, 17.78, 20.32, 22.86, 
211.837, 216.917, 37.3389, 29.8922, 27.2633, 23.1698, 12.7, 10.16, 7.62, 5.08, 2.54, 0, 2.54, 5.08, 7.62, 10.16, 12.7, 15.24, 17.78, 20.32, 
211.862, 216.941, 38.9292, 31.8565, 29.4037, 25.654, 15.24, 12.7, 10.16, 7.62, 5.08, 2.54, 0, 2.54, 5.08, 7.62, 10.16, 12.7, 15.24, 17.78, 
211.917, 216.995, 40.6162, 33.8973, 31.6034, 28.1482, 17.78, 15.24, 12.7, 10.16, 7.62, 5.08, 2.54, 0, 2.54, 5.08, 7.62, 10.16, 12.7, 15.24, 
212.002, 217.078, 42.3883, 36.0018, 33.8507, 30.6499, 20.32, 17.78, 15.24, 12.7, 10.16, 7.62, 5.08, 2.54, 0, 2.54, 5.08, 7.62, 10.16, 12.7, 
212.117, 217.191, 44.2354, 38.1592, 36.1368, 33.1575, 22.86, 20.32, 17.78, 15.24, 12.7, 10.16, 7.62, 5.08, 2.54, 0, 2.54, 5.08, 7.62, 10.16, 
212.263, 217.333, 46.1484, 40.3612, 38.4548, 35.6696, 25.4, 22.86, 20.32, 17.78, 15.24, 12.7, 10.16, 7.62, 5.08, 2.54, 0, 2.54, 5.08, 7.62, 
212.44, 217.505, 48.1194, 42.6009, 40.7992, 38.1854, 27.94, 25.4, 22.86, 20.32, 17.78, 15.24, 12.7, 10.16, 7.62, 5.08, 2.54, 0, 2.54, 5.08, 
212.646, 217.707, 50.1417, 44.8725, 43.1658, 40.7042, 30.48, 27.94, 25.4, 22.86, 20.32, 17.78, 15.24, 12.7, 10.16, 7.62, 5.08, 2.54, 0, 2.54, 
212.882, 217.938, 52.2092, 47.1716, 45.5511, 43.2255, 33.02, 30.48, 27.94, 25.4, 22.86, 20.32, 17.78, 15.24, 12.7, 10.16, 7.62, 5.08, 2.54, 0, 
Scaled Distances:
0, 331, 31235, 29918, 29358, 28043, 27282, 27266, 27253, 27244, 27240, 27239, 27242, 27249, 27260, 27275, 27294, 27317, 27344, 27375, 
331, 0, 31893, 30576, 30017, 28700, 27942, 27926, 27914, 27905, 27901, 27900, 27903, 27910, 27921, 27936, 27954, 27976, 28003, 28033, 
31235, 31893, 0, 992, 1554, 2876, 3746, 3863, 4001, 4160, 4336, 4529, 4736, 4955, 5186, 5426, 5675, 5932, 6195, 6464, 
29918, 30576, 992, 0, 231, 1554, 2523, 2686, 2876, 3087, 3316, 3560, 3815, 4081, 4355, 4636, 4922, 5214, 5509, 5809, 
29358, 30017, 1554, 231, 0, 992, 2035, 2230, 2451, 2692, 2949, 3218, 3496, 3782, 4075, 4372, 4674, 4979, 5287, 5598, 
28043, 28700, 2876, 1554, 992, 0, 1118, 1419, 1729, 2044, 2363, 2685, 3008, 3333, 3658, 3985, 4312, 4639, 4967, 5295, 
27282, 27942, 3746, 2523, 2035, 1118, 0, 0, 331, 661, 992, 1322, 1653, 1983, 2314, 2645, 2975, 3306, 3636, 3967, 
27266, 27926, 3863, 2686, 2230, 1419, 0, 0, 0, 331, 661, 992, 1322, 1653, 1983, 2314, 2645, 2975, 3306, 3636, 
27253, 27914, 4001, 2876, 2451, 1729, 331, 0, 0, 0, 331, 661, 992, 1322, 1653, 1983, 2314, 2645, 2975, 3306, 
27244, 27905, 4160, 3087, 2692, 2044, 661, 331, 0, 0, 0, 331, 661, 992, 1322, 1653, 1983, 2314, 2645, 2975, 
27240, 27901, 4336, 3316, 2949, 2363, 992, 661, 331, 0, 0, 0, 331, 661, 992, 1322, 1653, 1983, 2314, 2645, 
27239, 27900, 4529, 3560, 3218, 2685, 1322, 992, 661, 331, 0, 0, 0, 331, 661, 992, 1322, 1653, 1983, 2314, 
27242, 27903, 4736, 3815, 3496, 3008, 1653, 1322, 992, 661, 331, 0, 0, 0, 331, 661, 992, 1322, 1653, 1983, 
27249, 27910, 4955, 4081, 3782, 3333, 1983, 1653, 1322, 992, 661, 331, 0, 0, 0, 331, 661, 992, 1322, 1653, 
27260, 27921, 5186, 4355, 4075, 3658, 2314, 1983, 1653, 1322, 992, 661, 331, 0, 0, 0, 331, 661, 992, 1322, 
27275, 27936, 5426, 4636, 4372, 3985, 2645, 2314, 1983, 1653, 1322, 992, 661, 331, 0, 0, 0, 331, 661, 992, 
27294, 27954, 5675, 4922, 4674, 4312, 2975, 2645, 2314, 1983, 1653, 1322, 992, 661, 331, 0, 0, 0, 331, 661, 
27317, 27976, 5932, 5214, 4979, 4639, 3306, 2975, 2645, 2314, 1983, 1653, 1322, 992, 661, 331, 0, 0, 0, 331, 
27344, 28003, 6195, 5509, 5287, 4967, 3636, 3306, 2975, 2645, 2314, 1983, 1653, 1322, 992, 661, 331, 0, 0, 0, 
27375, 28033, 6464, 5809, 5598, 5295, 3967, 3636, 3306, 2975, 2645, 2314, 1983, 1653, 1322, 992, 661, 331, 0, 0, 
Optimal total distance (scaled) for 20 points: 62367
Optimal total distance for 20 points: 530.014098
Corresponding path (0-indexed):
Point #19
Point #0
Point #1
Point #5
Point #4
Point #3
Point #2
Point #6
Point #7
Point #8
Point #9
Point #10
Point #11
Point #12
Point #13
Point #14
Point #15
Point #16
Point #17
Point #18
Point #19
Execution time: 92 ms

Elapsed time: 92 ms


Execution #2/10000

Seed: 2
Estimated max possible cost 534.352535
for path: 
0 1 2 3 4 5 6 7 8 9 10 11 12 13 14 15 16 17 18 19 0
Execution time: 97 ms

Elapsed time: 189 ms


Execution #3/10000

Seed: 3
Estimated max possible cost 534.352535
for path: 
0 1 2 3 4 5 6 7 8 9 10 11 12 13 14 15 16 17 18 19 0
Execution time: 97 ms

Elapsed time: 286 ms


Execution #4/10000

Seed: 4
Estimated max possible cost 534.352535
for path: 
0 1 2 3 4 5 6 7 8 9 10 11 12 13 14 15 16 17 18 19 0
Execution time: 98 ms

Elapsed time: 384 ms


Execution #5/10000

Seed: 5
Estimated max possible cost 534.352535
for path: 
0 1 2 3 4 5 6 7 8 9 10 11 12 13 14 15 16 17 18 19 0
Execution time: 98 ms

Elapsed time: 482 ms


Execution #6/10000

Seed: 6
Estimated max possible cost 534.352535
for path: 
0 1 2 3 4 5 6 7 8 9 10 11 12 13 14 15 16 17 18 19 0
Execution time: 98 ms

Elapsed time: 580 ms


Execution #7/10000

Seed: 7
Estimated max possible cost 534.352535
for path: 
0 1 2 3 4 5 6 7 8 9 10 11 12 13 14 15 16 17 18 19 0
Execution time: 85 ms

Elapsed time: 665 ms


Execution #8/10000

Seed: 8
Estimated max possible cost 534.352535
for path: 
0 1 2 3 4 5 6 7 8 9 10 11 12 13 14 15 16 17 18 19 0
Execution time: 59 ms

Elapsed time: 724 ms


Execution #9/10000

Seed: 9
Estimated max possible cost 534.352535
for path: 
0 1 2 3 4 5 6 7 8 9 10 11 12 13 14 15 16 17 18 19 0
Execution time: 96 ms

Elapsed time: 820 ms


Execution #10/10000

Seed: 10
Estimated max possible cost 534.352535
for path: 
0 1 2 3 4 5 6 7 8 9 10 11 12 13 14 15 16 17 18 19 0
Execution time: 97 ms

Elapsed time: 917 ms


Execution #11/10000

Seed: 11
Estimated max possible cost 534.352535
for path: 
0 1 2 3 4 5 6 7 8 9 10 11 12 13 14 15 16 17 18 19 0
Execution time: 97 ms

Elapsed time: 1014 ms


Execution #12/10000

Seed: 12
Estimated max possible cost 534.352535
for path: 
0 1 2 3 4 5 6 7 8 9 10 11 12 13 14 15 16 17 18 19 0
Execution time: 97 ms

Elapsed time: 1111 ms


Execution #13/10000

Seed: 13
Estimated max possible cost 534.352535
for path: 
0 1 2 3 4 5 6 7 8 9 10 11 12 13 14 15 16 17 18 19 0
Execution time: 84 ms

Elapsed time: 1195 ms


Execution #14/10000

Seed: 14
Estimated max possible cost 534.352535
for path: 
0 1 2 3 4 5 6 7 8 9 10 11 12 13 14 15 16 17 18 19 0
Execution time: 58 ms

Elapsed time: 1253 ms


Execution #15/10000

Seed: 15
Estimated max possible cost 534.352535
for path: 
0 1 2 3 4 5 6 7 8 9 10 11 12 13 14 15 16 17 18 19 0
Execution time: 58 ms

Elapsed time: 1311 ms


Execution #16/10000

Seed: 16
Estimated max possible cost 534.352535
for path: 
0 1 2 3 4 5 6 7 8 9 10 11 12 13 14 15 16 17 18 19 0
Execution time: 66 ms

Elapsed time: 1377 ms


Execution #17/10000

Seed: 17
Estimated max possible cost 534.352535
for path: 
0 1 2 3 4 5 6 7 8 9 10 11 12 13 14 15 16 17 18 19 0
Execution time: 97 ms

Elapsed time: 1474 ms


Execution #18/10000

Seed: 18
Estimated max possible cost 534.352535
for path: 
0 1 2 3 4 5 6 7 8 9 10 11 12 13 14 15 16 17 18 19 0
Execution time: 97 ms

Elapsed time: 1571 ms


Execution #19/10000

Seed: 19
Estimated max possible cost 534.352535
for path: 
0 1 2 3 4 5 6 7 8 9 10 11 12 13 14 15 16 17 18 19 0
Execution time: 96 ms

Elapsed time: 1667 ms


Execution #20/10000

Seed: 20
Estimated max possible cost 534.352535
for path: 
0 1 2 3 4 5 6 7 8 9 10 11 12 13 14 15 16 17 18 19 0
Execution time: 96 ms

Elapsed time: 1763 ms


Execution #21/10000

Seed: 21
Estimated max possible cost 534.352535
for path: 
0 1 2 3 4 5 6 7 8 9 10 11 12 13 14 15 16 17 18 19 0
Execution time: 96 ms

Elapsed time: 1859 ms


Execution #22/10000

Seed: 22
Estimated max possible cost 534.352535
for path: 
0 1 2 3 4 5 6 7 8 9 10 11 12 13 14 15 16 17 18 19 0
Execution time: 96 ms

Elapsed time: 1955 ms


Execution #23/10000

Seed: 23
Estimated max possible cost 534.352535
for path: 
0 1 2 3 4 5 6 7 8 9 10 11 12 13 14 15 16 17 18 19 0
Execution time: 96 ms

Elapsed time: 2051 ms


Execution #24/10000

Seed: 24
Estimated max possible cost 534.352535
for path: 
0 1 2 3 4 5 6 7 8 9 10 11 12 13 14 15 16 17 18 19 0
Execution time: 96 ms

Elapsed time: 2147 ms


Execution #25/10000

Seed: 25
Estimated max possible cost 534.352535
for path: 
0 1 2 3 4 5 6 7 8 9 10 11 12 13 14 15 16 17 18 19 0
Execution time: 96 ms

Elapsed time: 2243 ms


Execution #26/10000

Seed: 26
Estimated max possible cost 534.352535
for path: 
0 1 2 3 4 5 6 7 8 9 10 11 12 13 14 15 16 17 18 19 0
Execution time: 96 ms

Elapsed time: 2339 ms


Execution #27/10000

Seed: 27
Estimated max possible cost 534.352535
for path: 
0 1 2 3 4 5 6 7 8 9 10 11 12 13 14 15 16 17 18 19 0
Execution time: 96 ms

Elapsed time: 2435 ms


Execution #28/10000

Seed: 28
Estimated max possible cost 534.352535
for path: 
0 1 2 3 4 5 6 7 8 9 10 11 12 13 14 15 16 17 18 19 0
Execution time: 96 ms

Elapsed time: 2531 ms


Execution #29/10000

Seed: 29
Estimated max possible cost 534.352535
for path: 
0 1 2 3 4 5 6 7 8 9 10 11 12 13 14 15 16 17 18 19 0
Execution time: 96 ms

Elapsed time: 2627 ms


Execution #30/10000

Seed: 30
Estimated max possible cost 534.352535
for path: 
0 1 2 3 4 5 6 7 8 9 10 11 12 13 14 15 16 17 18 19 0
Execution time: 96 ms

Elapsed time: 2723 ms


Execution #31/10000

Seed: 31
Estimated max possible cost 534.352535
for path: 
0 1 2 3 4 5 6 7 8 9 10 11 12 13 14 15 16 17 18 19 0
Execution time: 96 ms

Elapsed time: 2819 ms


Execution #32/10000

Seed: 32
Estimated max possible cost 534.352535
for path: 
0 1 2 3 4 5 6 7 8 9 10 11 12 13 14 15 16 17 18 19 0
Execution time: 96 ms

Elapsed time: 2915 ms


Execution #33/10000

Seed: 33
Estimated max possible cost 534.352535
for path: 
0 1 2 3 4 5 6 7 8 9 10 11 12 13 14 15 16 17 18 19 0
Execution time: 96 ms

Elapsed time: 3011 ms


Execution #34/10000

Seed: 34
Estimated max possible cost 534.352535
for path: 
0 1 2 3 4 5 6 7 8 9 10 11 12 13 14 15 16 17 18 19 0
Execution time: 97 ms

Elapsed time: 3108 ms


Execution #35/10000

Seed: 35
Estimated max possible cost 534.352535
for path: 
0 1 2 3 4 5 6 7 8 9 10 11 12 13 14 15 16 17 18 19 0
Execution time: 96 ms

Elapsed time: 3204 ms


Execution #36/10000

Seed: 36
Estimated max possible cost 534.352535
for path: 
0 1 2 3 4 5 6 7 8 9 10 11 12 13 14 15 16 17 18 19 0
Execution time: 96 ms

Elapsed time: 3300 ms


Execution #37/10000

Seed: 37
Estimated max possible cost 534.352535
for path: 
0 1 2 3 4 5 6 7 8 9 10 11 12 13 14 15 16 17 18 19 0
Execution time: 96 ms

Elapsed time: 3396 ms


Execution #38/10000

Seed: 38
Estimated max possible cost 534.352535
for path: 
0 1 2 3 4 5 6 7 8 9 10 11 12 13 14 15 16 17 18 19 0
Execution time: 96 ms

Elapsed time: 3492 ms


Execution #39/10000

Seed: 39
Estimated max possible cost 534.352535
for path: 
0 1 2 3 4 5 6 7 8 9 10 11 12 13 14 15 16 17 18 19 0
Execution time: 96 ms

Elapsed time: 3588 ms


Execution #40/10000

Seed: 40
Estimated max possible cost 534.352535
for path: 
0 1 2 3 4 5 6 7 8 9 10 11 12 13 14 15 16 17 18 19 0
Execution time: 96 ms

Elapsed time: 3684 ms


Execution #41/10000

Seed: 41
Estimated max possible cost 534.352535
for path: 
0 1 2 3 4 5 6 7 8 9 10 11 12 13 14 15 16 17 18 19 0
Execution time: 96 ms

Elapsed time: 3780 ms


Execution #42/10000

Seed: 42
Estimated max possible cost 534.352535
for path: 
0 1 2 3 4 5 6 7 8 9 10 11 12 13 14 15 16 17 18 19 0
Execution time: 96 ms

Elapsed time: 3876 ms


Execution #43/10000

Seed: 43
Estimated max possible cost 534.352535
for path: 
0 1 2 3 4 5 6 7 8 9 10 11 12 13 14 15 16 17 18 19 0
Execution time: 96 ms

Elapsed time: 3972 ms


Execution #44/10000

Seed: 44
Estimated max possible cost 534.352535
for path: 
0 1 2 3 4 5 6 7 8 9 10 11 12 13 14 15 16 17 18 19 0
Execution time: 96 ms

Elapsed time: 4068 ms


Execution #45/10000

Seed: 45
Estimated max possible cost 534.352535
for path: 
0 1 2 3 4 5 6 7 8 9 10 11 12 13 14 15 16 17 18 19 0
Execution time: 96 ms

Elapsed time: 4164 ms


Execution #46/10000

Seed: 46
Estimated max possible cost 534.352535
for path: 
0 1 2 3 4 5 6 7 8 9 10 11 12 13 14 15 16 17 18 19 0
Execution time: 96 ms

Elapsed time: 4260 ms


Execution #47/10000

Seed: 47
Estimated max possible cost 534.352535
for path: 
0 1 2 3 4 5 6 7 8 9 10 11 12 13 14 15 16 17 18 19 0
Execution time: 96 ms

Elapsed time: 4356 ms


Execution #48/10000

Seed: 48
Estimated max possible cost 534.352535
for path: 
0 1 2 3 4 5 6 7 8 9 10 11 12 13 14 15 16 17 18 19 0
Execution time: 78 ms

Elapsed time: 4434 ms


Execution #49/10000

Seed: 49
Estimated max possible cost 534.352535
for path: 
0 1 2 3 4 5 6 7 8 9 10 11 12 13 14 15 16 17 18 19 0
Execution time: 59 ms

Elapsed time: 4493 ms


Execution #50/10000

Seed: 50
Estimated max possible cost 534.352535
for path: 
0 1 2 3 4 5 6 7 8 9 10 11 12 13 14 15 16 17 18 19 0
Execution time: 82 ms

Elapsed time: 4575 ms


Execution #51/10000

Seed: 51
Estimated max possible cost 534.352535
for path: 
0 1 2 3 4 5 6 7 8 9 10 11 12 13 14 15 16 17 18 19 0
Execution time: 96 ms

Elapsed time: 4671 ms


Execution #52/10000

Seed: 52
Estimated max possible cost 534.352535
for path: 
0 1 2 3 4 5 6 7 8 9 10 11 12 13 14 15 16 17 18 19 0
Execution time: 96 ms

Elapsed time: 4767 ms


Execution #53/10000

Seed: 53
Estimated max possible cost 534.352535
for path: 
0 1 2 3 4 5 6 7 8 9 10 11 12 13 14 15 16 17 18 19 0
Execution time: 96 ms

Elapsed time: 4863 ms


Execution #54/10000

Seed: 54
Estimated max possible cost 534.352535
for path: 
0 1 2 3 4 5 6 7 8 9 10 11 12 13 14 15 16 17 18 19 0
Execution time: 95 ms

Elapsed time: 4958 ms


Execution #55/10000

Seed: 55
Estimated max possible cost 534.352535
for path: 
0 1 2 3 4 5 6 7 8 9 10 11 12 13 14 15 16 17 18 19 0
Execution time: 95 ms

Elapsed time: 5053 ms


Execution #56/10000

Seed: 56
Estimated max possible cost 534.352535
for path: 
0 1 2 3 4 5 6 7 8 9 10 11 12 13 14 15 16 17 18 19 0
Execution time: 95 ms

Elapsed time: 5148 ms


Execution #57/10000

Seed: 57
Estimated max possible cost 534.352535
for path: 
0 1 2 3 4 5 6 7 8 9 10 11 12 13 14 15 16 17 18 19 0
Execution time: 95 ms

Elapsed time: 5243 ms


Execution #58/10000

Seed: 58
Estimated max possible cost 534.352535
for path: 
0 1 2 3 4 5 6 7 8 9 10 11 12 13 14 15 16 17 18 19 0
Execution time: 95 ms

Elapsed time: 5338 ms


Execution #59/10000

Seed: 59
Estimated max possible cost 534.352535
for path: 
0 1 2 3 4 5 6 7 8 9 10 11 12 13 14 15 16 17 18 19 0
Execution time: 69 ms

Elapsed time: 5407 ms


Execution #60/10000

Seed: 60
Estimated max possible cost 534.352535
for path: 
0 1 2 3 4 5 6 7 8 9 10 11 12 13 14 15 16 17 18 19 0
Execution time: 58 ms

Elapsed time: 5465 ms


Execution #61/10000

Seed: 61
Estimated max possible cost 534.352535
for path: 
0 1 2 3 4 5 6 7 8 9 10 11 12 13 14 15 16 17 18 19 0
Execution time: 58 ms

Elapsed time: 5523 ms


Execution #62/10000

Seed: 62
Estimated max possible cost 534.352535
for path: 
0 1 2 3 4 5 6 7 8 9 10 11 12 13 14 15 16 17 18 19 0
Execution time: 58 ms

Elapsed time: 5581 ms


Execution #63/10000

Seed: 63
Estimated max possible cost 534.352535
for path: 
0 1 2 3 4 5 6 7 8 9 10 11 12 13 14 15 16 17 18 19 0
Execution time: 58 ms

Elapsed time: 5639 ms


Execution #64/10000

Seed: 64
Estimated max possible cost 534.352535
for path: 
0 1 2 3 4 5 6 7 8 9 10 11 12 13 14 15 16 17 18 19 0
Execution time: 58 ms

Elapsed time: 5697 ms


Execution #65/10000

Seed: 65
Estimated max possible cost 534.352535
for path: 
0 1 2 3 4 5 6 7 8 9 10 11 12 13 14 15 16 17 18 19 0
Execution time: 58 ms

Elapsed time: 5755 ms


Execution #66/10000

Seed: 66
Estimated max possible cost 534.352535
for path: 
0 1 2 3 4 5 6 7 8 9 10 11 12 13 14 15 16 17 18 19 0
Execution time: 58 ms

Elapsed time: 5813 ms


Execution #67/10000

Seed: 67
Estimated max possible cost 534.352535
for path: 
0 1 2 3 4 5 6 7 8 9 10 11 12 13 14 15 16 17 18 19 0
Execution time: 58 ms

Elapsed time: 5871 ms


Execution #68/10000

Seed: 68
Estimated max possible cost 534.352535
for path: 
0 1 2 3 4 5 6 7 8 9 10 11 12 13 14 15 16 17 18 19 0
Execution time: 58 ms

Elapsed time: 5929 ms


Execution #69/10000

Seed: 69
Estimated max possible cost 534.352535
for path: 
0 1 2 3 4 5 6 7 8 9 10 11 12 13 14 15 16 17 18 19 0
Execution time: 58 ms

Elapsed time: 5987 ms


Execution #70/10000

Seed: 70
Estimated max possible cost 534.352535
for path: 
0 1 2 3 4 5 6 7 8 9 10 11 12 13 14 15 16 17 18 19 0
Execution time: 58 ms

Elapsed time: 6045 ms


Execution #71/10000

Seed: 71
Estimated max possible cost 534.352535
for path: 
0 1 2 3 4 5 6 7 8 9 10 11 12 13 14 15 16 17 18 19 0
Execution time: 58 ms

Elapsed time: 6103 ms


Execution #72/10000

Seed: 72
Estimated max possible cost 534.352535
for path: 
0 1 2 3 4 5 6 7 8 9 10 11 12 13 14 15 16 17 18 19 0
Execution time: 58 ms

Elapsed time: 6161 ms


Execution #73/10000

Seed: 73
Estimated max possible cost 534.352535
for path: 
0 1 2 3 4 5 6 7 8 9 10 11 12 13 14 15 16 17 18 19 0
Execution time: 58 ms

Elapsed time: 6219 ms


Execution #74/10000

Seed: 74
Estimated max possible cost 534.352535
for path: 
0 1 2 3 4 5 6 7 8 9 10 11 12 13 14 15 16 17 18 19 0
Execution time: 58 ms

Elapsed time: 6277 ms


Execution #75/10000

Seed: 75
Estimated max possible cost 534.352535
for path: 
0 1 2 3 4 5 6 7 8 9 10 11 12 13 14 15 16 17 18 19 0
Execution time: 77 ms

Elapsed time: 6354 ms


Execution #76/10000

Seed: 76
Estimated max possible cost 534.352535
for path: 
0 1 2 3 4 5 6 7 8 9 10 11 12 13 14 15 16 17 18 19 0
Execution time: 72 ms

Elapsed time: 6426 ms


Execution #77/10000

Seed: 77
Estimated max possible cost 534.352535
for path: 
0 1 2 3 4 5 6 7 8 9 10 11 12 13 14 15 16 17 18 19 0
Execution time: 59 ms

Elapsed time: 6485 ms


Execution #78/10000

Seed: 78
Estimated max possible cost 534.352535
for path: 
0 1 2 3 4 5 6 7 8 9 10 11 12 13 14 15 16 17 18 19 0
Execution time: 58 ms

Elapsed time: 6543 ms


Execution #79/10000

Seed: 79
Estimated max possible cost 534.352535
for path: 
0 1 2 3 4 5 6 7 8 9 10 11 12 13 14 15 16 17 18 19 0
Execution time: 58 ms

Elapsed time: 6601 ms


Execution #80/10000

Seed: 80
Estimated max possible cost 534.352535
for path: 
0 1 2 3 4 5 6 7 8 9 10 11 12 13 14 15 16 17 18 19 0
Execution time: 58 ms

Elapsed time: 6659 ms


Execution #81/10000

Seed: 81
Estimated max possible cost 534.352535
for path: 
0 1 2 3 4 5 6 7 8 9 10 11 12 13 14 15 16 17 18 19 0
Execution time: 59 ms

Elapsed time: 6718 ms


Execution #82/10000

Seed: 82
Estimated max possible cost 534.352535
for path: 
0 1 2 3 4 5 6 7 8 9 10 11 12 13 14 15 16 17 18 19 0
Execution time: 58 ms

Elapsed time: 6776 ms


Execution #83/10000

Seed: 83
Estimated max possible cost 534.352535
for path: 
0 1 2 3 4 5 6 7 8 9 10 11 12 13 14 15 16 17 18 19 0
Execution time: 58 ms

Elapsed time: 6834 ms


Execution #84/10000

Seed: 84
Estimated max possible cost 534.352535
for path: 
0 1 2 3 4 5 6 7 8 9 10 11 12 13 14 15 16 17 18 19 0
Execution time: 58 ms

Elapsed time: 6892 ms


Execution #85/10000

Seed: 85
Estimated max possible cost 534.352535
for path: 
0 1 2 3 4 5 6 7 8 9 10 11 12 13 14 15 16 17 18 19 0
Execution time: 81 ms

Elapsed time: 6973 ms


Execution #86/10000

Seed: 86
Estimated max possible cost 534.352535
for path: 
0 1 2 3 4 5 6 7 8 9 10 11 12 13 14 15 16 17 18 19 0
Execution time: 96 ms

Elapsed time: 7069 ms


Execution #87/10000

Seed: 87
Estimated max possible cost 534.352535
for path: 
0 1 2 3 4 5 6 7 8 9 10 11 12 13 14 15 16 17 18 19 0
Execution time: 96 ms

Elapsed time: 7165 ms


Execution #88/10000

Seed: 88
Estimated max possible cost 534.352535
for path: 
0 1 2 3 4 5 6 7 8 9 10 11 12 13 14 15 16 17 18 19 0
Execution time: 96 ms

Elapsed time: 7261 ms


Execution #89/10000

Seed: 89
Estimated max possible cost 534.352535
for path: 
0 1 2 3 4 5 6 7 8 9 10 11 12 13 14 15 16 17 18 19 0
Execution time: 96 ms

Elapsed time: 7357 ms


Execution #90/10000

Seed: 90
Estimated max possible cost 534.352535
for path: 
0 1 2 3 4 5 6 7 8 9 10 11 12 13 14 15 16 17 18 19 0
Execution time: 96 ms

Elapsed time: 7453 ms


Execution #91/10000

Seed: 91
Estimated max possible cost 534.352535
for path: 
0 1 2 3 4 5 6 7 8 9 10 11 12 13 14 15 16 17 18 19 0
Execution time: 96 ms

Elapsed time: 7549 ms


Execution #92/10000

Seed: 92
Estimated max possible cost 534.352535
for path: 
0 1 2 3 4 5 6 7 8 9 10 11 12 13 14 15 16 17 18 19 0
Execution time: 96 ms

Elapsed time: 7645 ms


Execution #93/10000

Seed: 93
Estimated max possible cost 534.352535
for path: 
0 1 2 3 4 5 6 7 8 9 10 11 12 13 14 15 16 17 18 19 0
Execution time: 96 ms

Elapsed time: 7741 ms


Execution #94/10000

Seed: 94
Estimated max possible cost 534.352535
for path: 
0 1 2 3 4 5 6 7 8 9 10 11 12 13 14 15 16 17 18 19 0
Execution time: 96 ms

Elapsed time: 7837 ms


Execution #95/10000

Seed: 95
Estimated max possible cost 534.352535
for path: 
0 1 2 3 4 5 6 7 8 9 10 11 12 13 14 15 16 17 18 19 0
Execution time: 95 ms

Elapsed time: 7932 ms


Execution #96/10000

Seed: 96
Estimated max possible cost 534.352535
for path: 
0 1 2 3 4 5 6 7 8 9 10 11 12 13 14 15 16 17 18 19 0
Execution time: 96 ms

Elapsed time: 8028 ms


Execution #97/10000

Seed: 97
Estimated max possible cost 534.352535
for path: 
0 1 2 3 4 5 6 7 8 9 10 11 12 13 14 15 16 17 18 19 0
Execution time: 95 ms

Elapsed time: 8123 ms


Execution #98/10000

Seed: 98
Estimated max possible cost 534.352535
for path: 
0 1 2 3 4 5 6 7 8 9 10 11 12 13 14 15 16 17 18 19 0
Execution time: 96 ms

Elapsed time: 8219 ms


Execution #99/10000

Seed: 99
Estimated max possible cost 534.352535
for path: 
0 1 2 3 4 5 6 7 8 9 10 11 12 13 14 15 16 17 18 19 0
Execution time: 96 ms

Elapsed time: 8315 ms


Execution #100/10000

Seed: 100
Estimated max possible cost 534.352535
for path: 
0 1 2 3 4 5 6 7 8 9 10 11 12 13 14 15 16 17 18 19 0
Execution time: 96 ms

Elapsed time: 8411 ms


Execution #101/10000

Seed: 101
Estimated max possible cost 534.352535
for path: 
0 1 2 3 4 5 6 7 8 9 10 11 12 13 14 15 16 17 18 19 0
Execution time: 66 ms

Elapsed time: 8477 ms


Execution #102/10000

Seed: 102
Estimated max possible cost 534.352535
for path: 
0 1 2 3 4 5 6 7 8 9 10 11 12 13 14 15 16 17 18 19 0
Execution time: 58 ms

Elapsed time: 8535 ms


Execution #103/10000

Seed: 103
Estimated max possible cost 534.352535
for path: 
0 1 2 3 4 5 6 7 8 9 10 11 12 13 14 15 16 17 18 19 0
Execution time: 58 ms

Elapsed time: 8593 ms


Execution #104/10000

Seed: 104
Estimated max possible cost 534.352535
for path: 
0 1 2 3 4 5 6 7 8 9 10 11 12 13 14 15 16 17 18 19 0
Execution time: 58 ms

Elapsed time: 8651 ms


Execution #105/10000

Seed: 105
Estimated max possible cost 534.352535
for path: 
0 1 2 3 4 5 6 7 8 9 10 11 12 13 14 15 16 17 18 19 0
Execution time: 59 ms

Elapsed time: 8710 ms


Execution #106/10000

Seed: 106
Estimated max possible cost 534.352535
for path: 
0 1 2 3 4 5 6 7 8 9 10 11 12 13 14 15 16 17 18 19 0
Execution time: 58 ms

Elapsed time: 8768 ms


Execution #107/10000

Seed: 107
Estimated max possible cost 534.352535
for path: 
0 1 2 3 4 5 6 7 8 9 10 11 12 13 14 15 16 17 18 19 0
Execution time: 76 ms

Elapsed time: 8844 ms


Execution #108/10000

Seed: 108
Estimated max possible cost 534.352535
for path: 
0 1 2 3 4 5 6 7 8 9 10 11 12 13 14 15 16 17 18 19 0
Execution time: 96 ms

Elapsed time: 8940 ms


Execution #109/10000

Seed: 109
Estimated max possible cost 534.352535
for path: 
0 1 2 3 4 5 6 7 8 9 10 11 12 13 14 15 16 17 18 19 0
Execution time: 96 ms

Elapsed time: 9036 ms


Execution #110/10000

Seed: 110
Estimated max possible cost 534.352535
for path: 
0 1 2 3 4 5 6 7 8 9 10 11 12 13 14 15 16 17 18 19 0
Execution time: 96 ms

Elapsed time: 9132 ms


Execution #111/10000

Seed: 111
Estimated max possible cost 534.352535
for path: 
0 1 2 3 4 5 6 7 8 9 10 11 12 13 14 15 16 17 18 19 0
Execution time: 96 ms

Elapsed time: 9228 ms


Execution #112/10000

Seed: 112
Estimated max possible cost 534.352535
for path: 
0 1 2 3 4 5 6 7 8 9 10 11 12 13 14 15 16 17 18 19 0
Execution time: 96 ms

Elapsed time: 9324 ms


Execution #113/10000

Seed: 113
Estimated max possible cost 534.352535
for path: 
0 1 2 3 4 5 6 7 8 9 10 11 12 13 14 15 16 17 18 19 0
Execution time: 101 ms

Elapsed time: 9425 ms


Execution #114/10000

Seed: 114
Estimated max possible cost 534.352535
for path: 
0 1 2 3 4 5 6 7 8 9 10 11 12 13 14 15 16 17 18 19 0
Execution time: 96 ms

Elapsed time: 9521 ms


Execution #115/10000

Seed: 115
Estimated max possible cost 534.352535
for path: 
0 1 2 3 4 5 6 7 8 9 10 11 12 13 14 15 16 17 18 19 0
Execution time: 83 ms

Elapsed time: 9604 ms


Execution #116/10000

Seed: 116
Estimated max possible cost 534.352535
for path: 
0 1 2 3 4 5 6 7 8 9 10 11 12 13 14 15 16 17 18 19 0
Execution time: 96 ms

Elapsed time: 9700 ms


Execution #117/10000

Seed: 117
Estimated max possible cost 534.352535
for path: 
0 1 2 3 4 5 6 7 8 9 10 11 12 13 14 15 16 17 18 19 0
Execution time: 96 ms

Elapsed time: 9796 ms


Execution #118/10000

Seed: 118
Estimated max possible cost 534.352535
for path: 
0 1 2 3 4 5 6 7 8 9 10 11 12 13 14 15 16 17 18 19 0
Execution time: 96 ms

Elapsed time: 9892 ms


Execution #119/10000

Seed: 119
Estimated max possible cost 534.352535
for path: 
0 1 2 3 4 5 6 7 8 9 10 11 12 13 14 15 16 17 18 19 0
Execution time: 96 ms

Elapsed time: 9988 ms


Execution #120/10000

Seed: 120
Estimated max possible cost 534.352535
for path: 
0 1 2 3 4 5 6 7 8 9 10 11 12 13 14 15 16 17 18 19 0
Execution time: 97 ms

Elapsed time: 10085 ms


Execution #121/10000

Seed: 121
Estimated max possible cost 534.352535
for path: 
0 1 2 3 4 5 6 7 8 9 10 11 12 13 14 15 16 17 18 19 0
Execution time: 64 ms

Elapsed time: 10149 ms


Execution #122/10000

Seed: 122
Estimated max possible cost 534.352535
for path: 
0 1 2 3 4 5 6 7 8 9 10 11 12 13 14 15 16 17 18 19 0
Execution time: 59 ms

Elapsed time: 10208 ms


Execution #123/10000

Seed: 123
Estimated max possible cost 534.352535
for path: 
0 1 2 3 4 5 6 7 8 9 10 11 12 13 14 15 16 17 18 19 0
Execution time: 60 ms

Elapsed time: 10268 ms


Execution #124/10000

Seed: 124
Estimated max possible cost 534.352535
for path: 
0 1 2 3 4 5 6 7 8 9 10 11 12 13 14 15 16 17 18 19 0
Execution time: 60 ms

Elapsed time: 10328 ms


Execution #125/10000

Seed: 125
Estimated max possible cost 534.352535
for path: 
0 1 2 3 4 5 6 7 8 9 10 11 12 13 14 15 16 17 18 19 0
Execution time: 60 ms

Elapsed time: 10388 ms


Execution #126/10000

Seed: 126
Estimated max possible cost 534.352535
for path: 
0 1 2 3 4 5 6 7 8 9 10 11 12 13 14 15 16 17 18 19 0
Execution time: 79 ms

Elapsed time: 10467 ms


Execution #127/10000

Seed: 127
Estimated max possible cost 534.352535
for path: 
0 1 2 3 4 5 6 7 8 9 10 11 12 13 14 15 16 17 18 19 0
Execution time: 96 ms

Elapsed time: 10563 ms


Execution #128/10000

Seed: 128
Estimated max possible cost 534.352535
for path: 
0 1 2 3 4 5 6 7 8 9 10 11 12 13 14 15 16 17 18 19 0
Execution time: 96 ms

Elapsed time: 10659 ms


Execution #129/10000

Seed: 129
Estimated max possible cost 534.352535
for path: 
0 1 2 3 4 5 6 7 8 9 10 11 12 13 14 15 16 17 18 19 0
Execution time: 96 ms

Elapsed time: 10755 ms


Execution #130/10000

Seed: 130
Estimated max possible cost 534.352535
for path: 
0 1 2 3 4 5 6 7 8 9 10 11 12 13 14 15 16 17 18 19 0
Execution time: 96 ms

Elapsed time: 10851 ms


Execution #131/10000

Seed: 131
Estimated max possible cost 534.352535
for path: 
0 1 2 3 4 5 6 7 8 9 10 11 12 13 14 15 16 17 18 19 0
Execution time: 96 ms

Elapsed time: 10947 ms


Execution #132/10000

Seed: 132
Estimated max possible cost 534.352535
for path: 
0 1 2 3 4 5 6 7 8 9 10 11 12 13 14 15 16 17 18 19 0
Execution time: 96 ms

Elapsed time: 11043 ms


Execution #133/10000

Seed: 133
Estimated max possible cost 534.352535
for path: 
0 1 2 3 4 5 6 7 8 9 10 11 12 13 14 15 16 17 18 19 0
Execution time: 96 ms

Elapsed time: 11139 ms


Execution #134/10000

Seed: 134
Estimated max possible cost 534.352535
for path: 
0 1 2 3 4 5 6 7 8 9 10 11 12 13 14 15 16 17 18 19 0
Execution time: 96 ms

Elapsed time: 11235 ms


Execution #135/10000

Seed: 135
Estimated max possible cost 534.352535
for path: 
0 1 2 3 4 5 6 7 8 9 10 11 12 13 14 15 16 17 18 19 0
Execution time: 96 ms

Elapsed time: 11331 ms


Execution #136/10000

Seed: 136
Estimated max possible cost 534.352535
for path: 
0 1 2 3 4 5 6 7 8 9 10 11 12 13 14 15 16 17 18 19 0
Execution time: 95 ms

Elapsed time: 11426 ms


Execution #137/10000

Seed: 137
Estimated max possible cost 534.352535
for path: 
0 1 2 3 4 5 6 7 8 9 10 11 12 13 14 15 16 17 18 19 0
Execution time: 96 ms

Elapsed time: 11522 ms


Execution #138/10000

Seed: 138
Estimated max possible cost 534.352535
for path: 
0 1 2 3 4 5 6 7 8 9 10 11 12 13 14 15 16 17 18 19 0
Execution time: 96 ms

Elapsed time: 11618 ms


Execution #139/10000

Seed: 139
Estimated max possible cost 534.352535
for path: 
0 1 2 3 4 5 6 7 8 9 10 11 12 13 14 15 16 17 18 19 0
Execution time: 96 ms

Elapsed time: 11714 ms


Execution #140/10000

Seed: 140
Estimated max possible cost 534.352535
for path: 
0 1 2 3 4 5 6 7 8 9 10 11 12 13 14 15 16 17 18 19 0
Execution time: 96 ms

Elapsed time: 11810 ms


Execution #141/10000

Seed: 141
Estimated max possible cost 534.352535
for path: 
0 1 2 3 4 5 6 7 8 9 10 11 12 13 14 15 16 17 18 19 0
Execution time: 96 ms

Elapsed time: 11906 ms


Execution #142/10000

Seed: 142
Estimated max possible cost 534.352535
for path: 
0 1 2 3 4 5 6 7 8 9 10 11 12 13 14 15 16 17 18 19 0
Execution time: 96 ms

Elapsed time: 12002 ms


Execution #143/10000

Seed: 143
Estimated max possible cost 534.352535
for path: 
0 1 2 3 4 5 6 7 8 9 10 11 12 13 14 15 16 17 18 19 0
Execution time: 96 ms

Elapsed time: 12098 ms


Execution #144/10000

Seed: 144
Estimated max possible cost 534.352535
for path: 
0 1 2 3 4 5 6 7 8 9 10 11 12 13 14 15 16 17 18 19 0
Execution time: 96 ms

Elapsed time: 12194 ms


Execution #145/10000

Seed: 145
Estimated max possible cost 534.352535
for path: 
0 1 2 3 4 5 6 7 8 9 10 11 12 13 14 15 16 17 18 19 0
Execution time: 96 ms

Elapsed time: 12290 ms


Execution #146/10000

Seed: 146
Estimated max possible cost 534.352535
for path: 
0 1 2 3 4 5 6 7 8 9 10 11 12 13 14 15 16 17 18 19 0
Execution time: 96 ms

Elapsed time: 12386 ms


Execution #147/10000

Seed: 147
Estimated max possible cost 534.352535
for path: 
0 1 2 3 4 5 6 7 8 9 10 11 12 13 14 15 16 17 18 19 0
Execution time: 96 ms

Elapsed time: 12482 ms


Execution #148/10000

Seed: 148
Estimated max possible cost 534.352535
for path: 
0 1 2 3 4 5 6 7 8 9 10 11 12 13 14 15 16 17 18 19 0
Execution time: 95 ms

Elapsed time: 12577 ms


Execution #149/10000

Seed: 149
Estimated max possible cost 534.352535
for path: 
0 1 2 3 4 5 6 7 8 9 10 11 12 13 14 15 16 17 18 19 0
Execution time: 96 ms

Elapsed time: 12673 ms


Execution #150/10000

Seed: 150
Estimated max possible cost 534.352535
for path: 
0 1 2 3 4 5 6 7 8 9 10 11 12 13 14 15 16 17 18 19 0
Execution time: 96 ms

Elapsed time: 12769 ms


Execution #151/10000

Seed: 151
Estimated max possible cost 534.352535
for path: 
0 1 2 3 4 5 6 7 8 9 10 11 12 13 14 15 16 17 18 19 0
Execution time: 96 ms

Elapsed time: 12865 ms


Execution #152/10000

Seed: 152
Estimated max possible cost 534.352535
for path: 
0 1 2 3 4 5 6 7 8 9 10 11 12 13 14 15 16 17 18 19 0
Execution time: 95 ms

Elapsed time: 12960 ms


Execution #153/10000

Seed: 153
Estimated max possible cost 534.352535
for path: 
0 1 2 3 4 5 6 7 8 9 10 11 12 13 14 15 16 17 18 19 0
Execution time: 96 ms

Elapsed time: 13056 ms


Execution #154/10000

Seed: 154
Estimated max possible cost 534.352535
for path: 
0 1 2 3 4 5 6 7 8 9 10 11 12 13 14 15 16 17 18 19 0
Execution time: 96 ms

Elapsed time: 13152 ms


Execution #155/10000

Seed: 155
Estimated max possible cost 534.352535
for path: 
0 1 2 3 4 5 6 7 8 9 10 11 12 13 14 15 16 17 18 19 0
Execution time: 81 ms

Elapsed time: 13233 ms


Execution #156/10000

Seed: 156
Estimated max possible cost 534.352535
for path: 
0 1 2 3 4 5 6 7 8 9 10 11 12 13 14 15 16 17 18 19 0
Execution time: 57 ms

Elapsed time: 13290 ms


Execution #157/10000

Seed: 157
Estimated max possible cost 534.352535
for path: 
0 1 2 3 4 5 6 7 8 9 10 11 12 13 14 15 16 17 18 19 0
Execution time: 58 ms

Elapsed time: 13348 ms


Execution #158/10000

Seed: 158
Estimated max possible cost 534.352535
for path: 
0 1 2 3 4 5 6 7 8 9 10 11 12 13 14 15 16 17 18 19 0
Execution time: 58 ms

Elapsed time: 13406 ms


Execution #159/10000

Seed: 159
Estimated max possible cost 534.352535
for path: 
0 1 2 3 4 5 6 7 8 9 10 11 12 13 14 15 16 17 18 19 0
Execution time: 58 ms

Elapsed time: 13464 ms


Execution #160/10000

Seed: 160
Estimated max possible cost 534.352535
for path: 
0 1 2 3 4 5 6 7 8 9 10 11 12 13 14 15 16 17 18 19 0
Execution time: 58 ms

Elapsed time: 13522 ms


Execution #161/10000

Seed: 161
Estimated max possible cost 534.352535
for path: 
0 1 2 3 4 5 6 7 8 9 10 11 12 13 14 15 16 17 18 19 0
Execution time: 75 ms

Elapsed time: 13597 ms


Execution #162/10000

Seed: 162
Estimated max possible cost 534.352535
for path: 
0 1 2 3 4 5 6 7 8 9 10 11 12 13 14 15 16 17 18 19 0
Execution time: 96 ms

Elapsed time: 13693 ms


Execution #163/10000

Seed: 163
Estimated max possible cost 534.352535
for path: 
0 1 2 3 4 5 6 7 8 9 10 11 12 13 14 15 16 17 18 19 0
Execution time: 96 ms

Elapsed time: 13789 ms


Execution #164/10000

Seed: 164
Estimated max possible cost 534.352535
for path: 
0 1 2 3 4 5 6 7 8 9 10 11 12 13 14 15 16 17 18 19 0
Execution time: 96 ms

Elapsed time: 13885 ms


Execution #165/10000

Seed: 165
Estimated max possible cost 534.352535
for path: 
0 1 2 3 4 5 6 7 8 9 10 11 12 13 14 15 16 17 18 19 0
Execution time: 96 ms

Elapsed time: 13981 ms


Execution #166/10000

Seed: 166
Estimated max possible cost 534.352535
for path: 
0 1 2 3 4 5 6 7 8 9 10 11 12 13 14 15 16 17 18 19 0
Execution time: 96 ms

Elapsed time: 14077 ms


Execution #167/10000

Seed: 167
Estimated max possible cost 534.352535
for path: 
0 1 2 3 4 5 6 7 8 9 10 11 12 13 14 15 16 17 18 19 0
Execution time: 96 ms

Elapsed time: 14173 ms


Execution #168/10000

Seed: 168
Estimated max possible cost 534.352535
for path: 
0 1 2 3 4 5 6 7 8 9 10 11 12 13 14 15 16 17 18 19 0
Execution time: 96 ms

Elapsed time: 14269 ms


Execution #169/10000

Seed: 169
Estimated max possible cost 534.352535
for path: 
0 1 2 3 4 5 6 7 8 9 10 11 12 13 14 15 16 17 18 19 0
Execution time: 97 ms

Elapsed time: 14366 ms


Execution #170/10000

Seed: 170
Estimated max possible cost 534.352535
for path: 
0 1 2 3 4 5 6 7 8 9 10 11 12 13 14 15 16 17 18 19 0
Execution time: 96 ms

Elapsed time: 14462 ms


Execution #171/10000

Seed: 171
Estimated max possible cost 534.352535
for path: 
0 1 2 3 4 5 6 7 8 9 10 11 12 13 14 15 16 17 18 19 0
Execution time: 96 ms

Elapsed time: 14558 ms


Execution #172/10000

Seed: 172
Estimated max possible cost 534.352535
for path: 
0 1 2 3 4 5 6 7 8 9 10 11 12 13 14 15 16 17 18 19 0
Execution time: 96 ms

Elapsed time: 14654 ms


Execution #173/10000

Seed: 173
Estimated max possible cost 534.352535
for path: 
0 1 2 3 4 5 6 7 8 9 10 11 12 13 14 15 16 17 18 19 0
Execution time: 96 ms

Elapsed time: 14750 ms


Execution #174/10000

Seed: 174
Estimated max possible cost 534.352535
for path: 
0 1 2 3 4 5 6 7 8 9 10 11 12 13 14 15 16 17 18 19 0
Execution time: 96 ms

Elapsed time: 14846 ms


Execution #175/10000

Seed: 175
Estimated max possible cost 534.352535
for path: 
0 1 2 3 4 5 6 7 8 9 10 11 12 13 14 15 16 17 18 19 0
Execution time: 96 ms

Elapsed time: 14942 ms


Execution #176/10000

Seed: 176
Estimated max possible cost 534.352535
for path: 
0 1 2 3 4 5 6 7 8 9 10 11 12 13 14 15 16 17 18 19 0
Execution time: 96 ms

Elapsed time: 15038 ms


Execution #177/10000

Seed: 177
Estimated max possible cost 534.352535
for path: 
0 1 2 3 4 5 6 7 8 9 10 11 12 13 14 15 16 17 18 19 0
Execution time: 96 ms

Elapsed time: 15134 ms


Execution #178/10000

Seed: 178
Estimated max possible cost 534.352535
for path: 
0 1 2 3 4 5 6 7 8 9 10 11 12 13 14 15 16 17 18 19 0
Execution time: 96 ms

Elapsed time: 15230 ms


Execution #179/10000

Seed: 179
Estimated max possible cost 534.352535
for path: 
0 1 2 3 4 5 6 7 8 9 10 11 12 13 14 15 16 17 18 19 0
Execution time: 96 ms

Elapsed time: 15326 ms


Execution #180/10000

Seed: 180
Estimated max possible cost 534.352535
for path: 
0 1 2 3 4 5 6 7 8 9 10 11 12 13 14 15 16 17 18 19 0
Execution time: 96 ms

Elapsed time: 15422 ms


Execution #181/10000

Seed: 181
Estimated max possible cost 534.352535
for path: 
0 1 2 3 4 5 6 7 8 9 10 11 12 13 14 15 16 17 18 19 0
Execution time: 96 ms

Elapsed time: 15518 ms


Execution #182/10000

Seed: 182
Estimated max possible cost 534.352535
for path: 
0 1 2 3 4 5 6 7 8 9 10 11 12 13 14 15 16 17 18 19 0
Execution time: 96 ms

Elapsed time: 15614 ms


Execution #183/10000

Seed: 183
Estimated max possible cost 534.352535
for path: 
0 1 2 3 4 5 6 7 8 9 10 11 12 13 14 15 16 17 18 19 0
Execution time: 96 ms

Elapsed time: 15710 ms


Execution #184/10000

Seed: 184
Estimated max possible cost 534.352535
for path: 
0 1 2 3 4 5 6 7 8 9 10 11 12 13 14 15 16 17 18 19 0
Execution time: 96 ms

Elapsed time: 15806 ms


Execution #185/10000

Seed: 185
Estimated max possible cost 534.352535
for path: 
0 1 2 3 4 5 6 7 8 9 10 11 12 13 14 15 16 17 18 19 0
Execution time: 96 ms

Elapsed time: 15902 ms


Execution #186/10000

Seed: 186
Estimated max possible cost 534.352535
for path: 
0 1 2 3 4 5 6 7 8 9 10 11 12 13 14 15 16 17 18 19 0
Execution time: 96 ms

Elapsed time: 15998 ms


Execution #187/10000

Seed: 187
Estimated max possible cost 534.352535
for path: 
0 1 2 3 4 5 6 7 8 9 10 11 12 13 14 15 16 17 18 19 0
Execution time: 96 ms

Elapsed time: 16094 ms


Execution #188/10000

Seed: 188
Estimated max possible cost 534.352535
for path: 
