Solving TSP


Execution #1/10000

Seed: 1
Estimated max possible cost 537.159061
for path: 
0 1 2 3 4 5 6 7 8 9 10 11 12 13 14 15 16 17 18 19 20 0
Memory needed for path: 3394920 locs, for costs: 3359200 locs.
Desired precision: 1e+12
Mem constraint for cost_t: 16 bits
Rounded to pow of 2 bytes mem constraint (capped at 64bits) for cost_t: 16 bits
Bits needed for an int to preserve precision: 49
Warning: cannot preserve precision.
Warning: Using an integer; there is not enough memory for decimals.
Bits used per cost_t: 16
Selected cost_t = (u)int16_t
Solving with cost_t = t
Memory [GB] needed: 0.00941876
Requested precision is too high;managed to differentiate costs by: 0.002460
Distances:
0, 5.08, 242.54, 232.423, 228.124, 218.013, 212.172, 212.044, 211.947, 211.88, 211.843, 211.837, 211.862, 211.917, 212.002, 212.117, 212.263, 212.44, 212.646, 212.882, 213.149, 
5.08, 0, 247.599, 237.481, 233.181, 223.068, 217.244, 217.119, 217.024, 216.959, 216.923, 216.917, 216.941, 216.995, 217.078, 217.191, 217.333, 217.505, 217.707, 217.938, 218.198, 
242.54, 247.599, 0, 10.16, 14.478, 24.638, 31.3255, 32.219, 33.2827, 34.501, 35.8581, 37.3389, 38.9292, 40.6162, 42.3883, 44.2354, 46.1484, 48.1194, 50.1417, 52.2092, 54.3168, 
232.423, 237.481, 10.16, 0, 4.318, 14.478, 21.9236, 23.1823, 24.6393, 26.2617, 28.0207, 29.8922, 31.8565, 33.8973, 36.0018, 38.1592, 40.3612, 42.6009, 44.8725, 47.1716, 49.4942, 
228.124, 233.181, 14.478, 4.318, 0, 10.16, 18.1765, 19.6764, 21.3738, 23.2254, 25.1973, 27.2633, 29.4037, 31.6034, 33.8507, 36.1368, 38.4548, 40.7992, 43.1658, 45.5511, 47.9522, 
218.013, 223.068, 24.638, 14.478, 10.16, 0, 11.1326, 13.4428, 15.8236, 18.2474, 20.6991, 23.1698, 25.654, 28.1482, 30.6499, 33.1575, 35.6696, 38.1854, 40.7042, 43.2255, 45.7489, 
212.172, 217.244, 31.3255, 21.9236, 18.1765, 11.1326, 0, 2.54, 5.08, 7.62, 10.16, 12.7, 15.24, 17.78, 20.32, 22.86, 25.4, 27.94, 30.48, 33.02, 35.56, 
212.044, 217.119, 32.219, 23.1823, 19.6764, 13.4428, 2.54, 0, 2.54, 5.08, 7.62, 10.16, 12.7, 15.24, 17.78, 20.32, 22.86, 25.4, 27.94, 30.48, 33.02, 
211.947, 217.024, 33.2827, 24.6393, 21.3738, 15.8236, 5.08, 2.54, 0, 2.54, 5.08, 7.62, 10.16, 12.7, 15.24, 17.78, 20.32, 22.86, 25.4, 27.94, 30.48, 
211.88, 216.959, 34.501, 26.2617, 23.2254, 18.2474, 7.62, 5.08, 2.54, 0, 2.54, 5.08, 7.62, 10.16, 12.7, 15.24, 17.78, 20.32, 22.86, 25.4, 27.94, 
211.843, 216.923, 35.8581, 28.0207, 25.1973, 20.6991, 10.16, 7.62, 5.08, 2.54, 0, 2.54, 5.08, 7.62, 10.16, 12.7, 15.24, 17.78, 20.32, 22.86, 25.4, 
211.837, 216.917, 37.3389, 29.8922, 27.2633, 23.1698, 12.7, 10.16, 7.62, 5.08, 2.54, 0, 2.54, 5.08, 7.62, 10.16, 12.7, 15.24, 17.78, 20.32, 22.86, 
211.862, 216.941, 38.9292, 31.8565, 29.4037, 25.654, 15.24, 12.7, 10.16, 7.62, 5.08, 2.54, 0, 2.54, 5.08, 7.62, 10.16, 12.7, 15.24, 17.78, 20.32, 
211.917, 216.995, 40.6162, 33.8973, 31.6034, 28.1482, 17.78, 15.24, 12.7, 10.16, 7.62, 5.08, 2.54, 0, 2.54, 5.08, 7.62, 10.16, 12.7, 15.24, 17.78, 
212.002, 217.078, 42.3883, 36.0018, 33.8507, 30.6499, 20.32, 17.78, 15.24, 12.7, 10.16, 7.62, 5.08, 2.54, 0, 2.54, 5.08, 7.62, 10.16, 12.7, 15.24, 
212.117, 217.191, 44.2354, 38.1592, 36.1368, 33.1575, 22.86, 20.32, 17.78, 15.24, 12.7, 10.16, 7.62, 5.08, 2.54, 0, 2.54, 5.08, 7.62, 10.16, 12.7, 
212.263, 217.333, 46.1484, 40.3612, 38.4548, 35.6696, 25.4, 22.86, 20.32, 17.78, 15.24, 12.7, 10.16, 7.62, 5.08, 2.54, 0, 2.54, 5.08, 7.62, 10.16, 
212.44, 217.505, 48.1194, 42.6009, 40.7992, 38.1854, 27.94, 25.4, 22.86, 20.32, 17.78, 15.24, 12.7, 10.16, 7.62, 5.08, 2.54, 0, 2.54, 5.08, 7.62, 
212.646, 217.707, 50.1417, 44.8725, 43.1658, 40.7042, 30.48, 27.94, 25.4, 22.86, 20.32, 17.78, 15.24, 12.7, 10.16, 7.62, 5.08, 2.54, 0, 2.54, 5.08, 
212.882, 217.938, 52.2092, 47.1716, 45.5511, 43.2255, 33.02, 30.48, 27.94, 25.4, 22.86, 20.32, 17.78, 15.24, 12.7, 10.16, 7.62, 5.08, 2.54, 0, 2.54, 
213.149, 218.198, 54.3168, 49.4942, 47.9522, 45.7489, 35.56, 33.02, 30.48, 27.94, 25.4, 22.86, 20.32, 17.78, 15.24, 12.7, 10.16, 7.62, 5.08, 2.54, 0, 
Scaled Distances:
0, 330, 31156, 29843, 29285, 27972, 27214, 27197, 27185, 27176, 27171, 27171, 27174, 27181, 27192, 27207, 27226, 27249, 27276, 27306, 27341, 
330, 0, 31813, 30500, 29941, 28629, 27873, 27856, 27844, 27835, 27831, 27830, 27833, 27840, 27851, 27866, 27884, 27906, 27933, 27963, 27996, 
31156, 31813, 0, 989, 1550, 2869, 3737, 3853, 3991, 4149, 4325, 4518, 4724, 4943, 5173, 5413, 5661, 5917, 6180, 6448, 6722, 
29843, 30500, 989, 0, 231, 1550, 2516, 2680, 2869, 3080, 3308, 3551, 3806, 4071, 4344, 4624, 4910, 5201, 5496, 5794, 6096, 
29285, 29941, 1550, 231, 0, 989, 2030, 2225, 2445, 2685, 2941, 3210, 3487, 3773, 4065, 4361, 4662, 4967, 5274, 5584, 5895, 
27972, 28629, 2869, 1550, 989, 0, 1115, 1415, 1724, 2039, 2357, 2678, 3001, 3324, 3649, 3975, 4301, 4627, 4954, 5282, 5609, 
27214, 27873, 3737, 2516, 2030, 1115, 0, 0, 330, 659, 989, 1319, 1649, 1978, 2308, 2638, 2968, 3297, 3627, 3957, 4287, 
27197, 27856, 3853, 2680, 2225, 1415, 0, 0, 0, 330, 659, 989, 1319, 1649, 1978, 2308, 2638, 2968, 3297, 3627, 3957, 
27185, 27844, 3991, 2869, 2445, 1724, 330, 0, 0, 0, 330, 659, 989, 1319, 1649, 1978, 2308, 2638, 2968, 3297, 3627, 
27176, 27835, 4149, 3080, 2685, 2039, 659, 330, 0, 0, 0, 330, 659, 989, 1319, 1649, 1978, 2308, 2638, 2968, 3297, 
27171, 27831, 4325, 3308, 2941, 2357, 989, 659, 330, 0, 0, 0, 330, 659, 989, 1319, 1649, 1978, 2308, 2638, 2968, 
27171, 27830, 4518, 3551, 3210, 2678, 1319, 989, 659, 330, 0, 0, 0, 330, 659, 989, 1319, 1649, 1978, 2308, 2638, 
27174, 27833, 4724, 3806, 3487, 3001, 1649, 1319, 989, 659, 330, 0, 0, 0, 330, 659, 989, 1319, 1649, 1978, 2308, 
27181, 27840, 4943, 4071, 3773, 3324, 1978, 1649, 1319, 989, 659, 330, 0, 0, 0, 330, 659, 989, 1319, 1649, 1978, 
27192, 27851, 5173, 4344, 4065, 3649, 2308, 1978, 1649, 1319, 989, 659, 330, 0, 0, 0, 330, 659, 989, 1319, 1649, 
27207, 27866, 5413, 4624, 4361, 3975, 2638, 2308, 1978, 1649, 1319, 989, 659, 330, 0, 0, 0, 330, 659, 989, 1319, 
27226, 27884, 5661, 4910, 4662, 4301, 2968, 2638, 2308, 1978, 1649, 1319, 989, 659, 330, 0, 0, 0, 330, 659, 989, 
27249, 27906, 5917, 5201, 4967, 4627, 3297, 2968, 2638, 2308, 1978, 1649, 1319, 989, 659, 330, 0, 0, 0, 330, 659, 
27276, 27933, 6180, 5496, 5274, 4954, 3627, 3297, 2968, 2638, 2308, 1978, 1649, 1319, 989, 659, 330, 0, 0, 0, 330, 
27306, 27963, 6448, 5794, 5584, 5282, 3957, 3627, 3297, 2968, 2638, 2308, 1978, 1649, 1319, 989, 659, 330, 0, 0, 0, 
27341, 27996, 6722, 6096, 5895, 5609, 4287, 3957, 3627, 3297, 2968, 2638, 2308, 1978, 1649, 1319, 989, 659, 330, 0, 0, 
Optimal total distance (scaled) for 21 points: 62244
Optimal total distance for 21 points: 532.815040
Corresponding path (0-indexed):
Point #20
Point #1
Point #0
Point #5
Point #4
Point #3
Point #2
Point #6
Point #7
Point #8
Point #9
Point #10
Point #11
Point #12
Point #13
Point #14
Point #15
Point #16
Point #17
Point #18
Point #19
Point #20
Execution time: 169 ms

Elapsed time: 169 ms


Execution #2/10000

Seed: 2
Estimated max possible cost 537.159061
for path: 
0 1 2 3 4 5 6 7 8 9 10 11 12 13 14 15 16 17 18 19 20 0
Execution time: 170 ms

Elapsed time: 339 ms


Execution #3/10000

Seed: 3
Estimated max possible cost 537.159061
for path: 
0 1 2 3 4 5 6 7 8 9 10 11 12 13 14 15 16 17 18 19 20 0
Execution time: 179 ms

Elapsed time: 518 ms


Execution #4/10000

Seed: 4
Estimated max possible cost 537.159061
for path: 
0 1 2 3 4 5 6 7 8 9 10 11 12 13 14 15 16 17 18 19 20 0
Execution time: 190 ms

Elapsed time: 708 ms


Execution #5/10000

Seed: 5
Estimated max possible cost 537.159061
for path: 
0 1 2 3 4 5 6 7 8 9 10 11 12 13 14 15 16 17 18 19 20 0
Execution time: 185 ms

Elapsed time: 893 ms


Execution #6/10000

Seed: 6
Estimated max possible cost 537.159061
for path: 
0 1 2 3 4 5 6 7 8 9 10 11 12 13 14 15 16 17 18 19 20 0
Execution time: 172 ms

Elapsed time: 1065 ms


Execution #7/10000

Seed: 7
Estimated max possible cost 537.159061
for path: 
0 1 2 3 4 5 6 7 8 9 10 11 12 13 14 15 16 17 18 19 20 0
Execution time: 191 ms

Elapsed time: 1256 ms


Execution #8/10000

Seed: 8
Estimated max possible cost 537.159061
for path: 
0 1 2 3 4 5 6 7 8 9 10 11 12 13 14 15 16 17 18 19 20 0
Execution time: 186 ms

Elapsed time: 1442 ms


Execution #9/10000

Seed: 9
Estimated max possible cost 537.159061
for path: 
0 1 2 3 4 5 6 7 8 9 10 11 12 13 14 15 16 17 18 19 20 0
Execution time: 190 ms

Elapsed time: 1632 ms


Execution #10/10000

Seed: 10
Estimated max possible cost 537.159061
for path: 
0 1 2 3 4 5 6 7 8 9 10 11 12 13 14 15 16 17 18 19 20 0
Execution time: 184 ms

Elapsed time: 1816 ms


Execution #11/10000

Seed: 11
Estimated max possible cost 537.159061
for path: 
0 1 2 3 4 5 6 7 8 9 10 11 12 13 14 15 16 17 18 19 20 0
Execution time: 188 ms

Elapsed time: 2004 ms


Execution #12/10000

Seed: 12
Estimated max possible cost 537.159061
for path: 
0 1 2 3 4 5 6 7 8 9 10 11 12 13 14 15 16 17 18 19 20 0
Execution time: 187 ms

Elapsed time: 2191 ms


Execution #13/10000

Seed: 13
Estimated max possible cost 537.159061
for path: 
0 1 2 3 4 5 6 7 8 9 10 11 12 13 14 15 16 17 18 19 20 0
Execution time: 185 ms

Elapsed time: 2376 ms


Execution #14/10000

Seed: 14
Estimated max possible cost 537.159061
for path: 
0 1 2 3 4 5 6 7 8 9 10 11 12 13 14 15 16 17 18 19 20 0
Execution time: 190 ms

Elapsed time: 2566 ms


Execution #15/10000

Seed: 15
Estimated max possible cost 537.159061
for path: 
0 1 2 3 4 5 6 7 8 9 10 11 12 13 14 15 16 17 18 19 20 0
Execution time: 185 ms

Elapsed time: 2751 ms


Execution #16/10000

Seed: 16
Estimated max possible cost 537.159061
for path: 
0 1 2 3 4 5 6 7 8 9 10 11 12 13 14 15 16 17 18 19 20 0
Execution time: 188 ms

Elapsed time: 2939 ms


Execution #17/10000

Seed: 17
Estimated max possible cost 537.159061
for path: 
0 1 2 3 4 5 6 7 8 9 10 11 12 13 14 15 16 17 18 19 20 0
Execution time: 186 ms

Elapsed time: 3125 ms


Execution #18/10000

Seed: 18
Estimated max possible cost 537.159061
for path: 
0 1 2 3 4 5 6 7 8 9 10 11 12 13 14 15 16 17 18 19 20 0
Execution time: 191 ms

Elapsed time: 3316 ms


Execution #19/10000

Seed: 19
Estimated max possible cost 537.159061
for path: 
0 1 2 3 4 5 6 7 8 9 10 11 12 13 14 15 16 17 18 19 20 0
Execution time: 190 ms

Elapsed time: 3506 ms


Execution #20/10000

Seed: 20
Estimated max possible cost 537.159061
for path: 
0 1 2 3 4 5 6 7 8 9 10 11 12 13 14 15 16 17 18 19 20 0
Execution time: 184 ms

Elapsed time: 3690 ms


Execution #21/10000

Seed: 21
Estimated max possible cost 537.159061
for path: 
0 1 2 3 4 5 6 7 8 9 10 11 12 13 14 15 16 17 18 19 20 0
Execution time: 188 ms

Elapsed time: 3878 ms


Execution #22/10000

Seed: 22
Estimated max possible cost 537.159061
for path: 
0 1 2 3 4 5 6 7 8 9 10 11 12 13 14 15 16 17 18 19 20 0
Execution time: 186 ms

Elapsed time: 4064 ms


Execution #23/10000

Seed: 23
Estimated max possible cost 537.159061
for path: 
0 1 2 3 4 5 6 7 8 9 10 11 12 13 14 15 16 17 18 19 20 0
Execution time: 185 ms

Elapsed time: 4249 ms


Execution #24/10000

Seed: 24
Estimated max possible cost 537.159061
for path: 
0 1 2 3 4 5 6 7 8 9 10 11 12 13 14 15 16 17 18 19 20 0
Execution time: 189 ms

Elapsed time: 4438 ms


Execution #25/10000

Seed: 25
Estimated max possible cost 537.159061
for path: 
0 1 2 3 4 5 6 7 8 9 10 11 12 13 14 15 16 17 18 19 20 0
Execution time: 184 ms

Elapsed time: 4622 ms


Execution #26/10000

Seed: 26
Estimated max possible cost 537.159061
for path: 
0 1 2 3 4 5 6 7 8 9 10 11 12 13 14 15 16 17 18 19 20 0
Execution time: 187 ms

Elapsed time: 4809 ms


Execution #27/10000

Seed: 27
Estimated max possible cost 537.159061
for path: 
0 1 2 3 4 5 6 7 8 9 10 11 12 13 14 15 16 17 18 19 20 0
Execution time: 186 ms

Elapsed time: 4995 ms


Execution #28/10000

Seed: 28
Estimated max possible cost 537.159061
for path: 
0 1 2 3 4 5 6 7 8 9 10 11 12 13 14 15 16 17 18 19 20 0
Execution time: 176 ms

Elapsed time: 5171 ms


Execution #29/10000

Seed: 29
Estimated max possible cost 537.159061
for path: 
0 1 2 3 4 5 6 7 8 9 10 11 12 13 14 15 16 17 18 19 20 0
Execution time: 198 ms

Elapsed time: 5369 ms


Execution #30/10000

Seed: 30
Estimated max possible cost 537.159061
for path: 
0 1 2 3 4 5 6 7 8 9 10 11 12 13 14 15 16 17 18 19 20 0
Execution time: 187 ms

Elapsed time: 5556 ms


Execution #31/10000

Seed: 31
Estimated max possible cost 537.159061
for path: 
0 1 2 3 4 5 6 7 8 9 10 11 12 13 14 15 16 17 18 19 20 0
Execution time: 189 ms

Elapsed time: 5745 ms


Execution #32/10000

Seed: 32
Estimated max possible cost 537.159061
for path: 
0 1 2 3 4 5 6 7 8 9 10 11 12 13 14 15 16 17 18 19 20 0
Execution time: 181 ms

Elapsed time: 5926 ms


Execution #33/10000

Seed: 33
Estimated max possible cost 537.159061
for path: 
0 1 2 3 4 5 6 7 8 9 10 11 12 13 14 15 16 17 18 19 20 0
Execution time: 153 ms

Elapsed time: 6079 ms


Execution #34/10000

Seed: 34
Estimated max possible cost 537.159061
for path: 
0 1 2 3 4 5 6 7 8 9 10 11 12 13 14 15 16 17 18 19 20 0
Execution time: 191 ms

Elapsed time: 6270 ms


Execution #35/10000

Seed: 35
Estimated max possible cost 537.159061
for path: 
0 1 2 3 4 5 6 7 8 9 10 11 12 13 14 15 16 17 18 19 20 0
Execution time: 185 ms

Elapsed time: 6455 ms


Execution #36/10000

Seed: 36
Estimated max possible cost 537.159061
for path: 
0 1 2 3 4 5 6 7 8 9 10 11 12 13 14 15 16 17 18 19 20 0
Execution time: 188 ms

Elapsed time: 6643 ms


Execution #37/10000

Seed: 37
Estimated max possible cost 537.159061
for path: 
0 1 2 3 4 5 6 7 8 9 10 11 12 13 14 15 16 17 18 19 20 0
Execution time: 186 ms

Elapsed time: 6829 ms


Execution #38/10000

Seed: 38
Estimated max possible cost 537.159061
for path: 
0 1 2 3 4 5 6 7 8 9 10 11 12 13 14 15 16 17 18 19 20 0
Execution time: 185 ms

Elapsed time: 7014 ms


Execution #39/10000

Seed: 39
Estimated max possible cost 537.159061
for path: 
0 1 2 3 4 5 6 7 8 9 10 11 12 13 14 15 16 17 18 19 20 0
Execution time: 190 ms

Elapsed time: 7204 ms


Execution #40/10000

Seed: 40
Estimated max possible cost 537.159061
for path: 
0 1 2 3 4 5 6 7 8 9 10 11 12 13 14 15 16 17 18 19 20 0
Execution time: 114 ms

Elapsed time: 7318 ms


Execution #41/10000

Seed: 41
Estimated max possible cost 537.159061
for path: 
0 1 2 3 4 5 6 7 8 9 10 11 12 13 14 15 16 17 18 19 20 0
Execution time: 111 ms

Elapsed time: 7429 ms


Execution #42/10000

Seed: 42
Estimated max possible cost 537.159061
for path: 
0 1 2 3 4 5 6 7 8 9 10 11 12 13 14 15 16 17 18 19 20 0
Execution time: 130 ms

Elapsed time: 7559 ms


Execution #43/10000

Seed: 43
Estimated max possible cost 537.159061
for path: 
0 1 2 3 4 5 6 7 8 9 10 11 12 13 14 15 16 17 18 19 20 0
Execution time: 185 ms

Elapsed time: 7744 ms


Execution #44/10000

Seed: 44
Estimated max possible cost 537.159061
for path: 
0 1 2 3 4 5 6 7 8 9 10 11 12 13 14 15 16 17 18 19 20 0
Execution time: 189 ms

Elapsed time: 7933 ms


Execution #45/10000

Seed: 45
Estimated max possible cost 537.159061
for path: 
0 1 2 3 4 5 6 7 8 9 10 11 12 13 14 15 16 17 18 19 20 0
Execution time: 185 ms

Elapsed time: 8118 ms


Execution #46/10000

Seed: 46
Estimated max possible cost 537.159061
for path: 
0 1 2 3 4 5 6 7 8 9 10 11 12 13 14 15 16 17 18 19 20 0
Execution time: 188 ms

Elapsed time: 8306 ms


Execution #47/10000

Seed: 47
Estimated max possible cost 537.159061
for path: 
0 1 2 3 4 5 6 7 8 9 10 11 12 13 14 15 16 17 18 19 20 0
Execution time: 187 ms

Elapsed time: 8493 ms


Execution #48/10000

Seed: 48
Estimated max possible cost 537.159061
for path: 
0 1 2 3 4 5 6 7 8 9 10 11 12 13 14 15 16 17 18 19 20 0
Execution time: 185 ms

Elapsed time: 8678 ms


Execution #49/10000

Seed: 49
Estimated max possible cost 537.159061
for path: 
0 1 2 3 4 5 6 7 8 9 10 11 12 13 14 15 16 17 18 19 20 0
Execution time: 190 ms

Elapsed time: 8868 ms


Execution #50/10000

Seed: 50
Estimated max possible cost 537.159061
for path: 
0 1 2 3 4 5 6 7 8 9 10 11 12 13 14 15 16 17 18 19 20 0
Execution time: 185 ms

Elapsed time: 9053 ms


Execution #51/10000

Seed: 51
Estimated max possible cost 537.159061
for path: 
0 1 2 3 4 5 6 7 8 9 10 11 12 13 14 15 16 17 18 19 20 0
Execution time: 186 ms

Elapsed time: 9239 ms


Execution #52/10000

Seed: 52
Estimated max possible cost 537.159061
for path: 
0 1 2 3 4 5 6 7 8 9 10 11 12 13 14 15 16 17 18 19 20 0
Execution time: 186 ms

Elapsed time: 9425 ms


Execution #53/10000

Seed: 53
Estimated max possible cost 537.159061
for path: 
0 1 2 3 4 5 6 7 8 9 10 11 12 13 14 15 16 17 18 19 20 0
Execution time: 184 ms

Elapsed time: 9609 ms


Execution #54/10000

Seed: 54
Estimated max possible cost 537.159061
for path: 
0 1 2 3 4 5 6 7 8 9 10 11 12 13 14 15 16 17 18 19 20 0
Execution time: 188 ms

Elapsed time: 9797 ms


Execution #55/10000

Seed: 55
Estimated max possible cost 537.159061
for path: 
0 1 2 3 4 5 6 7 8 9 10 11 12 13 14 15 16 17 18 19 20 0
Execution time: 185 ms

Elapsed time: 9982 ms


Execution #56/10000

Seed: 56
Estimated max possible cost 537.159061
for path: 
0 1 2 3 4 5 6 7 8 9 10 11 12 13 14 15 16 17 18 19 20 0
Execution time: 186 ms

Elapsed time: 10168 ms


Execution #57/10000

Seed: 57
Estimated max possible cost 537.159061
for path: 
0 1 2 3 4 5 6 7 8 9 10 11 12 13 14 15 16 17 18 19 20 0
Execution time: 187 ms

Elapsed time: 10355 ms


Execution #58/10000

Seed: 58
Estimated max possible cost 537.159061
for path: 
0 1 2 3 4 5 6 7 8 9 10 11 12 13 14 15 16 17 18 19 20 0
Execution time: 185 ms

Elapsed time: 10540 ms


Execution #59/10000

Seed: 59
Estimated max possible cost 537.159061
for path: 
0 1 2 3 4 5 6 7 8 9 10 11 12 13 14 15 16 17 18 19 20 0
Execution time: 188 ms

Elapsed time: 10728 ms


Execution #60/10000

Seed: 60
Estimated max possible cost 537.159061
for path: 
0 1 2 3 4 5 6 7 8 9 10 11 12 13 14 15 16 17 18 19 20 0
Execution time: 185 ms

Elapsed time: 10913 ms


Execution #61/10000

Seed: 61
Estimated max possible cost 537.159061
for path: 
0 1 2 3 4 5 6 7 8 9 10 11 12 13 14 15 16 17 18 19 20 0
Execution time: 186 ms

Elapsed time: 11099 ms


Execution #62/10000

Seed: 62
Estimated max possible cost 537.159061
for path: 
0 1 2 3 4 5 6 7 8 9 10 11 12 13 14 15 16 17 18 19 20 0
Execution time: 188 ms

Elapsed time: 11287 ms


Execution #63/10000

Seed: 63
Estimated max possible cost 537.159061
for path: 
0 1 2 3 4 5 6 7 8 9 10 11 12 13 14 15 16 17 18 19 20 0
Execution time: 184 ms

Elapsed time: 11471 ms


Execution #64/10000

Seed: 64
Estimated max possible cost 537.159061
for path: 
0 1 2 3 4 5 6 7 8 9 10 11 12 13 14 15 16 17 18 19 20 0
Execution time: 188 ms

Elapsed time: 11659 ms


Execution #65/10000

Seed: 65
Estimated max possible cost 537.159061
for path: 
0 1 2 3 4 5 6 7 8 9 10 11 12 13 14 15 16 17 18 19 20 0
Execution time: 185 ms

Elapsed time: 11844 ms


Execution #66/10000

Seed: 66
Estimated max possible cost 537.159061
for path: 
0 1 2 3 4 5 6 7 8 9 10 11 12 13 14 15 16 17 18 19 20 0
Execution time: 184 ms

Elapsed time: 12028 ms


Execution #67/10000

Seed: 67
Estimated max possible cost 537.159061
for path: 
0 1 2 3 4 5 6 7 8 9 10 11 12 13 14 15 16 17 18 19 20 0
Execution time: 190 ms

Elapsed time: 12218 ms


Execution #68/10000

Seed: 68
Estimated max possible cost 537.159061
for path: 
0 1 2 3 4 5 6 7 8 9 10 11 12 13 14 15 16 17 18 19 20 0
Execution time: 185 ms

Elapsed time: 12403 ms


Execution #69/10000

Seed: 69
Estimated max possible cost 537.159061
for path: 
0 1 2 3 4 5 6 7 8 9 10 11 12 13 14 15 16 17 18 19 20 0
Execution time: 188 ms

Elapsed time: 12591 ms


Execution #70/10000

Seed: 70
Estimated max possible cost 537.159061
for path: 
0 1 2 3 4 5 6 7 8 9 10 11 12 13 14 15 16 17 18 19 20 0
Execution time: 185 ms

Elapsed time: 12776 ms


Execution #71/10000

Seed: 71
Estimated max possible cost 537.159061
for path: 
0 1 2 3 4 5 6 7 8 9 10 11 12 13 14 15 16 17 18 19 20 0
Execution time: 184 ms

Elapsed time: 12960 ms


Execution #72/10000

Seed: 72
Estimated max possible cost 537.159061
for path: 
0 1 2 3 4 5 6 7 8 9 10 11 12 13 14 15 16 17 18 19 20 0
Execution time: 191 ms

Elapsed time: 13151 ms


Execution #73/10000

Seed: 73
Estimated max possible cost 537.159061
for path: 
0 1 2 3 4 5 6 7 8 9 10 11 12 13 14 15 16 17 18 19 20 0
Execution time: 175 ms

Elapsed time: 13326 ms


Execution #74/10000

Seed: 74
Estimated max possible cost 537.159061
for path: 
0 1 2 3 4 5 6 7 8 9 10 11 12 13 14 15 16 17 18 19 20 0
Execution time: 189 ms

Elapsed time: 13515 ms


Execution #75/10000

Seed: 75
Estimated max possible cost 537.159061
for path: 
0 1 2 3 4 5 6 7 8 9 10 11 12 13 14 15 16 17 18 19 20 0
Execution time: 187 ms

Elapsed time: 13702 ms


Execution #76/10000

Seed: 76
Estimated max possible cost 537.159061
for path: 
0 1 2 3 4 5 6 7 8 9 10 11 12 13 14 15 16 17 18 19 20 0
Execution time: 186 ms

Elapsed time: 13888 ms


Execution #77/10000

Seed: 77
Estimated max possible cost 537.159061
for path: 
0 1 2 3 4 5 6 7 8 9 10 11 12 13 14 15 16 17 18 19 20 0
Execution time: 190 ms

Elapsed time: 14078 ms


Execution #78/10000

Seed: 78
Estimated max possible cost 537.159061
for path: 
0 1 2 3 4 5 6 7 8 9 10 11 12 13 14 15 16 17 18 19 20 0
Execution time: 186 ms

Elapsed time: 14264 ms


Execution #79/10000

Seed: 79
Estimated max possible cost 537.159061
for path: 
0 1 2 3 4 5 6 7 8 9 10 11 12 13 14 15 16 17 18 19 20 0
Execution time: 189 ms

Elapsed time: 14453 ms


Execution #80/10000

Seed: 80
Estimated max possible cost 537.159061
for path: 
0 1 2 3 4 5 6 7 8 9 10 11 12 13 14 15 16 17 18 19 20 0
Execution time: 187 ms

Elapsed time: 14640 ms


Execution #81/10000

Seed: 81
Estimated max possible cost 537.159061
for path: 
0 1 2 3 4 5 6 7 8 9 10 11 12 13 14 15 16 17 18 19 20 0
Execution time: 187 ms

Elapsed time: 14827 ms


Execution #82/10000

Seed: 82
Estimated max possible cost 537.159061
for path: 
0 1 2 3 4 5 6 7 8 9 10 11 12 13 14 15 16 17 18 19 20 0
Execution time: 189 ms

Elapsed time: 15016 ms


Execution #83/10000

Seed: 83
Estimated max possible cost 537.159061
for path: 
0 1 2 3 4 5 6 7 8 9 10 11 12 13 14 15 16 17 18 19 20 0
Execution time: 186 ms

Elapsed time: 15202 ms


Execution #84/10000

Seed: 84
Estimated max possible cost 537.159061
for path: 
0 1 2 3 4 5 6 7 8 9 10 11 12 13 14 15 16 17 18 19 20 0
Execution time: 153 ms

Elapsed time: 15355 ms


Execution #85/10000

Seed: 85
Estimated max possible cost 537.159061
for path: 
0 1 2 3 4 5 6 7 8 9 10 11 12 13 14 15 16 17 18 19 20 0
Execution time: 114 ms

Elapsed time: 15469 ms


Execution #86/10000

Seed: 86
Estimated max possible cost 537.159061
for path: 
0 1 2 3 4 5 6 7 8 9 10 11 12 13 14 15 16 17 18 19 20 0
Execution time: 187 ms

Elapsed time: 15656 ms


Execution #87/10000

Seed: 87
Estimated max possible cost 537.159061
for path: 
0 1 2 3 4 5 6 7 8 9 10 11 12 13 14 15 16 17 18 19 20 0
Execution time: 182 ms

Elapsed time: 15838 ms


Execution #88/10000

Seed: 88
Estimated max possible cost 537.159061
for path: 
0 1 2 3 4 5 6 7 8 9 10 11 12 13 14 15 16 17 18 19 20 0
Execution time: 140 ms

Elapsed time: 15978 ms


Execution #89/10000

Seed: 89
Estimated max possible cost 537.159061
for path: 
0 1 2 3 4 5 6 7 8 9 10 11 12 13 14 15 16 17 18 19 20 0
Execution time: 189 ms

Elapsed time: 16167 ms


Execution #90/10000

Seed: 90
Estimated max possible cost 537.159061
for path: 
0 1 2 3 4 5 6 7 8 9 10 11 12 13 14 15 16 17 18 19 20 0
Execution time: 185 ms

Elapsed time: 16352 ms


Execution #91/10000

Seed: 91
Estimated max possible cost 537.159061
for path: 
0 1 2 3 4 5 6 7 8 9 10 11 12 13 14 15 16 17 18 19 20 0
Execution time: 186 ms

Elapsed time: 16538 ms


Execution #92/10000

Seed: 92
Estimated max possible cost 537.159061
for path: 
0 1 2 3 4 5 6 7 8 9 10 11 12 13 14 15 16 17 18 19 20 0
Execution time: 187 ms

Elapsed time: 16725 ms


Execution #93/10000

Seed: 93
Estimated max possible cost 537.159061
for path: 
0 1 2 3 4 5 6 7 8 9 10 11 12 13 14 15 16 17 18 19 20 0
Execution time: 185 ms

Elapsed time: 16910 ms


Execution #94/10000

Seed: 94
Estimated max possible cost 537.159061
for path: 
0 1 2 3 4 5 6 7 8 9 10 11 12 13 14 15 16 17 18 19 20 0
Execution time: 189 ms

Elapsed time: 17099 ms


Execution #95/10000

Seed: 95
Estimated max possible cost 537.159061
for path: 
0 1 2 3 4 5 6 7 8 9 10 11 12 13 14 15 16 17 18 19 20 0
Execution time: 184 ms

Elapsed time: 17283 ms


Execution #96/10000

Seed: 96
Estimated max possible cost 537.159061
for path: 
0 1 2 3 4 5 6 7 8 9 10 11 12 13 14 15 16 17 18 19 20 0
Execution time: 186 ms

Elapsed time: 17469 ms


Execution #97/10000

Seed: 97
Estimated max possible cost 537.159061
for path: 
0 1 2 3 4 5 6 7 8 9 10 11 12 13 14 15 16 17 18 19 20 0
Execution time: 187 ms

Elapsed time: 17656 ms


Execution #98/10000

Seed: 98
Estimated max possible cost 537.159061
for path: 
0 1 2 3 4 5 6 7 8 9 10 11 12 13 14 15 16 17 18 19 20 0
Execution time: 113 ms

Elapsed time: 17769 ms


Execution #99/10000

Seed: 99
Estimated max possible cost 537.159061
for path: 
0 1 2 3 4 5 6 7 8 9 10 11 12 13 14 15 16 17 18 19 20 0
Execution time: 111 ms

Elapsed time: 17880 ms


Execution #100/10000

Seed: 100
Estimated max possible cost 537.159061
for path: 
0 1 2 3 4 5 6 7 8 9 10 11 12 13 14 15 16 17 18 19 20 0
Execution time: 148 ms

Elapsed time: 18028 ms


Execution #101/10000

Seed: 101
Estimated max possible cost 537.159061
for path: 
0 1 2 3 4 5 6 7 8 9 10 11 12 13 14 15 16 17 18 19 20 0
Execution time: 187 ms

Elapsed time: 18215 ms


Execution #102/10000

Seed: 102
Estimated max possible cost 537.159061
for path: 
0 1 2 3 4 5 6 7 8 9 10 11 12 13 14 15 16 17 18 19 20 0
Execution time: 187 ms

Elapsed time: 18402 ms


Execution #103/10000

Seed: 103
Estimated max possible cost 537.159061
for path: 
0 1 2 3 4 5 6 7 8 9 10 11 12 13 14 15 16 17 18 19 20 0
Execution time: 185 ms

Elapsed time: 18587 ms


Execution #104/10000

Seed: 104
Estimated max possible cost 537.159061
for path: 
0 1 2 3 4 5 6 7 8 9 10 11 12 13 14 15 16 17 18 19 20 0
Execution time: 189 ms

Elapsed time: 18776 ms


Execution #105/10000

Seed: 105
Estimated max possible cost 537.159061
for path: 
0 1 2 3 4 5 6 7 8 9 10 11 12 13 14 15 16 17 18 19 20 0
Execution time: 185 ms

Elapsed time: 18961 ms


Execution #106/10000

Seed: 106
Estimated max possible cost 537.159061
for path: 
0 1 2 3 4 5 6 7 8 9 10 11 12 13 14 15 16 17 18 19 20 0
Execution time: 187 ms

Elapsed time: 19148 ms


Execution #107/10000

Seed: 107
Estimated max possible cost 537.159061
for path: 
0 1 2 3 4 5 6 7 8 9 10 11 12 13 14 15 16 17 18 19 20 0
Execution time: 187 ms

Elapsed time: 19335 ms


Execution #108/10000

Seed: 108
Estimated max possible cost 537.159061
for path: 
0 1 2 3 4 5 6 7 8 9 10 11 12 13 14 15 16 17 18 19 20 0
Execution time: 184 ms

Elapsed time: 19519 ms


Execution #109/10000

Seed: 109
Estimated max possible cost 537.159061
for path: 
0 1 2 3 4 5 6 7 8 9 10 11 12 13 14 15 16 17 18 19 20 0
Execution time: 189 ms

Elapsed time: 19708 ms


Execution #110/10000

Seed: 110
Estimated max possible cost 537.159061
for path: 
0 1 2 3 4 5 6 7 8 9 10 11 12 13 14 15 16 17 18 19 20 0
Execution time: 184 ms

Elapsed time: 19892 ms


Execution #111/10000

Seed: 111
Estimated max possible cost 537.159061
for path: 
0 1 2 3 4 5 6 7 8 9 10 11 12 13 14 15 16 17 18 19 20 0
Execution time: 186 ms

Elapsed time: 20078 ms


Execution #112/10000

Seed: 112
Estimated max possible cost 537.159061
for path: 
0 1 2 3 4 5 6 7 8 9 10 11 12 13 14 15 16 17 18 19 20 0
Execution time: 166 ms

Elapsed time: 20244 ms


Execution #113/10000

Seed: 113
Estimated max possible cost 537.159061
for path: 
0 1 2 3 4 5 6 7 8 9 10 11 12 13 14 15 16 17 18 19 20 0
Execution time: 118 ms

Elapsed time: 20362 ms


Execution #114/10000

Seed: 114
Estimated max possible cost 537.159061
for path: 
0 1 2 3 4 5 6 7 8 9 10 11 12 13 14 15 16 17 18 19 20 0
Execution time: 111 ms

Elapsed time: 20473 ms


Execution #115/10000

Seed: 115
Estimated max possible cost 537.159061
for path: 
0 1 2 3 4 5 6 7 8 9 10 11 12 13 14 15 16 17 18 19 20 0
Execution time: 111 ms

Elapsed time: 20584 ms


Execution #116/10000

Seed: 116
Estimated max possible cost 537.159061
for path: 
0 1 2 3 4 5 6 7 8 9 10 11 12 13 14 15 16 17 18 19 20 0
Execution time: 111 ms

Elapsed time: 20695 ms


Execution #117/10000

Seed: 117
Estimated max possible cost 537.159061
for path: 
0 1 2 3 4 5 6 7 8 9 10 11 12 13 14 15 16 17 18 19 20 0
Execution time: 111 ms

Elapsed time: 20806 ms


Execution #118/10000

Seed: 118
Estimated max possible cost 537.159061
for path: 
0 1 2 3 4 5 6 7 8 9 10 11 12 13 14 15 16 17 18 19 20 0
Execution time: 111 ms

Elapsed time: 20917 ms


Execution #119/10000

Seed: 119
Estimated max possible cost 537.159061
for path: 
0 1 2 3 4 5 6 7 8 9 10 11 12 13 14 15 16 17 18 19 20 0
Execution time: 163 ms

Elapsed time: 21080 ms


Execution #120/10000

Seed: 120
Estimated max possible cost 537.159061
for path: 
0 1 2 3 4 5 6 7 8 9 10 11 12 13 14 15 16 17 18 19 20 0
Execution time: 186 ms

Elapsed time: 21266 ms


Execution #121/10000

Seed: 121
Estimated max possible cost 537.159061
for path: 
0 1 2 3 4 5 6 7 8 9 10 11 12 13 14 15 16 17 18 19 20 0
Execution time: 125 ms

Elapsed time: 21391 ms


Execution #122/10000

Seed: 122
Estimated max possible cost 537.159061
for path: 
0 1 2 3 4 5 6 7 8 9 10 11 12 13 14 15 16 17 18 19 20 0
Execution time: 110 ms

Elapsed time: 21501 ms


Execution #123/10000

Seed: 123
Estimated max possible cost 537.159061
for path: 
0 1 2 3 4 5 6 7 8 9 10 11 12 13 14 15 16 17 18 19 20 0
Execution time: 112 ms

Elapsed time: 21613 ms


Execution #124/10000

Seed: 124
Estimated max possible cost 537.159061
for path: 
0 1 2 3 4 5 6 7 8 9 10 11 12 13 14 15 16 17 18 19 20 0
Execution time: 167 ms

Elapsed time: 21780 ms


Execution #125/10000

Seed: 125
Estimated max possible cost 537.159061
for path: 
0 1 2 3 4 5 6 7 8 9 10 11 12 13 14 15 16 17 18 19 20 0
Execution time: 166 ms

Elapsed time: 21946 ms


Execution #126/10000

Seed: 126
Estimated max possible cost 537.159061
for path: 
0 1 2 3 4 5 6 7 8 9 10 11 12 13 14 15 16 17 18 19 20 0
Execution time: 131 ms

Elapsed time: 22077 ms


Execution #127/10000

Seed: 127
Estimated max possible cost 537.159061
for path: 
0 1 2 3 4 5 6 7 8 9 10 11 12 13 14 15 16 17 18 19 20 0
Execution time: 110 ms

Elapsed time: 22187 ms


Execution #128/10000

Seed: 128
Estimated max possible cost 537.159061
for path: 
0 1 2 3 4 5 6 7 8 9 10 11 12 13 14 15 16 17 18 19 20 0
Execution time: 112 ms

Elapsed time: 22299 ms


Execution #129/10000

Seed: 129
Estimated max possible cost 537.159061
for path: 
0 1 2 3 4 5 6 7 8 9 10 11 12 13 14 15 16 17 18 19 20 0
Execution time: 112 ms

Elapsed time: 22411 ms


Execution #130/10000

Seed: 130
Estimated max possible cost 537.159061
for path: 
0 1 2 3 4 5 6 7 8 9 10 11 12 13 14 15 16 17 18 19 20 0
Execution time: 112 ms

Elapsed time: 22523 ms


Execution #131/10000

Seed: 131
Estimated max possible cost 537.159061
for path: 
0 1 2 3 4 5 6 7 8 9 10 11 12 13 14 15 16 17 18 19 20 0
Execution time: 111 ms

Elapsed time: 22634 ms


Execution #132/10000

Seed: 132
Estimated max possible cost 537.159061
for path: 
0 1 2 3 4 5 6 7 8 9 10 11 12 13 14 15 16 17 18 19 20 0
Execution time: 111 ms

Elapsed time: 22745 ms


Execution #133/10000

Seed: 133
Estimated max possible cost 537.159061
for path: 
0 1 2 3 4 5 6 7 8 9 10 11 12 13 14 15 16 17 18 19 20 0
Execution time: 112 ms

Elapsed time: 22857 ms


Execution #134/10000

Seed: 134
Estimated max possible cost 537.159061
for path: 
0 1 2 3 4 5 6 7 8 9 10 11 12 13 14 15 16 17 18 19 20 0
Execution time: 111 ms

Elapsed time: 22968 ms


Execution #135/10000

Seed: 135
Estimated max possible cost 537.159061
for path: 
0 1 2 3 4 5 6 7 8 9 10 11 12 13 14 15 16 17 18 19 20 0
Execution time: 152 ms

Elapsed time: 23120 ms


Execution #136/10000

Seed: 136
Estimated max possible cost 537.159061
for path: 
0 1 2 3 4 5 6 7 8 9 10 11 12 13 14 15 16 17 18 19 20 0
Execution time: 186 ms

Elapsed time: 23306 ms


Execution #137/10000

Seed: 137
Estimated max possible cost 537.159061
for path: 
0 1 2 3 4 5 6 7 8 9 10 11 12 13 14 15 16 17 18 19 20 0
Execution time: 126 ms

Elapsed time: 23432 ms


Execution #138/10000

Seed: 138
Estimated max possible cost 537.159061
for path: 
0 1 2 3 4 5 6 7 8 9 10 11 12 13 14 15 16 17 18 19 20 0
Execution time: 117 ms

Elapsed time: 23549 ms


Execution #139/10000

Seed: 139
Estimated max possible cost 537.159061
for path: 
0 1 2 3 4 5 6 7 8 9 10 11 12 13 14 15 16 17 18 19 20 0
Execution time: 189 ms

Elapsed time: 23738 ms


Execution #140/10000

Seed: 140
Estimated max possible cost 537.159061
for path: 
0 1 2 3 4 5 6 7 8 9 10 11 12 13 14 15 16 17 18 19 20 0
Execution time: 149 ms

Elapsed time: 23887 ms


Execution #141/10000

Seed: 141
Estimated max possible cost 537.159061
for path: 
0 1 2 3 4 5 6 7 8 9 10 11 12 13 14 15 16 17 18 19 20 0
Execution time: 111 ms

Elapsed time: 23998 ms


Execution #142/10000

Seed: 142
Estimated max possible cost 537.159061
for path: 
0 1 2 3 4 5 6 7 8 9 10 11 12 13 14 15 16 17 18 19 20 0
Execution time: 111 ms

Elapsed time: 24109 ms


Execution #143/10000

Seed: 143
Estimated max possible cost 537.159061
for path: 
0 1 2 3 4 5 6 7 8 9 10 11 12 13 14 15 16 17 18 19 20 0
Execution time: 112 ms

Elapsed time: 24221 ms


Execution #144/10000

Seed: 144
Estimated max possible cost 537.159061
for path: 
0 1 2 3 4 5 6 7 8 9 10 11 12 13 14 15 16 17 18 19 20 0
Execution time: 111 ms

Elapsed time: 24332 ms


Execution #145/10000

Seed: 145
Estimated max possible cost 537.159061
for path: 
0 1 2 3 4 5 6 7 8 9 10 11 12 13 14 15 16 17 18 19 20 0
Execution time: 112 ms

Elapsed time: 24444 ms


Execution #146/10000

Seed: 146
Estimated max possible cost 537.159061
for path: 
0 1 2 3 4 5 6 7 8 9 10 11 12 13 14 15 16 17 18 19 20 0
Execution time: 123 ms

Elapsed time: 24567 ms


Execution #147/10000

Seed: 147
Estimated max possible cost 537.159061
for path: 
0 1 2 3 4 5 6 7 8 9 10 11 12 13 14 15 16 17 18 19 20 0
Execution time: 190 ms

Elapsed time: 24757 ms


Execution #148/10000

Seed: 148
Estimated max possible cost 537.159061
for path: 
0 1 2 3 4 5 6 7 8 9 10 11 12 13 14 15 16 17 18 19 20 0
Execution time: 185 ms

Elapsed time: 24942 ms


Execution #149/10000

Seed: 149
Estimated max possible cost 537.159061
for path: 
0 1 2 3 4 5 6 7 8 9 10 11 12 13 14 15 16 17 18 19 20 0
Execution time: 189 ms

Elapsed time: 25131 ms


Execution #150/10000

Seed: 150
Estimated max possible cost 537.159061
for path: 
0 1 2 3 4 5 6 7 8 9 10 11 12 13 14 15 16 17 18 19 20 0
Execution time: 186 ms

Elapsed time: 25317 ms


Execution #151/10000

Seed: 151
Estimated max possible cost 537.159061
for path: 
0 1 2 3 4 5 6 7 8 9 10 11 12 13 14 15 16 17 18 19 20 0
Execution time: 181 ms

Elapsed time: 25498 ms


Execution #152/10000

Seed: 152
Estimated max possible cost 537.159061
for path: 
0 1 2 3 4 5 6 7 8 9 10 11 12 13 14 15 16 17 18 19 20 0
Execution time: 190 ms

Elapsed time: 25688 ms


Execution #153/10000

Seed: 153
Estimated max possible cost 537.159061
for path: 
0 1 2 3 4 5 6 7 8 9 10 11 12 13 14 15 16 17 18 19 20 0
Execution time: 185 ms

Elapsed time: 25873 ms


Execution #154/10000

Seed: 154
Estimated max possible cost 537.159061
for path: 
0 1 2 3 4 5 6 7 8 9 10 11 12 13 14 15 16 17 18 19 20 0
Execution time: 189 ms

Elapsed time: 26062 ms


Execution #155/10000

Seed: 155
Estimated max possible cost 537.159061
for path: 
0 1 2 3 4 5 6 7 8 9 10 11 12 13 14 15 16 17 18 19 20 0
Execution time: 186 ms

Elapsed time: 26248 ms


Execution #156/10000

Seed: 156
Estimated max possible cost 537.159061
for path: 
0 1 2 3 4 5 6 7 8 9 10 11 12 13 14 15 16 17 18 19 20 0
Execution time: 186 ms

Elapsed time: 26434 ms


Execution #157/10000

Seed: 157
Estimated max possible cost 537.159061
for path: 
0 1 2 3 4 5 6 7 8 9 10 11 12 13 14 15 16 17 18 19 20 0
Execution time: 189 ms

Elapsed time: 26623 ms


Execution #158/10000

Seed: 158
Estimated max possible cost 537.159061
for path: 
0 1 2 3 4 5 6 7 8 9 10 11 12 13 14 15 16 17 18 19 20 0
Execution time: 185 ms

Elapsed time: 26808 ms


Execution #159/10000

Seed: 159
Estimated max possible cost 537.159061
for path: 
0 1 2 3 4 5 6 7 8 9 10 11 12 13 14 15 16 17 18 19 20 0
Execution time: 189 ms

Elapsed time: 26997 ms


Execution #160/10000

Seed: 160
Estimated max possible cost 537.159061
for path: 
0 1 2 3 4 5 6 7 8 9 10 11 12 13 14 15 16 17 18 19 20 0
Execution time: 186 ms

Elapsed time: 27183 ms


Execution #161/10000

Seed: 161
Estimated max possible cost 537.159061
for path: 
0 1 2 3 4 5 6 7 8 9 10 11 12 13 14 15 16 17 18 19 20 0
Execution time: 186 ms

Elapsed time: 27369 ms


Execution #162/10000

Seed: 162
Estimated max possible cost 537.159061
for path: 
0 1 2 3 4 5 6 7 8 9 10 11 12 13 14 15 16 17 18 19 20 0
Execution time: 188 ms

Elapsed time: 27557 ms


Execution #163/10000

Seed: 163
Estimated max possible cost 537.159061
for path: 
0 1 2 3 4 5 6 7 8 9 10 11 12 13 14 15 16 17 18 19 20 0
Execution time: 185 ms

Elapsed time: 27742 ms


Execution #164/10000

Seed: 164
Estimated max possible cost 537.159061
for path: 
0 1 2 3 4 5 6 7 8 9 10 11 12 13 14 15 16 17 18 19 20 0
Execution time: 189 ms

Elapsed time: 27931 ms


Execution #165/10000

Seed: 165
Estimated max possible cost 537.159061
for path: 
0 1 2 3 4 5 6 7 8 9 10 11 12 13 14 15 16 17 18 19 20 0
Execution time: 185 ms

Elapsed time: 28116 ms


Execution #166/10000

Seed: 166
Estimated max possible cost 537.159061
for path: 
0 1 2 3 4 5 6 7 8 9 10 11 12 13 14 15 16 17 18 19 20 0
Execution time: 186 ms

Elapsed time: 28302 ms


Execution #167/10000

Seed: 167
Estimated max possible cost 537.159061
for path: 
0 1 2 3 4 5 6 7 8 9 10 11 12 13 14 15 16 17 18 19 20 0
Execution time: 188 ms

Elapsed time: 28490 ms


Execution #168/10000

Seed: 168
Estimated max possible cost 537.159061
for path: 
0 1 2 3 4 5 6 7 8 9 10 11 12 13 14 15 16 17 18 19 20 0
Execution time: 185 ms

Elapsed time: 28675 ms


Execution #169/10000

Seed: 169
Estimated max possible cost 537.159061
for path: 
0 1 2 3 4 5 6 7 8 9 10 11 12 13 14 15 16 17 18 19 20 0
Execution time: 189 ms

Elapsed time: 28864 ms


Execution #170/10000

Seed: 170
Estimated max possible cost 537.159061
for path: 
0 1 2 3 4 5 6 7 8 9 10 11 12 13 14 15 16 17 18 19 20 0
Execution time: 185 ms

Elapsed time: 29049 ms


Execution #171/10000

Seed: 171
Estimated max possible cost 537.159061
for path: 
0 1 2 3 4 5 6 7 8 9 10 11 12 13 14 15 16 17 18 19 20 0
Execution time: 113 ms

Elapsed time: 29162 ms


Execution #172/10000

Seed: 172
Estimated max possible cost 537.159061
for path: 
0 1 2 3 4 5 6 7 8 9 10 11 12 13 14 15 16 17 18 19 20 0
Execution time: 111 ms

Elapsed time: 29273 ms


Execution #173/10000

Seed: 173
Estimated max possible cost 537.159061
for path: 
0 1 2 3 4 5 6 7 8 9 10 11 12 13 14 15 16 17 18 19 20 0
Execution time: 111 ms

Elapsed time: 29384 ms


Execution #174/10000

Seed: 174
Estimated max possible cost 537.159061
for path: 
0 1 2 3 4 5 6 7 8 9 10 11 12 13 14 15 16 17 18 19 20 0
Execution time: 111 ms

Elapsed time: 29495 ms


Execution #175/10000

Seed: 175
Estimated max possible cost 537.159061
for path: 
0 1 2 3 4 5 6 7 8 9 10 11 12 13 14 15 16 17 18 19 20 0
Execution time: 164 ms

Elapsed time: 29659 ms


Execution #176/10000

Seed: 176
Estimated max possible cost 537.159061
for path: 
0 1 2 3 4 5 6 7 8 9 10 11 12 13 14 15 16 17 18 19 20 0
Execution time: 186 ms

Elapsed time: 29845 ms


Execution #177/10000

Seed: 177
Estimated max possible cost 537.159061
for path: 
0 1 2 3 4 5 6 7 8 9 10 11 12 13 14 15 16 17 18 19 20 0
Execution time: 188 ms

Elapsed time: 30033 ms


Execution #178/10000

Seed: 178
Estimated max possible cost 537.159061
for path: 
0 1 2 3 4 5 6 7 8 9 10 11 12 13 14 15 16 17 18 19 20 0
Execution time: 185 ms

Elapsed time: 30218 ms


Execution #179/10000

Seed: 179
Estimated max possible cost 537.159061
for path: 
0 1 2 3 4 5 6 7 8 9 10 11 12 13 14 15 16 17 18 19 20 0
Execution time: 149 ms

Elapsed time: 30367 ms


Execution #180/10000

Seed: 180
Estimated max possible cost 537.159061
for path: 
0 1 2 3 4 5 6 7 8 9 10 11 12 13 14 15 16 17 18 19 20 0
Execution time: 125 ms

Elapsed time: 30492 ms


Execution #181/10000

Seed: 181
