Solving TSP


Execution #1/10000

Seed: 1
Estimated max possible cost 562.058704
for path: 
0 1 2 3 4 5 6 7 8 9 10 11 12 13 14 15 16 17 18 19 20 21 22 0
Memory needed for path: 15308436 locs, for costs: 14226212 locs.
Desired precision: 1e+12
Mem constraint for cost_t: 16 bits
Rounded to pow of 2 bytes mem constraint (capped at 64bits) for cost_t: 16 bits
Bits needed for an int to preserve precision: 49
Warning: cannot preserve precision.
Warning: Using an integer; there is not enough memory for decimals.
Bits used per cost_t: 16
Selected cost_t = (u)int16_t
Solving with cost_t = t
Memory [GB] needed: 0.0407555
Requested precision is too high;managed to differentiate costs by: 0.003169
Distances:
0, 5.08, 242.54, 232.423, 228.124, 218.013, 212.172, 212.044, 211.947, 211.88, 211.843, 211.837, 211.862, 211.917, 212.002, 212.117, 212.263, 212.44, 212.646, 212.882, 213.149, 196.958, 196.821, 
5.08, 0, 247.599, 237.481, 233.181, 223.068, 217.244, 217.119, 217.024, 216.959, 216.923, 216.917, 216.941, 216.995, 217.078, 217.191, 217.333, 217.505, 217.707, 217.938, 218.198, 202.029, 201.895, 
242.54, 247.599, 0, 10.16, 14.478, 24.638, 31.3255, 32.219, 33.2827, 34.501, 35.8581, 37.3389, 38.9292, 40.6162, 42.3883, 44.2354, 46.1484, 48.1194, 50.1417, 52.2092, 54.3168, 46.0364, 46.649, 
232.423, 237.481, 10.16, 0, 4.318, 14.478, 21.9236, 23.1823, 24.6393, 26.2617, 28.0207, 29.8922, 31.8565, 33.8973, 36.0018, 38.1592, 40.3612, 42.6009, 44.8725, 47.1716, 49.4942, 36.1805, 36.9568, 
228.124, 233.181, 14.478, 4.318, 0, 10.16, 18.1765, 19.6764, 21.3738, 23.2254, 25.1973, 27.2633, 29.4037, 31.6034, 33.8507, 36.1368, 38.4548, 40.7992, 43.1658, 45.5511, 47.9522, 32.0493, 32.9231, 
218.013, 223.068, 24.638, 14.478, 10.16, 0, 11.1326, 13.4428, 15.8236, 18.2474, 20.6991, 23.1698, 25.654, 28.1482, 30.6499, 33.1575, 35.6696, 38.1854, 40.7042, 43.2255, 45.7489, 22.606, 23.8287, 
212.172, 217.244, 31.3255, 21.9236, 18.1765, 11.1326, 0, 2.54, 5.08, 7.62, 10.16, 12.7, 15.24, 17.78, 20.32, 22.86, 25.4, 27.94, 30.48, 33.02, 35.56, 15.24, 15.4502, 
212.044, 217.119, 32.219, 23.1823, 19.6764, 13.4428, 2.54, 0, 2.54, 5.08, 7.62, 10.16, 12.7, 15.24, 17.78, 20.32, 22.86, 25.4, 27.94, 30.48, 33.02, 15.4502, 15.24, 
211.947, 217.024, 33.2827, 24.6393, 21.3738, 15.8236, 5.08, 2.54, 0, 2.54, 5.08, 7.62, 10.16, 12.7, 15.24, 17.78, 20.32, 22.86, 25.4, 27.94, 30.48, 16.0644, 15.4502, 
211.88, 216.959, 34.501, 26.2617, 23.2254, 18.2474, 7.62, 5.08, 2.54, 0, 2.54, 5.08, 7.62, 10.16, 12.7, 15.24, 17.78, 20.32, 22.86, 25.4, 27.94, 17.0388, 16.0644, 
211.843, 216.923, 35.8581, 28.0207, 25.1973, 20.6991, 10.16, 7.62, 5.08, 2.54, 0, 2.54, 5.08, 7.62, 10.16, 12.7, 15.24, 17.78, 20.32, 22.86, 25.4, 18.3162, 17.0388, 
211.837, 216.917, 37.3389, 29.8922, 27.2633, 23.1698, 12.7, 10.16, 7.62, 5.08, 2.54, 0, 2.54, 5.08, 7.62, 10.16, 12.7, 15.24, 17.78, 20.32, 22.86, 19.838, 18.3162, 
211.862, 216.941, 38.9292, 31.8565, 29.4037, 25.654, 15.24, 12.7, 10.16, 7.62, 5.08, 2.54, 0, 2.54, 5.08, 7.62, 10.16, 12.7, 15.24, 17.78, 20.32, 21.5526, 19.838, 
211.917, 216.995, 40.6162, 33.8973, 31.6034, 28.1482, 17.78, 15.24, 12.7, 10.16, 7.62, 5.08, 2.54, 0, 2.54, 5.08, 7.62, 10.16, 12.7, 15.24, 17.78, 23.4176, 21.5526, 
212.002, 217.078, 42.3883, 36.0018, 33.8507, 30.6499, 20.32, 17.78, 15.24, 12.7, 10.16, 7.62, 5.08, 2.54, 0, 2.54, 5.08, 7.62, 10.16, 12.7, 15.24, 25.4, 23.4176, 
212.117, 217.191, 44.2354, 38.1592, 36.1368, 33.1575, 22.86, 20.32, 17.78, 15.24, 12.7, 10.16, 7.62, 5.08, 2.54, 0, 2.54, 5.08, 7.62, 10.16, 12.7, 27.4743, 25.4, 
212.263, 217.333, 46.1484, 40.3612, 38.4548, 35.6696, 25.4, 22.86, 20.32, 17.78, 15.24, 12.7, 10.16, 7.62, 5.08, 2.54, 0, 2.54, 5.08, 7.62, 10.16, 29.6212, 27.4743, 
212.44, 217.505, 48.1194, 42.6009, 40.7992, 38.1854, 27.94, 25.4, 22.86, 20.32, 17.78, 15.24, 12.7, 10.16, 7.62, 5.08, 2.54, 0, 2.54, 5.08, 7.62, 31.8261, 29.6212, 
212.646, 217.707, 50.1417, 44.8725, 43.1658, 40.7042, 30.48, 27.94, 25.4, 22.86, 20.32, 17.78, 15.24, 12.7, 10.16, 7.62, 5.08, 2.54, 0, 2.54, 5.08, 34.0777, 31.8261, 
212.882, 217.938, 52.2092, 47.1716, 45.5511, 43.2255, 33.02, 30.48, 27.94, 25.4, 22.86, 20.32, 17.78, 15.24, 12.7, 10.16, 7.62, 5.08, 2.54, 0, 2.54, 36.3673, 34.0777, 
213.149, 218.198, 54.3168, 49.4942, 47.9522, 45.7489, 35.56, 33.02, 30.48, 27.94, 25.4, 22.86, 20.32, 17.78, 15.24, 12.7, 10.16, 7.62, 5.08, 2.54, 0, 38.6881, 36.3673, 
196.958, 202.029, 46.0364, 36.1805, 32.0493, 22.606, 15.24, 15.4502, 16.0644, 17.0388, 18.3162, 19.838, 21.5526, 23.4176, 25.4, 27.4743, 29.6212, 31.8261, 34.0777, 36.3673, 38.6881, 0, 2.54, 
196.821, 201.895, 46.649, 36.9568, 32.9231, 23.8287, 15.4502, 15.24, 15.4502, 16.0644, 17.0388, 18.3162, 19.838, 21.5526, 23.4176, 25.4, 27.4743, 29.6212, 31.8261, 34.0777, 36.3673, 2.54, 0, 
Scaled Distances:
0, 316, 29865, 28606, 28072, 26813, 26086, 26071, 26058, 26050, 26046, 26045, 26048, 26055, 26065, 26080, 26098, 26120, 26145, 26175, 26208, 24193, 24176, 
316, 0, 30495, 29236, 28701, 27442, 26718, 26702, 26690, 26682, 26678, 26677, 26680, 26687, 26697, 26711, 26729, 26750, 26775, 26804, 26836, 24824, 24808, 
29865, 30495, 0, 948, 1486, 2750, 3582, 3693, 3826, 3977, 4146, 4330, 4528, 4738, 4959, 5189, 5427, 5672, 5924, 6181, 6443, 5413, 5489, 
28606, 29236, 948, 0, 221, 1486, 2412, 2569, 2750, 2952, 3171, 3404, 3648, 3902, 4164, 4432, 4706, 4985, 5268, 5554, 5843, 4186, 4283, 
28072, 28701, 1486, 221, 0, 948, 1946, 2132, 2344, 2574, 2819, 3077, 3343, 3617, 3896, 4181, 4469, 4761, 5055, 5352, 5651, 3672, 3781, 
26813, 27442, 2750, 1486, 948, 0, 1069, 1357, 1653, 1955, 2260, 2567, 2876, 3187, 3498, 3810, 4123, 4436, 4749, 5063, 5377, 2497, 2649, 
26086, 26718, 3582, 2412, 1946, 1069, 0, 0, 316, 632, 948, 1264, 1580, 1896, 2213, 2529, 2845, 3161, 3477, 3793, 4109, 1580, 1607, 
26071, 26702, 3693, 2569, 2132, 1357, 0, 0, 0, 316, 632, 948, 1264, 1580, 1896, 2213, 2529, 2845, 3161, 3477, 3793, 1607, 1580, 
26058, 26690, 3826, 2750, 2344, 1653, 316, 0, 0, 0, 316, 632, 948, 1264, 1580, 1896, 2213, 2529, 2845, 3161, 3477, 1683, 1607, 
26050, 26682, 3977, 2952, 2574, 1955, 632, 316, 0, 0, 0, 316, 632, 948, 1264, 1580, 1896, 2213, 2529, 2845, 3161, 1804, 1683, 
26046, 26678, 4146, 3171, 2819, 2260, 948, 632, 316, 0, 0, 0, 316, 632, 948, 1264, 1580, 1896, 2213, 2529, 2845, 1963, 1804, 
26045, 26677, 4330, 3404, 3077, 2567, 1264, 948, 632, 316, 0, 0, 0, 316, 632, 948, 1264, 1580, 1896, 2213, 2529, 2153, 1963, 
26048, 26680, 4528, 3648, 3343, 2876, 1580, 1264, 948, 632, 316, 0, 0, 0, 316, 632, 948, 1264, 1580, 1896, 2213, 2366, 2153, 
26055, 26687, 4738, 3902, 3617, 3187, 1896, 1580, 1264, 948, 632, 316, 0, 0, 0, 316, 632, 948, 1264, 1580, 1896, 2598, 2366, 
26065, 26697, 4959, 4164, 3896, 3498, 2213, 1896, 1580, 1264, 948, 632, 316, 0, 0, 0, 316, 632, 948, 1264, 1580, 2845, 2598, 
26080, 26711, 5189, 4432, 4181, 3810, 2529, 2213, 1896, 1580, 1264, 948, 632, 316, 0, 0, 0, 316, 632, 948, 1264, 3103, 2845, 
26098, 26729, 5427, 4706, 4469, 4123, 2845, 2529, 2213, 1896, 1580, 1264, 948, 632, 316, 0, 0, 0, 316, 632, 948, 3370, 3103, 
26120, 26750, 5672, 4985, 4761, 4436, 3161, 2845, 2529, 2213, 1896, 1580, 1264, 948, 632, 316, 0, 0, 0, 316, 632, 3644, 3370, 
26145, 26775, 5924, 5268, 5055, 4749, 3477, 3161, 2845, 2529, 2213, 1896, 1580, 1264, 948, 632, 316, 0, 0, 0, 316, 3925, 3644, 
26175, 26804, 6181, 5554, 5352, 5063, 3793, 3477, 3161, 2845, 2529, 2213, 1896, 1580, 1264, 948, 632, 316, 0, 0, 0, 4209, 3925, 
26208, 26836, 6443, 5843, 5651, 5377, 4109, 3793, 3477, 3161, 2845, 2529, 2213, 1896, 1580, 1264, 948, 632, 316, 0, 0, 4498, 4209, 
24193, 24824, 5413, 4186, 3672, 2497, 1580, 1607, 1683, 1804, 1963, 2153, 2366, 2598, 2845, 3103, 3370, 3644, 3925, 4209, 4498, 0, 0, 
24176, 24808, 5489, 4283, 3781, 2649, 1607, 1580, 1607, 1683, 1804, 1963, 2153, 2366, 2598, 2845, 3103, 3370, 3644, 3925, 4209, 0, 0, 
Optimal total distance (scaled) for 23 points: 59524
Optimal total distance for 23 points: 536.768442
Corresponding path (0-indexed):
Point #22
Point #0
Point #1
Point #20
Point #19
Point #18
Point #17
Point #16
Point #15
Point #14
Point #13
Point #12
Point #11
Point #10
Point #9
Point #8
Point #7
Point #6
Point #2
Point #3
Point #4
Point #5
Point #21
Point #22
Execution time: 761 ms

Elapsed time: 761 ms


Execution #2/10000

Seed: 2
Estimated max possible cost 562.058704
for path: 
0 1 2 3 4 5 6 7 8 9 10 11 12 13 14 15 16 17 18 19 20 21 22 0
Execution time: 874 ms

Elapsed time: 1635 ms


Execution #3/10000

Seed: 3
Estimated max possible cost 562.058704
for path: 
0 1 2 3 4 5 6 7 8 9 10 11 12 13 14 15 16 17 18 19 20 21 22 0
Execution time: 882 ms

Elapsed time: 2517 ms


Execution #4/10000

Seed: 4
Estimated max possible cost 562.058704
for path: 
0 1 2 3 4 5 6 7 8 9 10 11 12 13 14 15 16 17 18 19 20 21 22 0
Execution time: 874 ms

Elapsed time: 3391 ms


Execution #5/10000

Seed: 5
Estimated max possible cost 562.058704
for path: 
0 1 2 3 4 5 6 7 8 9 10 11 12 13 14 15 16 17 18 19 20 21 22 0
Execution time: 789 ms

Elapsed time: 4180 ms


Execution #6/10000

Seed: 6
Estimated max possible cost 562.058704
for path: 
0 1 2 3 4 5 6 7 8 9 10 11 12 13 14 15 16 17 18 19 20 21 22 0
Execution time: 871 ms

Elapsed time: 5051 ms


Execution #7/10000

Seed: 7
Estimated max possible cost 562.058704
for path: 
0 1 2 3 4 5 6 7 8 9 10 11 12 13 14 15 16 17 18 19 20 21 22 0
Execution time: 889 ms

Elapsed time: 5940 ms


Execution #8/10000

Seed: 8
Estimated max possible cost 562.058704
for path: 
0 1 2 3 4 5 6 7 8 9 10 11 12 13 14 15 16 17 18 19 20 21 22 0
Execution time: 881 ms

Elapsed time: 6821 ms


Execution #9/10000

Seed: 9
Estimated max possible cost 562.058704
for path: 
0 1 2 3 4 5 6 7 8 9 10 11 12 13 14 15 16 17 18 19 20 21 22 0
Execution time: 884 ms

Elapsed time: 7705 ms


Execution #10/10000

Seed: 10
Estimated max possible cost 562.058704
for path: 
0 1 2 3 4 5 6 7 8 9 10 11 12 13 14 15 16 17 18 19 20 21 22 0
Execution time: 886 ms

Elapsed time: 8591 ms


Execution #11/10000

Seed: 11
Estimated max possible cost 562.058704
for path: 
0 1 2 3 4 5 6 7 8 9 10 11 12 13 14 15 16 17 18 19 20 21 22 0
Execution time: 870 ms

Elapsed time: 9461 ms


Execution #12/10000

Seed: 12
Estimated max possible cost 562.058704
for path: 
0 1 2 3 4 5 6 7 8 9 10 11 12 13 14 15 16 17 18 19 20 21 22 0
Execution time: 893 ms

Elapsed time: 10354 ms


Execution #13/10000

Seed: 13
Estimated max possible cost 562.058704
for path: 
0 1 2 3 4 5 6 7 8 9 10 11 12 13 14 15 16 17 18 19 20 21 22 0
Execution time: 809 ms

Elapsed time: 11163 ms


Execution #14/10000

Seed: 14
Estimated max possible cost 562.058704
for path: 
0 1 2 3 4 5 6 7 8 9 10 11 12 13 14 15 16 17 18 19 20 21 22 0
Execution time: 795 ms

Elapsed time: 11958 ms


Execution #15/10000

Seed: 15
Estimated max possible cost 562.058704
for path: 
0 1 2 3 4 5 6 7 8 9 10 11 12 13 14 15 16 17 18 19 20 21 22 0
Execution time: 819 ms

Elapsed time: 12777 ms


Execution #16/10000

Seed: 16
Estimated max possible cost 562.058704
for path: 
0 1 2 3 4 5 6 7 8 9 10 11 12 13 14 15 16 17 18 19 20 21 22 0
Execution time: 606 ms

Elapsed time: 13383 ms


Execution #17/10000

Seed: 17
Estimated max possible cost 562.058704
for path: 
0 1 2 3 4 5 6 7 8 9 10 11 12 13 14 15 16 17 18 19 20 21 22 0
Execution time: 848 ms

Elapsed time: 14231 ms


Execution #18/10000

Seed: 18
Estimated max possible cost 562.058704
for path: 
0 1 2 3 4 5 6 7 8 9 10 11 12 13 14 15 16 17 18 19 20 21 22 0
Execution time: 757 ms

Elapsed time: 14988 ms


Execution #19/10000

Seed: 19
Estimated max possible cost 562.058704
for path: 
0 1 2 3 4 5 6 7 8 9 10 11 12 13 14 15 16 17 18 19 20 21 22 0
Execution time: 527 ms

Elapsed time: 15515 ms


Execution #20/10000

Seed: 20
Estimated max possible cost 562.058704
for path: 
0 1 2 3 4 5 6 7 8 9 10 11 12 13 14 15 16 17 18 19 20 21 22 0
Execution time: 555 ms

Elapsed time: 16070 ms


Execution #21/10000

Seed: 21
Estimated max possible cost 562.058704
for path: 
0 1 2 3 4 5 6 7 8 9 10 11 12 13 14 15 16 17 18 19 20 21 22 0
Execution time: 540 ms

Elapsed time: 16610 ms


Execution #22/10000

Seed: 22
Estimated max possible cost 562.058704
for path: 
0 1 2 3 4 5 6 7 8 9 10 11 12 13 14 15 16 17 18 19 20 21 22 0
Execution time: 615 ms

Elapsed time: 17225 ms


Execution #23/10000

Seed: 23
Estimated max possible cost 562.058704
for path: 
0 1 2 3 4 5 6 7 8 9 10 11 12 13 14 15 16 17 18 19 20 21 22 0
Execution time: 881 ms

Elapsed time: 18106 ms


Execution #24/10000

Seed: 24
Estimated max possible cost 562.058704
for path: 
0 1 2 3 4 5 6 7 8 9 10 11 12 13 14 15 16 17 18 19 20 21 22 0
Execution time: 889 ms

Elapsed time: 18995 ms


Execution #25/10000

Seed: 25
Estimated max possible cost 562.058704
for path: 
0 1 2 3 4 5 6 7 8 9 10 11 12 13 14 15 16 17 18 19 20 21 22 0
Execution time: 884 ms

Elapsed time: 19879 ms


Execution #26/10000

Seed: 26
Estimated max possible cost 562.058704
for path: 
0 1 2 3 4 5 6 7 8 9 10 11 12 13 14 15 16 17 18 19 20 21 22 0
Execution time: 874 ms

Elapsed time: 20753 ms


Execution #27/10000

Seed: 27
Estimated max possible cost 562.058704
for path: 
0 1 2 3 4 5 6 7 8 9 10 11 12 13 14 15 16 17 18 19 20 21 22 0
Execution time: 896 ms

Elapsed time: 21649 ms


Execution #28/10000

Seed: 28
Estimated max possible cost 562.058704
for path: 
0 1 2 3 4 5 6 7 8 9 10 11 12 13 14 15 16 17 18 19 20 21 22 0
Execution time: 835 ms

Elapsed time: 22484 ms


Execution #29/10000

Seed: 29
Estimated max possible cost 562.058704
for path: 
0 1 2 3 4 5 6 7 8 9 10 11 12 13 14 15 16 17 18 19 20 21 22 0
Execution time: 662 ms

Elapsed time: 23146 ms


Execution #30/10000

Seed: 30
Estimated max possible cost 562.058704
for path: 
0 1 2 3 4 5 6 7 8 9 10 11 12 13 14 15 16 17 18 19 20 21 22 0
Execution time: 882 ms

Elapsed time: 24028 ms


Execution #31/10000

Seed: 31
Estimated max possible cost 562.058704
for path: 
0 1 2 3 4 5 6 7 8 9 10 11 12 13 14 15 16 17 18 19 20 21 22 0
Execution time: 853 ms

Elapsed time: 24881 ms


Execution #32/10000

Seed: 32
Estimated max possible cost 562.058704
for path: 
0 1 2 3 4 5 6 7 8 9 10 11 12 13 14 15 16 17 18 19 20 21 22 0
Execution time: 582 ms

Elapsed time: 25463 ms


Execution #33/10000

Seed: 33
Estimated max possible cost 562.058704
for path: 
0 1 2 3 4 5 6 7 8 9 10 11 12 13 14 15 16 17 18 19 20 21 22 0
Execution time: 876 ms

Elapsed time: 26339 ms


Execution #34/10000

Seed: 34
Estimated max possible cost 562.058704
for path: 
0 1 2 3 4 5 6 7 8 9 10 11 12 13 14 15 16 17 18 19 20 21 22 0
Execution time: 887 ms

Elapsed time: 27226 ms


Execution #35/10000

Seed: 35
Estimated max possible cost 562.058704
for path: 
0 1 2 3 4 5 6 7 8 9 10 11 12 13 14 15 16 17 18 19 20 21 22 0
Execution time: 808 ms

Elapsed time: 28034 ms


Execution #36/10000

Seed: 36
Estimated max possible cost 562.058704
for path: 
0 1 2 3 4 5 6 7 8 9 10 11 12 13 14 15 16 17 18 19 20 21 22 0
Execution time: 845 ms

Elapsed time: 28879 ms


Execution #37/10000

Seed: 37
Estimated max possible cost 562.058704
for path: 
0 1 2 3 4 5 6 7 8 9 10 11 12 13 14 15 16 17 18 19 20 21 22 0
Execution time: 898 ms

Elapsed time: 29777 ms


Execution #38/10000

Seed: 38
Estimated max possible cost 562.058704
for path: 
0 1 2 3 4 5 6 7 8 9 10 11 12 13 14 15 16 17 18 19 20 21 22 0
Execution time: 812 ms

Elapsed time: 30589 ms


Execution #39/10000

Seed: 39
Estimated max possible cost 562.058704
for path: 
0 1 2 3 4 5 6 7 8 9 10 11 12 13 14 15 16 17 18 19 20 21 22 0
Execution time: 814 ms

Elapsed time: 31403 ms


Execution #40/10000

Seed: 40
Estimated max possible cost 562.058704
for path: 
0 1 2 3 4 5 6 7 8 9 10 11 12 13 14 15 16 17 18 19 20 21 22 0
Execution time: 883 ms

Elapsed time: 32286 ms


Execution #41/10000

Seed: 41
Estimated max possible cost 562.058704
for path: 
0 1 2 3 4 5 6 7 8 9 10 11 12 13 14 15 16 17 18 19 20 21 22 0
Execution time: 564 ms

Elapsed time: 32850 ms


Execution #42/10000

Seed: 42
Estimated max possible cost 562.058704
for path: 
0 1 2 3 4 5 6 7 8 9 10 11 12 13 14 15 16 17 18 19 20 21 22 0
Execution time: 535 ms

Elapsed time: 33385 ms


Execution #43/10000

Seed: 43
Estimated max possible cost 562.058704
for path: 
0 1 2 3 4 5 6 7 8 9 10 11 12 13 14 15 16 17 18 19 20 21 22 0
Execution time: 822 ms

Elapsed time: 34207 ms


Execution #44/10000

Seed: 44
Estimated max possible cost 562.058704
for path: 
0 1 2 3 4 5 6 7 8 9 10 11 12 13 14 15 16 17 18 19 20 21 22 0
Execution time: 833 ms

Elapsed time: 35040 ms


Execution #45/10000

Seed: 45
Estimated max possible cost 562.058704
for path: 
0 1 2 3 4 5 6 7 8 9 10 11 12 13 14 15 16 17 18 19 20 21 22 0
Execution time: 880 ms

Elapsed time: 35920 ms


Execution #46/10000

Seed: 46
Estimated max possible cost 562.058704
for path: 
0 1 2 3 4 5 6 7 8 9 10 11 12 13 14 15 16 17 18 19 20 21 22 0
Execution time: 809 ms

Elapsed time: 36729 ms


Execution #47/10000

Seed: 47
Estimated max possible cost 562.058704
for path: 
0 1 2 3 4 5 6 7 8 9 10 11 12 13 14 15 16 17 18 19 20 21 22 0
Execution time: 891 ms

Elapsed time: 37620 ms


Execution #48/10000

Seed: 48
Estimated max possible cost 562.058704
for path: 
0 1 2 3 4 5 6 7 8 9 10 11 12 13 14 15 16 17 18 19 20 21 22 0
Execution time: 872 ms

Elapsed time: 38492 ms


Execution #49/10000

Seed: 49
Estimated max possible cost 562.058704
for path: 
0 1 2 3 4 5 6 7 8 9 10 11 12 13 14 15 16 17 18 19 20 21 22 0
Execution time: 890 ms

Elapsed time: 39382 ms


Execution #50/10000

Seed: 50
Estimated max possible cost 562.058704
for path: 
0 1 2 3 4 5 6 7 8 9 10 11 12 13 14 15 16 17 18 19 20 21 22 0
Execution time: 877 ms

Elapsed time: 40259 ms


Execution #51/10000

Seed: 51
Estimated max possible cost 562.058704
for path: 
0 1 2 3 4 5 6 7 8 9 10 11 12 13 14 15 16 17 18 19 20 21 22 0
Execution time: 861 ms

Elapsed time: 41120 ms


Execution #52/10000

Seed: 52
Estimated max possible cost 562.058704
for path: 
0 1 2 3 4 5 6 7 8 9 10 11 12 13 14 15 16 17 18 19 20 21 22 0
Execution time: 886 ms

Elapsed time: 42006 ms


Execution #53/10000

Seed: 53
Estimated max possible cost 562.058704
for path: 
0 1 2 3 4 5 6 7 8 9 10 11 12 13 14 15 16 17 18 19 20 21 22 0
Execution time: 871 ms

Elapsed time: 42877 ms


Execution #54/10000

Seed: 54
Estimated max possible cost 562.058704
for path: 
0 1 2 3 4 5 6 7 8 9 10 11 12 13 14 15 16 17 18 19 20 21 22 0
Execution time: 898 ms

Elapsed time: 43775 ms


Execution #55/10000

Seed: 55
Estimated max possible cost 562.058704
for path: 
0 1 2 3 4 5 6 7 8 9 10 11 12 13 14 15 16 17 18 19 20 21 22 0
Execution time: 874 ms

Elapsed time: 44649 ms


Execution #56/10000

Seed: 56
Estimated max possible cost 562.058704
for path: 
0 1 2 3 4 5 6 7 8 9 10 11 12 13 14 15 16 17 18 19 20 21 22 0
Execution time: 880 ms

Elapsed time: 45529 ms


Execution #57/10000

Seed: 57
Estimated max possible cost 562.058704
for path: 
0 1 2 3 4 5 6 7 8 9 10 11 12 13 14 15 16 17 18 19 20 21 22 0
Execution time: 885 ms

Elapsed time: 46414 ms


Execution #58/10000

Seed: 58
Estimated max possible cost 562.058704
for path: 
0 1 2 3 4 5 6 7 8 9 10 11 12 13 14 15 16 17 18 19 20 21 22 0
Execution time: 788 ms

Elapsed time: 47202 ms


Execution #59/10000

Seed: 59
Estimated max possible cost 562.058704
for path: 
0 1 2 3 4 5 6 7 8 9 10 11 12 13 14 15 16 17 18 19 20 21 22 0
Execution time: 892 ms

Elapsed time: 48094 ms


Execution #60/10000

Seed: 60
Estimated max possible cost 562.058704
for path: 
0 1 2 3 4 5 6 7 8 9 10 11 12 13 14 15 16 17 18 19 20 21 22 0
Execution time: 872 ms

Elapsed time: 48966 ms


Execution #61/10000

Seed: 61
Estimated max possible cost 562.058704
for path: 
0 1 2 3 4 5 6 7 8 9 10 11 12 13 14 15 16 17 18 19 20 21 22 0
Execution time: 881 ms

Elapsed time: 49847 ms


Execution #62/10000

Seed: 62
Estimated max possible cost 562.058704
for path: 
0 1 2 3 4 5 6 7 8 9 10 11 12 13 14 15 16 17 18 19 20 21 22 0
Execution time: 885 ms

Elapsed time: 50732 ms


Execution #63/10000

Seed: 63
Estimated max possible cost 562.058704
for path: 
0 1 2 3 4 5 6 7 8 9 10 11 12 13 14 15 16 17 18 19 20 21 22 0
Execution time: 877 ms

Elapsed time: 51609 ms


Execution #64/10000

Seed: 64
Estimated max possible cost 562.058704
for path: 
0 1 2 3 4 5 6 7 8 9 10 11 12 13 14 15 16 17 18 19 20 21 22 0
Execution time: 894 ms

Elapsed time: 52503 ms


Execution #65/10000

Seed: 65
Estimated max possible cost 562.058704
for path: 
0 1 2 3 4 5 6 7 8 9 10 11 12 13 14 15 16 17 18 19 20 21 22 0
Execution time: 873 ms

Elapsed time: 53376 ms


Execution #66/10000

Seed: 66
Estimated max possible cost 562.058704
for path: 
0 1 2 3 4 5 6 7 8 9 10 11 12 13 14 15 16 17 18 19 20 21 22 0
Execution time: 883 ms

Elapsed time: 54259 ms


Execution #67/10000

Seed: 67
Estimated max possible cost 562.058704
for path: 
0 1 2 3 4 5 6 7 8 9 10 11 12 13 14 15 16 17 18 19 20 21 22 0
Execution time: 879 ms

Elapsed time: 55138 ms


Execution #68/10000

Seed: 68
Estimated max possible cost 562.058704
for path: 
0 1 2 3 4 5 6 7 8 9 10 11 12 13 14 15 16 17 18 19 20 21 22 0
Execution time: 799 ms

Elapsed time: 55937 ms


Execution #69/10000

Seed: 69
Estimated max possible cost 562.058704
for path: 
0 1 2 3 4 5 6 7 8 9 10 11 12 13 14 15 16 17 18 19 20 21 22 0
Execution time: 895 ms

Elapsed time: 56832 ms


Execution #70/10000

Seed: 70
Estimated max possible cost 562.058704
for path: 
0 1 2 3 4 5 6 7 8 9 10 11 12 13 14 15 16 17 18 19 20 21 22 0
Execution time: 869 ms

Elapsed time: 57701 ms


Execution #71/10000

Seed: 71
Estimated max possible cost 562.058704
for path: 
0 1 2 3 4 5 6 7 8 9 10 11 12 13 14 15 16 17 18 19 20 21 22 0
Execution time: 885 ms

Elapsed time: 58586 ms


Execution #72/10000

Seed: 72
Estimated max possible cost 562.058704
for path: 
0 1 2 3 4 5 6 7 8 9 10 11 12 13 14 15 16 17 18 19 20 21 22 0
Execution time: 878 ms

Elapsed time: 59464 ms


Execution #73/10000

Seed: 73
Estimated max possible cost 562.058704
for path: 
0 1 2 3 4 5 6 7 8 9 10 11 12 13 14 15 16 17 18 19 20 21 22 0
Execution time: 870 ms

Elapsed time: 60334 ms


Execution #74/10000

Seed: 74
Estimated max possible cost 562.058704
for path: 
0 1 2 3 4 5 6 7 8 9 10 11 12 13 14 15 16 17 18 19 20 21 22 0
Execution time: 893 ms

Elapsed time: 61227 ms


Execution #75/10000

Seed: 75
Estimated max possible cost 562.058704
for path: 
0 1 2 3 4 5 6 7 8 9 10 11 12 13 14 15 16 17 18 19 20 21 22 0
Execution time: 870 ms

Elapsed time: 62097 ms


Execution #76/10000

Seed: 76
Estimated max possible cost 562.058704
for path: 
0 1 2 3 4 5 6 7 8 9 10 11 12 13 14 15 16 17 18 19 20 21 22 0
Execution time: 887 ms

Elapsed time: 62984 ms


Execution #77/10000

Seed: 77
Estimated max possible cost 562.058704
for path: 
0 1 2 3 4 5 6 7 8 9 10 11 12 13 14 15 16 17 18 19 20 21 22 0
Execution time: 882 ms

Elapsed time: 63866 ms


Execution #78/10000

Seed: 78
Estimated max possible cost 562.058704
for path: 
0 1 2 3 4 5 6 7 8 9 10 11 12 13 14 15 16 17 18 19 20 21 22 0
Execution time: 875 ms

Elapsed time: 64741 ms


Execution #79/10000

Seed: 79
Estimated max possible cost 562.058704
for path: 
0 1 2 3 4 5 6 7 8 9 10 11 12 13 14 15 16 17 18 19 20 21 22 0
Execution time: 886 ms

Elapsed time: 65627 ms


Execution #80/10000

Seed: 80
Estimated max possible cost 562.058704
for path: 
0 1 2 3 4 5 6 7 8 9 10 11 12 13 14 15 16 17 18 19 20 21 22 0
Execution time: 874 ms

Elapsed time: 66501 ms


Execution #81/10000

Seed: 81
Estimated max possible cost 562.058704
for path: 
0 1 2 3 4 5 6 7 8 9 10 11 12 13 14 15 16 17 18 19 20 21 22 0
Execution time: 887 ms

Elapsed time: 67388 ms


Execution #82/10000

Seed: 82
Estimated max possible cost 562.058704
for path: 
0 1 2 3 4 5 6 7 8 9 10 11 12 13 14 15 16 17 18 19 20 21 22 0
Execution time: 878 ms

Elapsed time: 68266 ms


Execution #83/10000

Seed: 83
Estimated max possible cost 562.058704
for path: 
0 1 2 3 4 5 6 7 8 9 10 11 12 13 14 15 16 17 18 19 20 21 22 0
Execution time: 876 ms

Elapsed time: 69142 ms


Execution #84/10000

Seed: 84
Estimated max possible cost 562.058704
for path: 
0 1 2 3 4 5 6 7 8 9 10 11 12 13 14 15 16 17 18 19 20 21 22 0
Execution time: 840 ms

Elapsed time: 69982 ms


Execution #85/10000

Seed: 85
Estimated max possible cost 562.058704
for path: 
0 1 2 3 4 5 6 7 8 9 10 11 12 13 14 15 16 17 18 19 20 21 22 0
Execution time: 797 ms

Elapsed time: 70779 ms


Execution #86/10000

Seed: 86
Estimated max possible cost 562.058704
for path: 
0 1 2 3 4 5 6 7 8 9 10 11 12 13 14 15 16 17 18 19 20 21 22 0
Execution time: 892 ms

Elapsed time: 71671 ms


Execution #87/10000

Seed: 87
Estimated max possible cost 562.058704
for path: 
0 1 2 3 4 5 6 7 8 9 10 11 12 13 14 15 16 17 18 19 20 21 22 0
Execution time: 871 ms

Elapsed time: 72542 ms


Execution #88/10000

Seed: 88
Estimated max possible cost 562.058704
for path: 
0 1 2 3 4 5 6 7 8 9 10 11 12 13 14 15 16 17 18 19 20 21 22 0
Execution time: 881 ms

Elapsed time: 73423 ms


Execution #89/10000

Seed: 89
Estimated max possible cost 562.058704
for path: 
0 1 2 3 4 5 6 7 8 9 10 11 12 13 14 15 16 17 18 19 20 21 22 0
Execution time: 740 ms

Elapsed time: 74163 ms


Execution #90/10000

Seed: 90
Estimated max possible cost 562.058704
for path: 
0 1 2 3 4 5 6 7 8 9 10 11 12 13 14 15 16 17 18 19 20 21 22 0
Execution time: 875 ms

Elapsed time: 75038 ms


Execution #91/10000

Seed: 91
Estimated max possible cost 562.058704
for path: 
0 1 2 3 4 5 6 7 8 9 10 11 12 13 14 15 16 17 18 19 20 21 22 0
Execution time: 898 ms

Elapsed time: 75936 ms


Execution #92/10000

Seed: 92
Estimated max possible cost 562.058704
for path: 
0 1 2 3 4 5 6 7 8 9 10 11 12 13 14 15 16 17 18 19 20 21 22 0
Execution time: 854 ms

Elapsed time: 76790 ms


Execution #93/10000

Seed: 93
Estimated max possible cost 562.058704
for path: 
0 1 2 3 4 5 6 7 8 9 10 11 12 13 14 15 16 17 18 19 20 21 22 0
Execution time: 530 ms

Elapsed time: 77320 ms


Execution #94/10000

Seed: 94
Estimated max possible cost 562.058704
for path: 
0 1 2 3 4 5 6 7 8 9 10 11 12 13 14 15 16 17 18 19 20 21 22 0
Execution time: 577 ms

Elapsed time: 77897 ms


Execution #95/10000

Seed: 95
Estimated max possible cost 562.058704
for path: 
0 1 2 3 4 5 6 7 8 9 10 11 12 13 14 15 16 17 18 19 20 21 22 0
Execution time: 809 ms

Elapsed time: 78706 ms


Execution #96/10000

Seed: 96
Estimated max possible cost 562.058704
for path: 
0 1 2 3 4 5 6 7 8 9 10 11 12 13 14 15 16 17 18 19 20 21 22 0
Execution time: 520 ms

Elapsed time: 79226 ms


Execution #97/10000

Seed: 97
Estimated max possible cost 562.058704
for path: 
0 1 2 3 4 5 6 7 8 9 10 11 12 13 14 15 16 17 18 19 20 21 22 0
Execution time: 872 ms

Elapsed time: 80098 ms


Execution #98/10000

Seed: 98
Estimated max possible cost 562.058704
for path: 
0 1 2 3 4 5 6 7 8 9 10 11 12 13 14 15 16 17 18 19 20 21 22 0
Execution time: 885 ms

Elapsed time: 80983 ms


Execution #99/10000

Seed: 99
Estimated max possible cost 562.058704
for path: 
0 1 2 3 4 5 6 7 8 9 10 11 12 13 14 15 16 17 18 19 20 21 22 0
Execution time: 884 ms

Elapsed time: 81867 ms


Execution #100/10000

Seed: 100
Estimated max possible cost 562.058704
for path: 
0 1 2 3 4 5 6 7 8 9 10 11 12 13 14 15 16 17 18 19 20 21 22 0
Execution time: 872 ms

Elapsed time: 82739 ms


Execution #101/10000

Seed: 101
Estimated max possible cost 562.058704
for path: 
0 1 2 3 4 5 6 7 8 9 10 11 12 13 14 15 16 17 18 19 20 21 22 0
Execution time: 895 ms

Elapsed time: 83634 ms


Execution #102/10000

Seed: 102
Estimated max possible cost 562.058704
for path: 
0 1 2 3 4 5 6 7 8 9 10 11 12 13 14 15 16 17 18 19 20 21 22 0
Execution time: 696 ms

Elapsed time: 84330 ms


Execution #103/10000

Seed: 103
Estimated max possible cost 562.058704
for path: 
0 1 2 3 4 5 6 7 8 9 10 11 12 13 14 15 16 17 18 19 20 21 22 0
Execution time: 518 ms

Elapsed time: 84848 ms


Execution #104/10000

Seed: 104
Estimated max possible cost 562.058704
for path: 
0 1 2 3 4 5 6 7 8 9 10 11 12 13 14 15 16 17 18 19 20 21 22 0
Execution time: 549 ms

Elapsed time: 85397 ms


Execution #105/10000

Seed: 105
Estimated max possible cost 562.058704
for path: 
0 1 2 3 4 5 6 7 8 9 10 11 12 13 14 15 16 17 18 19 20 21 22 0
Execution time: 697 ms

Elapsed time: 86094 ms


Execution #106/10000

Seed: 106
Estimated max possible cost 562.058704
for path: 
0 1 2 3 4 5 6 7 8 9 10 11 12 13 14 15 16 17 18 19 20 21 22 0
Execution time: 537 ms

Elapsed time: 86631 ms


Execution #107/10000

Seed: 107
Estimated max possible cost 562.058704
for path: 
0 1 2 3 4 5 6 7 8 9 10 11 12 13 14 15 16 17 18 19 20 21 22 0
Execution time: 874 ms

Elapsed time: 87505 ms


Execution #108/10000

Seed: 108
Estimated max possible cost 562.058704
for path: 
0 1 2 3 4 5 6 7 8 9 10 11 12 13 14 15 16 17 18 19 20 21 22 0
Execution time: 888 ms

Elapsed time: 88393 ms


Execution #109/10000

Seed: 109
Estimated max possible cost 562.058704
for path: 
0 1 2 3 4 5 6 7 8 9 10 11 12 13 14 15 16 17 18 19 20 21 22 0
Execution time: 882 ms

Elapsed time: 89275 ms


Execution #110/10000

Seed: 110
Estimated max possible cost 562.058704
for path: 
0 1 2 3 4 5 6 7 8 9 10 11 12 13 14 15 16 17 18 19 20 21 22 0
Execution time: 874 ms

Elapsed time: 90149 ms


Execution #111/10000

Seed: 111
Estimated max possible cost 562.058704
for path: 
0 1 2 3 4 5 6 7 8 9 10 11 12 13 14 15 16 17 18 19 20 21 22 0
Execution time: 898 ms

Elapsed time: 91047 ms


Execution #112/10000

Seed: 112
Estimated max possible cost 562.058704
for path: 
0 1 2 3 4 5 6 7 8 9 10 11 12 13 14 15 16 17 18 19 20 21 22 0
Execution time: 556 ms

Elapsed time: 91603 ms


Execution #113/10000

Seed: 113
Estimated max possible cost 562.058704
for path: 
0 1 2 3 4 5 6 7 8 9 10 11 12 13 14 15 16 17 18 19 20 21 22 0
Execution time: 655 ms

Elapsed time: 92258 ms


Execution #114/10000

Seed: 114
Estimated max possible cost 562.058704
for path: 
0 1 2 3 4 5 6 7 8 9 10 11 12 13 14 15 16 17 18 19 20 21 22 0
Execution time: 624 ms

Elapsed time: 92882 ms


Execution #115/10000

Seed: 115
Estimated max possible cost 562.058704
for path: 
0 1 2 3 4 5 6 7 8 9 10 11 12 13 14 15 16 17 18 19 20 21 22 0
Execution time: 720 ms

Elapsed time: 93602 ms


Execution #116/10000

Seed: 116
Estimated max possible cost 562.058704
for path: 
0 1 2 3 4 5 6 7 8 9 10 11 12 13 14 15 16 17 18 19 20 21 22 0
Execution time: 553 ms

Elapsed time: 94155 ms


Execution #117/10000

Seed: 117
Estimated max possible cost 562.058704
for path: 
0 1 2 3 4 5 6 7 8 9 10 11 12 13 14 15 16 17 18 19 20 21 22 0
Execution time: 646 ms

Elapsed time: 94801 ms


Execution #118/10000

Seed: 118
Estimated max possible cost 562.058704
for path: 
0 1 2 3 4 5 6 7 8 9 10 11 12 13 14 15 16 17 18 19 20 21 22 0
Execution time: 714 ms

Elapsed time: 95515 ms


Execution #119/10000

Seed: 119
Estimated max possible cost 562.058704
for path: 
0 1 2 3 4 5 6 7 8 9 10 11 12 13 14 15 16 17 18 19 20 21 22 0
Execution time: 834 ms

Elapsed time: 96349 ms


Execution #120/10000

Seed: 120
Estimated max possible cost 562.058704
for path: 
0 1 2 3 4 5 6 7 8 9 10 11 12 13 14 15 16 17 18 19 20 21 22 0
Execution time: 756 ms

Elapsed time: 97105 ms


Execution #121/10000

Seed: 121
Estimated max possible cost 562.058704
for path: 
0 1 2 3 4 5 6 7 8 9 10 11 12 13 14 15 16 17 18 19 20 21 22 0
Execution time: 577 ms

Elapsed time: 97682 ms


Execution #122/10000

Seed: 122
Estimated max possible cost 562.058704
for path: 
0 1 2 3 4 5 6 7 8 9 10 11 12 13 14 15 16 17 18 19 20 21 22 0
Execution time: 667 ms

Elapsed time: 98349 ms


Execution #123/10000

Seed: 123
Estimated max possible cost 562.058704
for path: 
0 1 2 3 4 5 6 7 8 9 10 11 12 13 14 15 16 17 18 19 20 21 22 0
Execution time: 811 ms

Elapsed time: 99160 ms


Execution #124/10000

Seed: 124
Estimated max possible cost 562.058704
for path: 
0 1 2 3 4 5 6 7 8 9 10 11 12 13 14 15 16 17 18 19 20 21 22 0
Execution time: 522 ms

Elapsed time: 99682 ms


Execution #125/10000

Seed: 125
Estimated max possible cost 562.058704
for path: 
0 1 2 3 4 5 6 7 8 9 10 11 12 13 14 15 16 17 18 19 20 21 22 0
Execution time: 839 ms

Elapsed time: 100521 ms


Execution #126/10000

Seed: 126
Estimated max possible cost 562.058704
for path: 
0 1 2 3 4 5 6 7 8 9 10 11 12 13 14 15 16 17 18 19 20 21 22 0
Execution time: 766 ms

Elapsed time: 101287 ms


Execution #127/10000

Seed: 127
Estimated max possible cost 562.058704
for path: 
0 1 2 3 4 5 6 7 8 9 10 11 12 13 14 15 16 17 18 19 20 21 22 0
Execution time: 764 ms

Elapsed time: 102051 ms


Execution #128/10000

Seed: 128
Estimated max possible cost 562.058704
for path: 
0 1 2 3 4 5 6 7 8 9 10 11 12 13 14 15 16 17 18 19 20 21 22 0
Execution time: 738 ms

Elapsed time: 102789 ms


Execution #129/10000

Seed: 129
Estimated max possible cost 562.058704
for path: 
0 1 2 3 4 5 6 7 8 9 10 11 12 13 14 15 16 17 18 19 20 21 22 0
Execution time: 702 ms

Elapsed time: 103491 ms


Execution #130/10000

Seed: 130
Estimated max possible cost 562.058704
for path: 
0 1 2 3 4 5 6 7 8 9 10 11 12 13 14 15 16 17 18 19 20 21 22 0
Execution time: 873 ms

Elapsed time: 104364 ms


Execution #131/10000

Seed: 131
Estimated max possible cost 562.058704
for path: 
0 1 2 3 4 5 6 7 8 9 10 11 12 13 14 15 16 17 18 19 20 21 22 0
Execution time: 889 ms

Elapsed time: 105253 ms


Execution #132/10000

Seed: 132
Estimated max possible cost 562.058704
for path: 
0 1 2 3 4 5 6 7 8 9 10 11 12 13 14 15 16 17 18 19 20 21 22 0
Execution time: 876 ms

Elapsed time: 106129 ms


Execution #133/10000

Seed: 133
Estimated max possible cost 562.058704
for path: 
0 1 2 3 4 5 6 7 8 9 10 11 12 13 14 15 16 17 18 19 20 21 22 0
Execution time: 898 ms

Elapsed time: 107027 ms


Execution #134/10000

Seed: 134
Estimated max possible cost 562.058704
for path: 
0 1 2 3 4 5 6 7 8 9 10 11 12 13 14 15 16 17 18 19 20 21 22 0
Execution time: 735 ms

Elapsed time: 107762 ms


Execution #135/10000

Seed: 135
Estimated max possible cost 562.058704
for path: 
0 1 2 3 4 5 6 7 8 9 10 11 12 13 14 15 16 17 18 19 20 21 22 0
Execution time: 830 ms

Elapsed time: 108592 ms


Execution #136/10000

Seed: 136
Estimated max possible cost 562.058704
for path: 
0 1 2 3 4 5 6 7 8 9 10 11 12 13 14 15 16 17 18 19 20 21 22 0
Execution time: 885 ms

Elapsed time: 109477 ms


Execution #137/10000

Seed: 137
Estimated max possible cost 562.058704
for path: 
0 1 2 3 4 5 6 7 8 9 10 11 12 13 14 15 16 17 18 19 20 21 22 0
Execution time: 874 ms

Elapsed time: 110351 ms


Execution #138/10000

Seed: 138
Estimated max possible cost 562.058704
for path: 
0 1 2 3 4 5 6 7 8 9 10 11 12 13 14 15 16 17 18 19 20 21 22 0
Execution time: 946 ms

Elapsed time: 111297 ms


Execution #139/10000

Seed: 139
Estimated max possible cost 562.058704
for path: 
0 1 2 3 4 5 6 7 8 9 10 11 12 13 14 15 16 17 18 19 20 21 22 0
Execution time: 767 ms

Elapsed time: 112064 ms


Execution #140/10000

Seed: 140
Estimated max possible cost 562.058704
for path: 
0 1 2 3 4 5 6 7 8 9 10 11 12 13 14 15 16 17 18 19 20 21 22 0
Execution time: 793 ms

Elapsed time: 112857 ms


Execution #141/10000

Seed: 141
Estimated max possible cost 562.058704
for path: 
0 1 2 3 4 5 6 7 8 9 10 11 12 13 14 15 16 17 18 19 20 21 22 0
Execution time: 749 ms

Elapsed time: 113606 ms


Execution #142/10000

Seed: 142
Estimated max possible cost 562.058704
for path: 
0 1 2 3 4 5 6 7 8 9 10 11 12 13 14 15 16 17 18 19 20 21 22 0
Execution time: 693 ms

Elapsed time: 114299 ms


Execution #143/10000

Seed: 143
Estimated max possible cost 562.058704
for path: 
0 1 2 3 4 5 6 7 8 9 10 11 12 13 14 15 16 17 18 19 20 21 22 0
Execution time: 744 ms

Elapsed time: 115043 ms


Execution #144/10000

Seed: 144
Estimated max possible cost 562.058704
for path: 
0 1 2 3 4 5 6 7 8 9 10 11 12 13 14 15 16 17 18 19 20 21 22 0
Execution time: 807 ms

Elapsed time: 115850 ms


Execution #145/10000

Seed: 145
Estimated max possible cost 562.058704
for path: 
0 1 2 3 4 5 6 7 8 9 10 11 12 13 14 15 16 17 18 19 20 21 22 0
Execution time: 816 ms

Elapsed time: 116666 ms


Execution #146/10000

Seed: 146
Estimated max possible cost 562.058704
for path: 
0 1 2 3 4 5 6 7 8 9 10 11 12 13 14 15 16 17 18 19 20 21 22 0
Execution time: 801 ms

Elapsed time: 117467 ms


Execution #147/10000

Seed: 147
Estimated max possible cost 562.058704
for path: 
0 1 2 3 4 5 6 7 8 9 10 11 12 13 14 15 16 17 18 19 20 21 22 0
Execution time: 768 ms

Elapsed time: 118235 ms


Execution #148/10000

Seed: 148
Estimated max possible cost 562.058704
for path: 
0 1 2 3 4 5 6 7 8 9 10 11 12 13 14 15 16 17 18 19 20 21 22 0
Execution time: 684 ms

Elapsed time: 118919 ms


Execution #149/10000

Seed: 149
Estimated max possible cost 562.058704
for path: 
0 1 2 3 4 5 6 7 8 9 10 11 12 13 14 15 16 17 18 19 20 21 22 0
Execution time: 797 ms

Elapsed time: 119716 ms


Execution #150/10000

Seed: 150
Estimated max possible cost 562.058704
for path: 
0 1 2 3 4 5 6 7 8 9 10 11 12 13 14 15 16 17 18 19 20 21 22 0
Execution time: 843 ms

Elapsed time: 120559 ms


Execution #151/10000

Seed: 151
Estimated max possible cost 562.058704
for path: 
0 1 2 3 4 5 6 7 8 9 10 11 12 13 14 15 16 17 18 19 20 21 22 0
Execution time: 774 ms

Elapsed time: 121333 ms


Execution #152/10000

Seed: 152
Estimated max possible cost 562.058704
for path: 
0 1 2 3 4 5 6 7 8 9 10 11 12 13 14 15 16 17 18 19 20 21 22 0
Execution time: 756 ms

Elapsed time: 122089 ms


Execution #153/10000

Seed: 153
Estimated max possible cost 562.058704
for path: 
0 1 2 3 4 5 6 7 8 9 10 11 12 13 14 15 16 17 18 19 20 21 22 0
Execution time: 788 ms

Elapsed time: 122877 ms


Execution #154/10000

Seed: 154
Estimated max possible cost 562.058704
for path: 
0 1 2 3 4 5 6 7 8 9 10 11 12 13 14 15 16 17 18 19 20 21 22 0
Execution time: 741 ms

Elapsed time: 123618 ms


Execution #155/10000

Seed: 155
Estimated max possible cost 562.058704
for path: 
0 1 2 3 4 5 6 7 8 9 10 11 12 13 14 15 16 17 18 19 20 21 22 0
Execution time: 627 ms

Elapsed time: 124245 ms


Execution #156/10000

Seed: 156
Estimated max possible cost 562.058704
for path: 
0 1 2 3 4 5 6 7 8 9 10 11 12 13 14 15 16 17 18 19 20 21 22 0
Execution time: 823 ms

Elapsed time: 125068 ms


Execution #157/10000

Seed: 157
Estimated max possible cost 562.058704
for path: 
0 1 2 3 4 5 6 7 8 9 10 11 12 13 14 15 16 17 18 19 20 21 22 0
Execution time: 792 ms

Elapsed time: 125860 ms


Execution #158/10000

Seed: 158
Estimated max possible cost 562.058704
for path: 
0 1 2 3 4 5 6 7 8 9 10 11 12 13 14 15 16 17 18 19 20 21 22 0
Execution time: 815 ms

Elapsed time: 126675 ms


Execution #159/10000

Seed: 159
Estimated max possible cost 562.058704
for path: 
0 1 2 3 4 5 6 7 8 9 10 11 12 13 14 15 16 17 18 19 20 21 22 0
Execution time: 745 ms

Elapsed time: 127420 ms


Execution #160/10000

Seed: 160
Estimated max possible cost 562.058704
for path: 
0 1 2 3 4 5 6 7 8 9 10 11 12 13 14 15 16 17 18 19 20 21 22 0
Execution time: 793 ms

Elapsed time: 128213 ms


Execution #161/10000

Seed: 161
Estimated max possible cost 562.058704
for path: 
0 1 2 3 4 5 6 7 8 9 10 11 12 13 14 15 16 17 18 19 20 21 22 0
Execution time: 846 ms

Elapsed time: 129059 ms


Execution #162/10000

Seed: 162
Estimated max possible cost 562.058704
for path: 
0 1 2 3 4 5 6 7 8 9 10 11 12 13 14 15 16 17 18 19 20 21 22 0
Execution time: 755 ms

Elapsed time: 129814 ms


Execution #163/10000

Seed: 163
Estimated max possible cost 562.058704
for path: 
0 1 2 3 4 5 6 7 8 9 10 11 12 13 14 15 16 17 18 19 20 21 22 0
Execution time: 733 ms

Elapsed time: 130547 ms


Execution #164/10000

Seed: 164
Estimated max possible cost 562.058704
for path: 
0 1 2 3 4 5 6 7 8 9 10 11 12 13 14 15 16 17 18 19 20 21 22 0
Execution time: 792 ms

Elapsed time: 131339 ms


Execution #165/10000

Seed: 165
Estimated max possible cost 562.058704
for path: 
0 1 2 3 4 5 6 7 8 9 10 11 12 13 14 15 16 17 18 19 20 21 22 0
Execution time: 709 ms

Elapsed time: 132048 ms


Execution #166/10000

Seed: 166
Estimated max possible cost 562.058704
for path: 
0 1 2 3 4 5 6 7 8 9 10 11 12 13 14 15 16 17 18 19 20 21 22 0
Execution time: 742 ms

Elapsed time: 132790 ms


Execution #167/10000

Seed: 167
Estimated max possible cost 562.058704
for path: 
0 1 2 3 4 5 6 7 8 9 10 11 12 13 14 15 16 17 18 19 20 21 22 0
Execution time: 721 ms

Elapsed time: 133511 ms


Execution #168/10000

Seed: 168
Estimated max possible cost 562.058704
for path: 
