Solving TSP


Execution #1/10000

Seed: 1
Estimated max possible cost 564.493783
for path: 
0 1 2 3 4 5 6 7 8 9 10 11 12 13 14 15 16 17 18 19 20 21 22 23 0
Memory needed for path: 25248641 locs, for costs: 26313518 locs.
Desired precision: 1e+12
Mem constraint for cost_t: 16 bits
Rounded to pow of 2 bytes mem constraint (capped at 64bits) for cost_t: 16 bits
Bits needed for an int to preserve precision: 49
Warning: cannot preserve precision.
Warning: Using an integer; there is not enough memory for decimals.
Bits used per cost_t: 16
Selected cost_t = (u)int16_t
Solving with cost_t = t
Memory [GB] needed: 0.0725274
Requested precision is too high;managed to differentiate costs by: 0.000032
Distances:
0, 5.08, 242.54, 232.423, 228.124, 218.013, 212.172, 212.044, 211.947, 211.88, 211.843, 211.837, 211.862, 211.917, 212.002, 212.117, 212.263, 212.44, 212.646, 212.882, 213.149, 196.958, 196.821, 196.716, 
5.08, 0, 247.599, 237.481, 233.181, 223.068, 217.244, 217.119, 217.024, 216.959, 216.923, 216.917, 216.941, 216.995, 217.078, 217.191, 217.333, 217.505, 217.707, 217.938, 218.198, 202.029, 201.895, 201.793, 
242.54, 247.599, 0, 10.16, 14.478, 24.638, 31.3255, 32.219, 33.2827, 34.501, 35.8581, 37.3389, 38.9292, 40.6162, 42.3883, 44.2354, 46.1484, 48.1194, 50.1417, 52.2092, 54.3168, 46.0364, 46.649, 47.3899, 
232.423, 237.481, 10.16, 0, 4.318, 14.478, 21.9236, 23.1823, 24.6393, 26.2617, 28.0207, 29.8922, 31.8565, 33.8973, 36.0018, 38.1592, 40.3612, 42.6009, 44.8725, 47.1716, 49.4942, 36.1805, 36.9568, 37.8877, 
228.124, 233.181, 14.478, 4.318, 0, 10.16, 18.1765, 19.6764, 21.3738, 23.2254, 25.1973, 27.2633, 29.4037, 31.6034, 33.8507, 36.1368, 38.4548, 40.7992, 43.1658, 45.5511, 47.9522, 32.0493, 32.9231, 33.9648, 
218.013, 223.068, 24.638, 14.478, 10.16, 0, 11.1326, 13.4428, 15.8236, 18.2474, 20.6991, 23.1698, 25.654, 28.1482, 30.6499, 33.1575, 35.6696, 38.1854, 40.7042, 43.2255, 45.7489, 22.606, 23.8287, 25.2484, 
212.172, 217.244, 31.3255, 21.9236, 18.1765, 11.1326, 0, 2.54, 5.08, 7.62, 10.16, 12.7, 15.24, 17.78, 20.32, 22.86, 25.4, 27.94, 30.48, 33.02, 35.56, 15.24, 15.4502, 16.0644, 
212.044, 217.119, 32.219, 23.1823, 19.6764, 13.4428, 2.54, 0, 2.54, 5.08, 7.62, 10.16, 12.7, 15.24, 17.78, 20.32, 22.86, 25.4, 27.94, 30.48, 33.02, 15.4502, 15.24, 15.4502, 
211.947, 217.024, 33.2827, 24.6393, 21.3738, 15.8236, 5.08, 2.54, 0, 2.54, 5.08, 7.62, 10.16, 12.7, 15.24, 17.78, 20.32, 22.86, 25.4, 27.94, 30.48, 16.0644, 15.4502, 15.24, 
211.88, 216.959, 34.501, 26.2617, 23.2254, 18.2474, 7.62, 5.08, 2.54, 0, 2.54, 5.08, 7.62, 10.16, 12.7, 15.24, 17.78, 20.32, 22.86, 25.4, 27.94, 17.0388, 16.0644, 15.4502, 
211.843, 216.923, 35.8581, 28.0207, 25.1973, 20.6991, 10.16, 7.62, 5.08, 2.54, 0, 2.54, 5.08, 7.62, 10.16, 12.7, 15.24, 17.78, 20.32, 22.86, 25.4, 18.3162, 17.0388, 16.0644, 
211.837, 216.917, 37.3389, 29.8922, 27.2633, 23.1698, 12.7, 10.16, 7.62, 5.08, 2.54, 0, 2.54, 5.08, 7.62, 10.16, 12.7, 15.24, 17.78, 20.32, 22.86, 19.838, 18.3162, 17.0388, 
211.862, 216.941, 38.9292, 31.8565, 29.4037, 25.654, 15.24, 12.7, 10.16, 7.62, 5.08, 2.54, 0, 2.54, 5.08, 7.62, 10.16, 12.7, 15.24, 17.78, 20.32, 21.5526, 19.838, 18.3162, 
211.917, 216.995, 40.6162, 33.8973, 31.6034, 28.1482, 17.78, 15.24, 12.7, 10.16, 7.62, 5.08, 2.54, 0, 2.54, 5.08, 7.62, 10.16, 12.7, 15.24, 17.78, 23.4176, 21.5526, 19.838, 
212.002, 217.078, 42.3883, 36.0018, 33.8507, 30.6499, 20.32, 17.78, 15.24, 12.7, 10.16, 7.62, 5.08, 2.54, 0, 2.54, 5.08, 7.62, 10.16, 12.7, 15.24, 25.4, 23.4176, 21.5526, 
212.117, 217.191, 44.2354, 38.1592, 36.1368, 33.1575, 22.86, 20.32, 17.78, 15.24, 12.7, 10.16, 7.62, 5.08, 2.54, 0, 2.54, 5.08, 7.62, 10.16, 12.7, 27.4743, 25.4, 23.4176, 
212.263, 217.333, 46.1484, 40.3612, 38.4548, 35.6696, 25.4, 22.86, 20.32, 17.78, 15.24, 12.7, 10.16, 7.62, 5.08, 2.54, 0, 2.54, 5.08, 7.62, 10.16, 29.6212, 27.4743, 25.4, 
212.44, 217.505, 48.1194, 42.6009, 40.7992, 38.1854, 27.94, 25.4, 22.86, 20.32, 17.78, 15.24, 12.7, 10.16, 7.62, 5.08, 2.54, 0, 2.54, 5.08, 7.62, 31.8261, 29.6212, 27.4743, 
212.646, 217.707, 50.1417, 44.8725, 43.1658, 40.7042, 30.48, 27.94, 25.4, 22.86, 20.32, 17.78, 15.24, 12.7, 10.16, 7.62, 5.08, 2.54, 0, 2.54, 5.08, 34.0777, 31.8261, 29.6212, 
212.882, 217.938, 52.2092, 47.1716, 45.5511, 43.2255, 33.02, 30.48, 27.94, 25.4, 22.86, 20.32, 17.78, 15.24, 12.7, 10.16, 7.62, 5.08, 2.54, 0, 2.54, 36.3673, 34.0777, 31.8261, 
213.149, 218.198, 54.3168, 49.4942, 47.9522, 45.7489, 35.56, 33.02, 30.48, 27.94, 25.4, 22.86, 20.32, 17.78, 15.24, 12.7, 10.16, 7.62, 5.08, 2.54, 0, 38.6881, 36.3673, 34.0777, 
196.958, 202.029, 46.0364, 36.1805, 32.0493, 22.606, 15.24, 15.4502, 16.0644, 17.0388, 18.3162, 19.838, 21.5526, 23.4176, 25.4, 27.4743, 29.6212, 31.8261, 34.0777, 36.3673, 38.6881, 0, 2.54, 5.08, 
196.821, 201.895, 46.649, 36.9568, 32.9231, 23.8287, 15.4502, 15.24, 15.4502, 16.0644, 17.0388, 18.3162, 19.838, 21.5526, 23.4176, 25.4, 27.4743, 29.6212, 31.8261, 34.0777, 36.3673, 2.54, 0, 2.54, 
196.716, 201.793, 47.3899, 37.8877, 33.9648, 25.2484, 16.0644, 15.4502, 15.24, 15.4502, 16.0644, 17.0388, 18.3162, 19.838, 21.5526, 23.4176, 25.4, 27.4743, 29.6212, 31.8261, 34.0777, 5.08, 2.54, 0, 
Scaled Distances:
0, 316, 29815, 28558, 28024, 26768, 26042, 26027, 26014, 26006, 26002, 26001, 26004, 26011, 26021, 26036, 26054, 26076, 26101, 26131, 26164, 24152, 24135, 24122, 
316, 0, 30443, 29186, 28652, 27396, 26672, 26657, 26645, 26637, 26633, 26632, 26635, 26641, 26652, 26666, 26684, 26705, 26730, 26759, 26791, 24782, 24766, 24753, 
29815, 30443, 0, 947, 1483, 2745, 3576, 3687, 3819, 3970, 4139, 4323, 4521, 4730, 4950, 5180, 5417, 5662, 5914, 6170, 6432, 5404, 5480, 5572, 
28558, 29186, 947, 0, 221, 1483, 2408, 2564, 2745, 2947, 3165, 3398, 3642, 3895, 4157, 4425, 4698, 4977, 5259, 5545, 5833, 4179, 4276, 4391, 
28024, 28652, 1483, 221, 0, 947, 1943, 2129, 2340, 2570, 2815, 3071, 3337, 3611, 3890, 4174, 4462, 4753, 5047, 5343, 5642, 3666, 3774, 3904, 
26768, 27396, 2745, 1483, 947, 0, 1067, 1354, 1650, 1951, 2256, 2563, 2871, 3181, 3492, 3804, 4116, 4428, 4741, 5054, 5368, 2493, 2645, 2821, 
26042, 26672, 3576, 2408, 1943, 1067, 0, 0, 316, 631, 947, 1262, 1578, 1893, 2209, 2524, 2840, 3155, 3471, 3787, 4102, 1578, 1604, 1680, 
26027, 26657, 3687, 2564, 2129, 1354, 0, 0, 0, 316, 631, 947, 1262, 1578, 1893, 2209, 2524, 2840, 3155, 3471, 3787, 1604, 1578, 1604, 
26014, 26645, 3819, 2745, 2340, 1650, 316, 0, 0, 0, 316, 631, 947, 1262, 1578, 1893, 2209, 2524, 2840, 3155, 3471, 1680, 1604, 1578, 
26006, 26637, 3970, 2947, 2570, 1951, 631, 316, 0, 0, 0, 316, 631, 947, 1262, 1578, 1893, 2209, 2524, 2840, 3155, 1801, 1680, 1604, 
26002, 26633, 4139, 3165, 2815, 2256, 947, 631, 316, 0, 0, 0, 316, 631, 947, 1262, 1578, 1893, 2209, 2524, 2840, 1960, 1801, 1680, 
26001, 26632, 4323, 3398, 3071, 2563, 1262, 947, 631, 316, 0, 0, 0, 316, 631, 947, 1262, 1578, 1893, 2209, 2524, 2149, 1960, 1801, 
26004, 26635, 4521, 3642, 3337, 2871, 1578, 1262, 947, 631, 316, 0, 0, 0, 316, 631, 947, 1262, 1578, 1893, 2209, 2362, 2149, 1960, 
26011, 26641, 4730, 3895, 3611, 3181, 1893, 1578, 1262, 947, 631, 316, 0, 0, 0, 316, 631, 947, 1262, 1578, 1893, 2594, 2362, 2149, 
26021, 26652, 4950, 4157, 3890, 3492, 2209, 1893, 1578, 1262, 947, 631, 316, 0, 0, 0, 316, 631, 947, 1262, 1578, 2840, 2594, 2362, 
26036, 26666, 5180, 4425, 4174, 3804, 2524, 2209, 1893, 1578, 1262, 947, 631, 316, 0, 0, 0, 316, 631, 947, 1262, 3098, 2840, 2594, 
26054, 26684, 5417, 4698, 4462, 4116, 2840, 2524, 2209, 1893, 1578, 1262, 947, 631, 316, 0, 0, 0, 316, 631, 947, 3364, 3098, 2840, 
26076, 26705, 5662, 4977, 4753, 4428, 3155, 2840, 2524, 2209, 1893, 1578, 1262, 947, 631, 316, 0, 0, 0, 316, 631, 3638, 3364, 3098, 
26101, 26730, 5914, 5259, 5047, 4741, 3471, 3155, 2840, 2524, 2209, 1893, 1578, 1262, 947, 631, 316, 0, 0, 0, 316, 3918, 3638, 3364, 
26131, 26759, 6170, 5545, 5343, 5054, 3787, 3471, 3155, 2840, 2524, 2209, 1893, 1578, 1262, 947, 631, 316, 0, 0, 0, 4202, 3918, 3638, 
26164, 26791, 6432, 5833, 5642, 5368, 4102, 3787, 3471, 3155, 2840, 2524, 2209, 1893, 1578, 1262, 947, 631, 316, 0, 0, 4491, 4202, 3918, 
24152, 24782, 5404, 4179, 3666, 2493, 1578, 1604, 1680, 1801, 1960, 2149, 2362, 2594, 2840, 3098, 3364, 3638, 3918, 4202, 4491, 0, 0, 316, 
24135, 24766, 5480, 4276, 3774, 2645, 1604, 1578, 1604, 1680, 1801, 1960, 2149, 2362, 2594, 2840, 3098, 3364, 3638, 3918, 4202, 0, 0, 0, 
24122, 24753, 5572, 4391, 3904, 2821, 1680, 1604, 1578, 1604, 1680, 1801, 1960, 2149, 2362, 2594, 2840, 3098, 3364, 3638, 3918, 316, 0, 0, 
Optimal total distance (scaled) for 24 points: 59413
Optimal total distance for 24 points: 539.203521
Corresponding path (0-indexed):
Point #23
Point #0
Point #1
Point #20
Point #19
Point #18
Point #17
Point #16
Point #15
Point #14
Point #13
Point #12
Point #11
Point #10
Point #9
Point #8
Point #7
Point #6
Point #2
Point #3
Point #4
Point #5
Point #21
Point #22
Point #23
Execution time: 2053 ms

Elapsed time: 2053 ms


Execution #2/10000

Seed: 2
Estimated max possible cost 564.493783
for path: 
0 1 2 3 4 5 6 7 8 9 10 11 12 13 14 15 16 17 18 19 20 21 22 23 0
Execution time: 2088 ms

Elapsed time: 4141 ms


Execution #3/10000

Seed: 3
Estimated max possible cost 564.493783
for path: 
0 1 2 3 4 5 6 7 8 9 10 11 12 13 14 15 16 17 18 19 20 21 22 23 0
Execution time: 2168 ms

Elapsed time: 6309 ms


Execution #4/10000

Seed: 4
Estimated max possible cost 564.493783
for path: 
0 1 2 3 4 5 6 7 8 9 10 11 12 13 14 15 16 17 18 19 20 21 22 23 0
Execution time: 2177 ms

Elapsed time: 8486 ms


Execution #5/10000

Seed: 5
Estimated max possible cost 564.493783
for path: 
0 1 2 3 4 5 6 7 8 9 10 11 12 13 14 15 16 17 18 19 20 21 22 23 0
Execution time: 2146 ms

Elapsed time: 10632 ms


Execution #6/10000

Seed: 6
Estimated max possible cost 564.493783
for path: 
0 1 2 3 4 5 6 7 8 9 10 11 12 13 14 15 16 17 18 19 20 21 22 23 0
Execution time: 2036 ms

Elapsed time: 12668 ms


Execution #7/10000

Seed: 7
Estimated max possible cost 564.493783
for path: 
0 1 2 3 4 5 6 7 8 9 10 11 12 13 14 15 16 17 18 19 20 21 22 23 0
Execution time: 1768 ms

Elapsed time: 14436 ms


Execution #8/10000

Seed: 8
Estimated max possible cost 564.493783
for path: 
0 1 2 3 4 5 6 7 8 9 10 11 12 13 14 15 16 17 18 19 20 21 22 23 0
Execution time: 1452 ms

Elapsed time: 15888 ms


Execution #9/10000

Seed: 9
Estimated max possible cost 564.493783
for path: 
0 1 2 3 4 5 6 7 8 9 10 11 12 13 14 15 16 17 18 19 20 21 22 23 0
Execution time: 1518 ms

Elapsed time: 17406 ms


Execution #10/10000

Seed: 10
Estimated max possible cost 564.493783
for path: 
0 1 2 3 4 5 6 7 8 9 10 11 12 13 14 15 16 17 18 19 20 21 22 23 0
Execution time: 2181 ms

Elapsed time: 19587 ms


Execution #11/10000

Seed: 11
Estimated max possible cost 564.493783
for path: 
0 1 2 3 4 5 6 7 8 9 10 11 12 13 14 15 16 17 18 19 20 21 22 23 0
Execution time: 2172 ms

Elapsed time: 21759 ms


Execution #12/10000

Seed: 12
Estimated max possible cost 564.493783
for path: 
0 1 2 3 4 5 6 7 8 9 10 11 12 13 14 15 16 17 18 19 20 21 22 23 0
Execution time: 1919 ms

Elapsed time: 23678 ms


Execution #13/10000

Seed: 13
Estimated max possible cost 564.493783
for path: 
0 1 2 3 4 5 6 7 8 9 10 11 12 13 14 15 16 17 18 19 20 21 22 23 0
Execution time: 1871 ms

Elapsed time: 25549 ms


Execution #14/10000

Seed: 14
Estimated max possible cost 564.493783
for path: 
0 1 2 3 4 5 6 7 8 9 10 11 12 13 14 15 16 17 18 19 20 21 22 23 0
Execution time: 2175 ms

Elapsed time: 27724 ms


Execution #15/10000

Seed: 15
Estimated max possible cost 564.493783
for path: 
0 1 2 3 4 5 6 7 8 9 10 11 12 13 14 15 16 17 18 19 20 21 22 23 0
Execution time: 2057 ms

Elapsed time: 29781 ms


Execution #16/10000

Seed: 16
Estimated max possible cost 564.493783
for path: 
0 1 2 3 4 5 6 7 8 9 10 11 12 13 14 15 16 17 18 19 20 21 22 23 0
Execution time: 2059 ms

Elapsed time: 31840 ms


Execution #17/10000

Seed: 17
Estimated max possible cost 564.493783
for path: 
0 1 2 3 4 5 6 7 8 9 10 11 12 13 14 15 16 17 18 19 20 21 22 23 0
Execution time: 1546 ms

Elapsed time: 33386 ms


Execution #18/10000

Seed: 18
Estimated max possible cost 564.493783
for path: 
0 1 2 3 4 5 6 7 8 9 10 11 12 13 14 15 16 17 18 19 20 21 22 23 0
Execution time: 2074 ms

Elapsed time: 35460 ms


Execution #19/10000

Seed: 19
Estimated max possible cost 564.493783
for path: 
0 1 2 3 4 5 6 7 8 9 10 11 12 13 14 15 16 17 18 19 20 21 22 23 0
Execution time: 2105 ms

Elapsed time: 37565 ms


Execution #20/10000

Seed: 20
Estimated max possible cost 564.493783
for path: 
0 1 2 3 4 5 6 7 8 9 10 11 12 13 14 15 16 17 18 19 20 21 22 23 0
Execution time: 2169 ms

Elapsed time: 39734 ms


Execution #21/10000

Seed: 21
Estimated max possible cost 564.493783
for path: 
0 1 2 3 4 5 6 7 8 9 10 11 12 13 14 15 16 17 18 19 20 21 22 23 0
Execution time: 2150 ms

Elapsed time: 41884 ms


Execution #22/10000

Seed: 22
Estimated max possible cost 564.493783
for path: 
0 1 2 3 4 5 6 7 8 9 10 11 12 13 14 15 16 17 18 19 20 21 22 23 0
Execution time: 2173 ms

Elapsed time: 44057 ms


Execution #23/10000

Seed: 23
Estimated max possible cost 564.493783
for path: 
0 1 2 3 4 5 6 7 8 9 10 11 12 13 14 15 16 17 18 19 20 21 22 23 0
Execution time: 2168 ms

Elapsed time: 46225 ms


Execution #24/10000

Seed: 24
Estimated max possible cost 564.493783
for path: 
0 1 2 3 4 5 6 7 8 9 10 11 12 13 14 15 16 17 18 19 20 21 22 23 0
Execution time: 2083 ms

Elapsed time: 48308 ms


Execution #25/10000

Seed: 25
Estimated max possible cost 564.493783
for path: 
0 1 2 3 4 5 6 7 8 9 10 11 12 13 14 15 16 17 18 19 20 21 22 23 0
Execution time: 2167 ms

Elapsed time: 50475 ms


Execution #26/10000

Seed: 26
Estimated max possible cost 564.493783
for path: 
0 1 2 3 4 5 6 7 8 9 10 11 12 13 14 15 16 17 18 19 20 21 22 23 0
Execution time: 2169 ms

Elapsed time: 52644 ms


Execution #27/10000

Seed: 27
Estimated max possible cost 564.493783
for path: 
0 1 2 3 4 5 6 7 8 9 10 11 12 13 14 15 16 17 18 19 20 21 22 23 0
Execution time: 2167 ms

Elapsed time: 54811 ms


Execution #28/10000

Seed: 28
Estimated max possible cost 564.493783
for path: 
0 1 2 3 4 5 6 7 8 9 10 11 12 13 14 15 16 17 18 19 20 21 22 23 0
Execution time: 2096 ms

Elapsed time: 56907 ms


Execution #29/10000

Seed: 29
Estimated max possible cost 564.493783
for path: 
0 1 2 3 4 5 6 7 8 9 10 11 12 13 14 15 16 17 18 19 20 21 22 23 0
Execution time: 2164 ms

Elapsed time: 59071 ms


Execution #30/10000

Seed: 30
Estimated max possible cost 564.493783
for path: 
0 1 2 3 4 5 6 7 8 9 10 11 12 13 14 15 16 17 18 19 20 21 22 23 0
Execution time: 2164 ms

Elapsed time: 61235 ms


Execution #31/10000

Seed: 31
Estimated max possible cost 564.493783
for path: 
0 1 2 3 4 5 6 7 8 9 10 11 12 13 14 15 16 17 18 19 20 21 22 23 0
Execution time: 2168 ms

Elapsed time: 63403 ms


Execution #32/10000

Seed: 32
Estimated max possible cost 564.493783
for path: 
0 1 2 3 4 5 6 7 8 9 10 11 12 13 14 15 16 17 18 19 20 21 22 23 0
Execution time: 2163 ms

Elapsed time: 65566 ms


Execution #33/10000

Seed: 33
Estimated max possible cost 564.493783
for path: 
0 1 2 3 4 5 6 7 8 9 10 11 12 13 14 15 16 17 18 19 20 21 22 23 0
Execution time: 2169 ms

Elapsed time: 67735 ms


Execution #34/10000

Seed: 34
Estimated max possible cost 564.493783
for path: 
0 1 2 3 4 5 6 7 8 9 10 11 12 13 14 15 16 17 18 19 20 21 22 23 0
Execution time: 2158 ms

Elapsed time: 69893 ms


Execution #35/10000

Seed: 35
Estimated max possible cost 564.493783
for path: 
0 1 2 3 4 5 6 7 8 9 10 11 12 13 14 15 16 17 18 19 20 21 22 23 0
Execution time: 2036 ms

Elapsed time: 71929 ms


Execution #36/10000

Seed: 36
Estimated max possible cost 564.493783
for path: 
0 1 2 3 4 5 6 7 8 9 10 11 12 13 14 15 16 17 18 19 20 21 22 23 0
Execution time: 2051 ms

Elapsed time: 73980 ms


Execution #37/10000

Seed: 37
Estimated max possible cost 564.493783
for path: 
0 1 2 3 4 5 6 7 8 9 10 11 12 13 14 15 16 17 18 19 20 21 22 23 0
Execution time: 2170 ms

Elapsed time: 76150 ms


Execution #38/10000

Seed: 38
Estimated max possible cost 564.493783
for path: 
0 1 2 3 4 5 6 7 8 9 10 11 12 13 14 15 16 17 18 19 20 21 22 23 0
Execution time: 1560 ms

Elapsed time: 77710 ms


Execution #39/10000

Seed: 39
Estimated max possible cost 564.493783
for path: 
0 1 2 3 4 5 6 7 8 9 10 11 12 13 14 15 16 17 18 19 20 21 22 23 0
Execution time: 1716 ms

Elapsed time: 79426 ms


Execution #40/10000

Seed: 40
Estimated max possible cost 564.493783
for path: 
0 1 2 3 4 5 6 7 8 9 10 11 12 13 14 15 16 17 18 19 20 21 22 23 0
Execution time: 2172 ms

Elapsed time: 81598 ms


Execution #41/10000

Seed: 41
Estimated max possible cost 564.493783
for path: 
0 1 2 3 4 5 6 7 8 9 10 11 12 13 14 15 16 17 18 19 20 21 22 23 0
Execution time: 2168 ms

Elapsed time: 83766 ms


Execution #42/10000

Seed: 42
Estimated max possible cost 564.493783
for path: 
0 1 2 3 4 5 6 7 8 9 10 11 12 13 14 15 16 17 18 19 20 21 22 23 0
Execution time: 1442 ms

Elapsed time: 85208 ms


Execution #43/10000

Seed: 43
Estimated max possible cost 564.493783
for path: 
0 1 2 3 4 5 6 7 8 9 10 11 12 13 14 15 16 17 18 19 20 21 22 23 0
Execution time: 1534 ms

Elapsed time: 86742 ms


Execution #44/10000

Seed: 44
Estimated max possible cost 564.493783
for path: 
0 1 2 3 4 5 6 7 8 9 10 11 12 13 14 15 16 17 18 19 20 21 22 23 0
Execution time: 2171 ms

Elapsed time: 88913 ms


Execution #45/10000

Seed: 45
Estimated max possible cost 564.493783
for path: 
0 1 2 3 4 5 6 7 8 9 10 11 12 13 14 15 16 17 18 19 20 21 22 23 0
Execution time: 2170 ms

Elapsed time: 91083 ms


Execution #46/10000

Seed: 46
Estimated max possible cost 564.493783
for path: 
0 1 2 3 4 5 6 7 8 9 10 11 12 13 14 15 16 17 18 19 20 21 22 23 0
Execution time: 1486 ms

Elapsed time: 92569 ms


Execution #47/10000

Seed: 47
Estimated max possible cost 564.493783
for path: 
0 1 2 3 4 5 6 7 8 9 10 11 12 13 14 15 16 17 18 19 20 21 22 23 0
Execution time: 1619 ms

Elapsed time: 94188 ms


Execution #48/10000

Seed: 48
Estimated max possible cost 564.493783
for path: 
0 1 2 3 4 5 6 7 8 9 10 11 12 13 14 15 16 17 18 19 20 21 22 23 0
Execution time: 1729 ms

Elapsed time: 95917 ms


Execution #49/10000

Seed: 49
Estimated max possible cost 564.493783
for path: 
0 1 2 3 4 5 6 7 8 9 10 11 12 13 14 15 16 17 18 19 20 21 22 23 0
Execution time: 1775 ms

Elapsed time: 97692 ms


Execution #50/10000

Seed: 50
Estimated max possible cost 564.493783
for path: 
0 1 2 3 4 5 6 7 8 9 10 11 12 13 14 15 16 17 18 19 20 21 22 23 0
Execution time: 1731 ms

Elapsed time: 99423 ms


Execution #51/10000

Seed: 51
Estimated max possible cost 564.493783
for path: 
0 1 2 3 4 5 6 7 8 9 10 11 12 13 14 15 16 17 18 19 20 21 22 23 0
Execution time: 1848 ms

Elapsed time: 101271 ms


Execution #52/10000

Seed: 52
Estimated max possible cost 564.493783
for path: 
0 1 2 3 4 5 6 7 8 9 10 11 12 13 14 15 16 17 18 19 20 21 22 23 0
Execution time: 1887 ms

Elapsed time: 103158 ms


Execution #53/10000

Seed: 53
Estimated max possible cost 564.493783
for path: 
0 1 2 3 4 5 6 7 8 9 10 11 12 13 14 15 16 17 18 19 20 21 22 23 0
Execution time: 1974 ms

Elapsed time: 105132 ms


Execution #54/10000

Seed: 54
Estimated max possible cost 564.493783
for path: 
0 1 2 3 4 5 6 7 8 9 10 11 12 13 14 15 16 17 18 19 20 21 22 23 0
Execution time: 2176 ms

Elapsed time: 107308 ms


Execution #55/10000

Seed: 55
Estimated max possible cost 564.493783
for path: 
0 1 2 3 4 5 6 7 8 9 10 11 12 13 14 15 16 17 18 19 20 21 22 23 0
Execution time: 1957 ms

Elapsed time: 109265 ms


Execution #56/10000

Seed: 56
Estimated max possible cost 564.493783
for path: 
0 1 2 3 4 5 6 7 8 9 10 11 12 13 14 15 16 17 18 19 20 21 22 23 0
Execution time: 2268 ms

Elapsed time: 111533 ms


Execution #57/10000

Seed: 57
Estimated max possible cost 564.493783
for path: 
0 1 2 3 4 5 6 7 8 9 10 11 12 13 14 15 16 17 18 19 20 21 22 23 0
Execution time: 1934 ms

Elapsed time: 113467 ms


Execution #58/10000

Seed: 58
Estimated max possible cost 564.493783
for path: 
0 1 2 3 4 5 6 7 8 9 10 11 12 13 14 15 16 17 18 19 20 21 22 23 0
Execution time: 1803 ms

Elapsed time: 115270 ms


Execution #59/10000

Seed: 59
Estimated max possible cost 564.493783
for path: 
0 1 2 3 4 5 6 7 8 9 10 11 12 13 14 15 16 17 18 19 20 21 22 23 0
Execution time: 2105 ms

Elapsed time: 117375 ms


Execution #60/10000

Seed: 60
Estimated max possible cost 564.493783
for path: 
0 1 2 3 4 5 6 7 8 9 10 11 12 13 14 15 16 17 18 19 20 21 22 23 0
Execution time: 1827 ms

Elapsed time: 119202 ms


Execution #61/10000

Seed: 61
Estimated max possible cost 564.493783
for path: 
0 1 2 3 4 5 6 7 8 9 10 11 12 13 14 15 16 17 18 19 20 21 22 23 0
Execution time: 2062 ms

Elapsed time: 121264 ms


Execution #62/10000

Seed: 62
Estimated max possible cost 564.493783
for path: 
0 1 2 3 4 5 6 7 8 9 10 11 12 13 14 15 16 17 18 19 20 21 22 23 0
Execution time: 1880 ms

Elapsed time: 123144 ms


Execution #63/10000

Seed: 63
Estimated max possible cost 564.493783
for path: 
0 1 2 3 4 5 6 7 8 9 10 11 12 13 14 15 16 17 18 19 20 21 22 23 0
Execution time: 1821 ms

Elapsed time: 124965 ms


Execution #64/10000

Seed: 64
Estimated max possible cost 564.493783
for path: 
0 1 2 3 4 5 6 7 8 9 10 11 12 13 14 15 16 17 18 19 20 21 22 23 0
Execution time: 2055 ms

Elapsed time: 127020 ms


Execution #65/10000

Seed: 65
Estimated max possible cost 564.493783
for path: 
0 1 2 3 4 5 6 7 8 9 10 11 12 13 14 15 16 17 18 19 20 21 22 23 0
Execution time: 2019 ms

Elapsed time: 129039 ms


Execution #66/10000

Seed: 66
Estimated max possible cost 564.493783
for path: 
0 1 2 3 4 5 6 7 8 9 10 11 12 13 14 15 16 17 18 19 20 21 22 23 0
Execution time: 1886 ms

Elapsed time: 130925 ms


Execution #67/10000

Seed: 67
Estimated max possible cost 564.493783
for path: 
0 1 2 3 4 5 6 7 8 9 10 11 12 13 14 15 16 17 18 19 20 21 22 23 0
Execution time: 1909 ms

Elapsed time: 132834 ms


Execution #68/10000

Seed: 68
Estimated max possible cost 564.493783
for path: 
0 1 2 3 4 5 6 7 8 9 10 11 12 13 14 15 16 17 18 19 20 21 22 23 0
Execution time: 1929 ms

Elapsed time: 134763 ms


Execution #69/10000

Seed: 69
Estimated max possible cost 564.493783
for path: 
0 1 2 3 4 5 6 7 8 9 10 11 12 13 14 15 16 17 18 19 20 21 22 23 0
Execution time: 2011 ms

Elapsed time: 136774 ms


Execution #70/10000

Seed: 70
Estimated max possible cost 564.493783
for path: 
0 1 2 3 4 5 6 7 8 9 10 11 12 13 14 15 16 17 18 19 20 21 22 23 0
Execution time: 1918 ms

Elapsed time: 138692 ms


Execution #71/10000

Seed: 71
Estimated max possible cost 564.493783
for path: 
0 1 2 3 4 5 6 7 8 9 10 11 12 13 14 15 16 17 18 19 20 21 22 23 0
Execution time: 1889 ms

Elapsed time: 140581 ms


Execution #72/10000

Seed: 72
Estimated max possible cost 564.493783
for path: 
0 1 2 3 4 5 6 7 8 9 10 11 12 13 14 15 16 17 18 19 20 21 22 23 0
Execution time: 1910 ms

Elapsed time: 142491 ms


Execution #73/10000

Seed: 73
Estimated max possible cost 564.493783
for path: 
0 1 2 3 4 5 6 7 8 9 10 11 12 13 14 15 16 17 18 19 20 21 22 23 0
Execution time: 1798 ms

Elapsed time: 144289 ms


Execution #74/10000

Seed: 74
Estimated max possible cost 564.493783
for path: 
0 1 2 3 4 5 6 7 8 9 10 11 12 13 14 15 16 17 18 19 20 21 22 23 0
Execution time: 1972 ms

Elapsed time: 146261 ms


Execution #75/10000

Seed: 75
Estimated max possible cost 564.493783
for path: 
0 1 2 3 4 5 6 7 8 9 10 11 12 13 14 15 16 17 18 19 20 21 22 23 0
Execution time: 1901 ms

Elapsed time: 148162 ms


Execution #76/10000

Seed: 76
Estimated max possible cost 564.493783
for path: 
0 1 2 3 4 5 6 7 8 9 10 11 12 13 14 15 16 17 18 19 20 21 22 23 0
Execution time: 1799 ms

Elapsed time: 149961 ms


Execution #77/10000

Seed: 77
Estimated max possible cost 564.493783
for path: 
0 1 2 3 4 5 6 7 8 9 10 11 12 13 14 15 16 17 18 19 20 21 22 23 0
Execution time: 1954 ms

Elapsed time: 151915 ms


Execution #78/10000

Seed: 78
Estimated max possible cost 564.493783
for path: 
0 1 2 3 4 5 6 7 8 9 10 11 12 13 14 15 16 17 18 19 20 21 22 23 0
Execution time: 1994 ms

Elapsed time: 153909 ms


Execution #79/10000

Seed: 79
Estimated max possible cost 564.493783
for path: 
0 1 2 3 4 5 6 7 8 9 10 11 12 13 14 15 16 17 18 19 20 21 22 23 0
Execution time: 2003 ms

Elapsed time: 155912 ms


Execution #80/10000

Seed: 80
Estimated max possible cost 564.493783
for path: 
0 1 2 3 4 5 6 7 8 9 10 11 12 13 14 15 16 17 18 19 20 21 22 23 0
Execution time: 1867 ms

Elapsed time: 157779 ms


Execution #81/10000

Seed: 81
Estimated max possible cost 564.493783
for path: 
0 1 2 3 4 5 6 7 8 9 10 11 12 13 14 15 16 17 18 19 20 21 22 23 0
Execution time: 1903 ms

Elapsed time: 159682 ms


Execution #82/10000

Seed: 82
Estimated max possible cost 564.493783
for path: 
0 1 2 3 4 5 6 7 8 9 10 11 12 13 14 15 16 17 18 19 20 21 22 23 0
Execution time: 1947 ms

Elapsed time: 161629 ms


Execution #83/10000

Seed: 83
Estimated max possible cost 564.493783
for path: 
0 1 2 3 4 5 6 7 8 9 10 11 12 13 14 15 16 17 18 19 20 21 22 23 0
Execution time: 1909 ms

Elapsed time: 163538 ms


Execution #84/10000

Seed: 84
Estimated max possible cost 564.493783
for path: 
0 1 2 3 4 5 6 7 8 9 10 11 12 13 14 15 16 17 18 19 20 21 22 23 0
Execution time: 1776 ms

Elapsed time: 165314 ms


Execution #85/10000

Seed: 85
Estimated max possible cost 564.493783
for path: 
0 1 2 3 4 5 6 7 8 9 10 11 12 13 14 15 16 17 18 19 20 21 22 23 0
Execution time: 2067 ms

Elapsed time: 167381 ms


Execution #86/10000

Seed: 86
Estimated max possible cost 564.493783
for path: 
0 1 2 3 4 5 6 7 8 9 10 11 12 13 14 15 16 17 18 19 20 21 22 23 0
Execution time: 1896 ms

Elapsed time: 169277 ms


Execution #87/10000

Seed: 87
Estimated max possible cost 564.493783
for path: 
0 1 2 3 4 5 6 7 8 9 10 11 12 13 14 15 16 17 18 19 20 21 22 23 0
Execution time: 1955 ms

Elapsed time: 171232 ms


Execution #88/10000

Seed: 88
Estimated max possible cost 564.493783
for path: 
0 1 2 3 4 5 6 7 8 9 10 11 12 13 14 15 16 17 18 19 20 21 22 23 0
Execution time: 1861 ms

Elapsed time: 173093 ms


Execution #89/10000

Seed: 89
Estimated max possible cost 564.493783
for path: 
0 1 2 3 4 5 6 7 8 9 10 11 12 13 14 15 16 17 18 19 20 21 22 23 0
Execution time: 1779 ms

Elapsed time: 174872 ms


Execution #90/10000

Seed: 90
Estimated max possible cost 564.493783
for path: 
0 1 2 3 4 5 6 7 8 9 10 11 12 13 14 15 16 17 18 19 20 21 22 23 0
Execution time: 2027 ms

Elapsed time: 176899 ms


Execution #91/10000

Seed: 91
Estimated max possible cost 564.493783
for path: 
0 1 2 3 4 5 6 7 8 9 10 11 12 13 14 15 16 17 18 19 20 21 22 23 0
Execution time: 2027 ms

Elapsed time: 178926 ms


Execution #92/10000

Seed: 92
Estimated max possible cost 564.493783
for path: 
0 1 2 3 4 5 6 7 8 9 10 11 12 13 14 15 16 17 18 19 20 21 22 23 0
Execution time: 1952 ms

Elapsed time: 180878 ms


Execution #93/10000

Seed: 93
Estimated max possible cost 564.493783
for path: 
0 1 2 3 4 5 6 7 8 9 10 11 12 13 14 15 16 17 18 19 20 21 22 23 0
Execution time: 2003 ms

Elapsed time: 182881 ms


Execution #94/10000

Seed: 94
Estimated max possible cost 564.493783
for path: 
0 1 2 3 4 5 6 7 8 9 10 11 12 13 14 15 16 17 18 19 20 21 22 23 0
Execution time: 2018 ms

Elapsed time: 184899 ms


Execution #95/10000

Seed: 95
Estimated max possible cost 564.493783
for path: 
0 1 2 3 4 5 6 7 8 9 10 11 12 13 14 15 16 17 18 19 20 21 22 23 0
Execution time: 1937 ms

Elapsed time: 186836 ms


Execution #96/10000

Seed: 96
Estimated max possible cost 564.493783
for path: 
0 1 2 3 4 5 6 7 8 9 10 11 12 13 14 15 16 17 18 19 20 21 22 23 0
Execution time: 1877 ms

Elapsed time: 188713 ms


Execution #97/10000

Seed: 97
Estimated max possible cost 564.493783
for path: 
0 1 2 3 4 5 6 7 8 9 10 11 12 13 14 15 16 17 18 19 20 21 22 23 0
Execution time: 1899 ms

Elapsed time: 190612 ms


Execution #98/10000

Seed: 98
Estimated max possible cost 564.493783
for path: 
0 1 2 3 4 5 6 7 8 9 10 11 12 13 14 15 16 17 18 19 20 21 22 23 0
Execution time: 1870 ms

Elapsed time: 192482 ms


Execution #99/10000

Seed: 99
Estimated max possible cost 564.493783
for path: 
0 1 2 3 4 5 6 7 8 9 10 11 12 13 14 15 16 17 18 19 20 21 22 23 0
Execution time: 1947 ms

Elapsed time: 194429 ms


Execution #100/10000

Seed: 100
Estimated max possible cost 564.493783
for path: 
0 1 2 3 4 5 6 7 8 9 10 11 12 13 14 15 16 17 18 19 20 21 22 23 0
Execution time: 2026 ms

Elapsed time: 196455 ms


Execution #101/10000

Seed: 101
Estimated max possible cost 564.493783
for path: 
0 1 2 3 4 5 6 7 8 9 10 11 12 13 14 15 16 17 18 19 20 21 22 23 0
Execution time: 1957 ms

Elapsed time: 198412 ms


Execution #102/10000

Seed: 102
Estimated max possible cost 564.493783
for path: 
0 1 2 3 4 5 6 7 8 9 10 11 12 13 14 15 16 17 18 19 20 21 22 23 0
Execution time: 1953 ms

Elapsed time: 200365 ms


Execution #103/10000

Seed: 103
Estimated max possible cost 564.493783
for path: 
0 1 2 3 4 5 6 7 8 9 10 11 12 13 14 15 16 17 18 19 20 21 22 23 0
Execution time: 1981 ms

Elapsed time: 202346 ms


Execution #104/10000

Seed: 104
Estimated max possible cost 564.493783
for path: 
0 1 2 3 4 5 6 7 8 9 10 11 12 13 14 15 16 17 18 19 20 21 22 23 0
Execution time: 1842 ms

Elapsed time: 204188 ms


Execution #105/10000

Seed: 105
Estimated max possible cost 564.493783
for path: 
0 1 2 3 4 5 6 7 8 9 10 11 12 13 14 15 16 17 18 19 20 21 22 23 0
Execution time: 1950 ms

Elapsed time: 206138 ms


Execution #106/10000

Seed: 106
Estimated max possible cost 564.493783
for path: 
0 1 2 3 4 5 6 7 8 9 10 11 12 13 14 15 16 17 18 19 20 21 22 23 0
Execution time: 1836 ms

Elapsed time: 207974 ms


Execution #107/10000

Seed: 107
Estimated max possible cost 564.493783
for path: 
0 1 2 3 4 5 6 7 8 9 10 11 12 13 14 15 16 17 18 19 20 21 22 23 0
Execution time: 2024 ms

Elapsed time: 209998 ms


Execution #108/10000

Seed: 108
Estimated max possible cost 564.493783
for path: 
0 1 2 3 4 5 6 7 8 9 10 11 12 13 14 15 16 17 18 19 20 21 22 23 0
Execution time: 1902 ms

Elapsed time: 211900 ms


Execution #109/10000

Seed: 109
Estimated max possible cost 564.493783
for path: 
0 1 2 3 4 5 6 7 8 9 10 11 12 13 14 15 16 17 18 19 20 21 22 23 0
Execution time: 2001 ms

Elapsed time: 213901 ms


Execution #110/10000

Seed: 110
Estimated max possible cost 564.493783
for path: 
0 1 2 3 4 5 6 7 8 9 10 11 12 13 14 15 16 17 18 19 20 21 22 23 0
Execution time: 1787 ms

Elapsed time: 215688 ms


Execution #111/10000

Seed: 111
Estimated max possible cost 564.493783
for path: 
0 1 2 3 4 5 6 7 8 9 10 11 12 13 14 15 16 17 18 19 20 21 22 23 0
Execution time: 2117 ms

Elapsed time: 217805 ms


Execution #112/10000

Seed: 112
Estimated max possible cost 564.493783
for path: 
0 1 2 3 4 5 6 7 8 9 10 11 12 13 14 15 16 17 18 19 20 21 22 23 0
Execution time: 1837 ms

Elapsed time: 219642 ms


Execution #113/10000

Seed: 113
Estimated max possible cost 564.493783
for path: 
0 1 2 3 4 5 6 7 8 9 10 11 12 13 14 15 16 17 18 19 20 21 22 23 0
Execution time: 1926 ms

Elapsed time: 221568 ms


Execution #114/10000

Seed: 114
Estimated max possible cost 564.493783
for path: 
0 1 2 3 4 5 6 7 8 9 10 11 12 13 14 15 16 17 18 19 20 21 22 23 0
Execution time: 2108 ms

Elapsed time: 223676 ms


Execution #115/10000

Seed: 115
Estimated max possible cost 564.493783
for path: 
0 1 2 3 4 5 6 7 8 9 10 11 12 13 14 15 16 17 18 19 20 21 22 23 0
Execution time: 2027 ms

Elapsed time: 225703 ms


Execution #116/10000

Seed: 116
Estimated max possible cost 564.493783
for path: 
0 1 2 3 4 5 6 7 8 9 10 11 12 13 14 15 16 17 18 19 20 21 22 23 0
Execution time: 1867 ms

Elapsed time: 227570 ms


Execution #117/10000

Seed: 117
Estimated max possible cost 564.493783
for path: 
0 1 2 3 4 5 6 7 8 9 10 11 12 13 14 15 16 17 18 19 20 21 22 23 0
Execution time: 1901 ms

Elapsed time: 229471 ms


Execution #118/10000

Seed: 118
Estimated max possible cost 564.493783
for path: 
0 1 2 3 4 5 6 7 8 9 10 11 12 13 14 15 16 17 18 19 20 21 22 23 0
Execution time: 1920 ms

Elapsed time: 231391 ms


Execution #119/10000

Seed: 119
Estimated max possible cost 564.493783
for path: 
0 1 2 3 4 5 6 7 8 9 10 11 12 13 14 15 16 17 18 19 20 21 22 23 0
Execution time: 1759 ms

Elapsed time: 233150 ms


Execution #120/10000

Seed: 120
Estimated max possible cost 564.493783
for path: 
0 1 2 3 4 5 6 7 8 9 10 11 12 13 14 15 16 17 18 19 20 21 22 23 0
Execution time: 1796 ms

Elapsed time: 234946 ms


Execution #121/10000

Seed: 121
Estimated max possible cost 564.493783
for path: 
0 1 2 3 4 5 6 7 8 9 10 11 12 13 14 15 16 17 18 19 20 21 22 23 0
Execution time: 1740 ms

Elapsed time: 236686 ms


Execution #122/10000

Seed: 122
Estimated max possible cost 564.493783
for path: 
0 1 2 3 4 5 6 7 8 9 10 11 12 13 14 15 16 17 18 19 20 21 22 23 0
Execution time: 1903 ms

Elapsed time: 238589 ms


Execution #123/10000

Seed: 123
Estimated max possible cost 564.493783
for path: 
0 1 2 3 4 5 6 7 8 9 10 11 12 13 14 15 16 17 18 19 20 21 22 23 0
Execution time: 1896 ms

Elapsed time: 240485 ms


Execution #124/10000

Seed: 124
Estimated max possible cost 564.493783
for path: 
0 1 2 3 4 5 6 7 8 9 10 11 12 13 14 15 16 17 18 19 20 21 22 23 0
Execution time: 1885 ms

Elapsed time: 242370 ms


Execution #125/10000

Seed: 125
Estimated max possible cost 564.493783
for path: 
0 1 2 3 4 5 6 7 8 9 10 11 12 13 14 15 16 17 18 19 20 21 22 23 0
Execution time: 1961 ms

Elapsed time: 244331 ms


Execution #126/10000

Seed: 126
Estimated max possible cost 564.493783
for path: 
0 1 2 3 4 5 6 7 8 9 10 11 12 13 14 15 16 17 18 19 20 21 22 23 0
Execution time: 1926 ms

Elapsed time: 246257 ms


Execution #127/10000

Seed: 127
Estimated max possible cost 564.493783
for path: 
0 1 2 3 4 5 6 7 8 9 10 11 12 13 14 15 16 17 18 19 20 21 22 23 0
Execution time: 2019 ms

Elapsed time: 248276 ms


Execution #128/10000

Seed: 128
Estimated max possible cost 564.493783
for path: 
0 1 2 3 4 5 6 7 8 9 10 11 12 13 14 15 16 17 18 19 20 21 22 23 0
Execution time: 2035 ms

Elapsed time: 250311 ms


Execution #129/10000

Seed: 129
Estimated max possible cost 564.493783
for path: 
0 1 2 3 4 5 6 7 8 9 10 11 12 13 14 15 16 17 18 19 20 21 22 23 0
Execution time: 1886 ms

Elapsed time: 252197 ms


Execution #130/10000

Seed: 130
Estimated max possible cost 564.493783
for path: 
0 1 2 3 4 5 6 7 8 9 10 11 12 13 14 15 16 17 18 19 20 21 22 23 0
Execution time: 1978 ms

Elapsed time: 254175 ms


Execution #131/10000

Seed: 131
Estimated max possible cost 564.493783
for path: 
0 1 2 3 4 5 6 7 8 9 10 11 12 13 14 15 16 17 18 19 20 21 22 23 0
Execution time: 1908 ms

Elapsed time: 256083 ms


Execution #132/10000

Seed: 132
Estimated max possible cost 564.493783
for path: 
0 1 2 3 4 5 6 7 8 9 10 11 12 13 14 15 16 17 18 19 20 21 22 23 0
Execution time: 1942 ms

Elapsed time: 258025 ms


Execution #133/10000

Seed: 133
Estimated max possible cost 564.493783
for path: 
0 1 2 3 4 5 6 7 8 9 10 11 12 13 14 15 16 17 18 19 20 21 22 23 0
Execution time: 1920 ms

Elapsed time: 259945 ms


Execution #134/10000

Seed: 134
Estimated max possible cost 564.493783
for path: 
0 1 2 3 4 5 6 7 8 9 10 11 12 13 14 15 16 17 18 19 20 21 22 23 0
Execution time: 1890 ms

Elapsed time: 261835 ms


Execution #135/10000

Seed: 135
Estimated max possible cost 564.493783
for path: 
0 1 2 3 4 5 6 7 8 9 10 11 12 13 14 15 16 17 18 19 20 21 22 23 0
Execution time: 1754 ms

Elapsed time: 263589 ms


Execution #136/10000

Seed: 136
Estimated max possible cost 564.493783
for path: 
0 1 2 3 4 5 6 7 8 9 10 11 12 13 14 15 16 17 18 19 20 21 22 23 0
Execution time: 1903 ms

Elapsed time: 265492 ms


Execution #137/10000

Seed: 137
Estimated max possible cost 564.493783
for path: 
0 1 2 3 4 5 6 7 8 9 10 11 12 13 14 15 16 17 18 19 20 21 22 23 0
Execution time: 1901 ms

Elapsed time: 267393 ms


Execution #138/10000

Seed: 138
Estimated max possible cost 564.493783
for path: 
0 1 2 3 4 5 6 7 8 9 10 11 12 13 14 15 16 17 18 19 20 21 22 23 0
Execution time: 1911 ms

Elapsed time: 269304 ms


Execution #139/10000

Seed: 139
Estimated max possible cost 564.493783
for path: 
0 1 2 3 4 5 6 7 8 9 10 11 12 13 14 15 16 17 18 19 20 21 22 23 0
Execution time: 2055 ms

Elapsed time: 271359 ms


Execution #140/10000

Seed: 140
Estimated max possible cost 564.493783
for path: 
0 1 2 3 4 5 6 7 8 9 10 11 12 13 14 15 16 17 18 19 20 21 22 23 0
Execution time: 1886 ms

Elapsed time: 273245 ms


Execution #141/10000

Seed: 141
Estimated max possible cost 564.493783
for path: 
0 1 2 3 4 5 6 7 8 9 10 11 12 13 14 15 16 17 18 19 20 21 22 23 0
Execution time: 2147 ms

Elapsed time: 275392 ms


Execution #142/10000

Seed: 142
Estimated max possible cost 564.493783
for path: 
0 1 2 3 4 5 6 7 8 9 10 11 12 13 14 15 16 17 18 19 20 21 22 23 0
Execution time: 1936 ms

Elapsed time: 277328 ms


Execution #143/10000

Seed: 143
Estimated max possible cost 564.493783
for path: 
0 1 2 3 4 5 6 7 8 9 10 11 12 13 14 15 16 17 18 19 20 21 22 23 0
Execution time: 2055 ms

Elapsed time: 279383 ms


Execution #144/10000

Seed: 144
Estimated max possible cost 564.493783
for path: 
0 1 2 3 4 5 6 7 8 9 10 11 12 13 14 15 16 17 18 19 20 21 22 23 0
Execution time: 1930 ms

Elapsed time: 281313 ms


Execution #145/10000

Seed: 145
Estimated max possible cost 564.493783
for path: 
0 1 2 3 4 5 6 7 8 9 10 11 12 13 14 15 16 17 18 19 20 21 22 23 0
Execution time: 1946 ms

Elapsed time: 283259 ms


Execution #146/10000

Seed: 146
Estimated max possible cost 564.493783
for path: 
0 1 2 3 4 5 6 7 8 9 10 11 12 13 14 15 16 17 18 19 20 21 22 23 0
Execution time: 1909 ms

Elapsed time: 285168 ms


Execution #147/10000

Seed: 147
Estimated max possible cost 564.493783
for path: 
0 1 2 3 4 5 6 7 8 9 10 11 12 13 14 15 16 17 18 19 20 21 22 23 0
Execution time: 1957 ms

Elapsed time: 287125 ms


Execution #148/10000

Seed: 148
Estimated max possible cost 564.493783
for path: 
0 1 2 3 4 5 6 7 8 9 10 11 12 13 14 15 16 17 18 19 20 21 22 23 0
Execution time: 1930 ms

Elapsed time: 289055 ms


Execution #149/10000

Seed: 149
Estimated max possible cost 564.493783
for path: 
0 1 2 3 4 5 6 7 8 9 10 11 12 13 14 15 16 17 18 19 20 21 22 23 0
Execution time: 1938 ms

Elapsed time: 290993 ms


Execution #150/10000

Seed: 150
Estimated max possible cost 564.493783
for path: 
0 1 2 3 4 5 6 7 8 9 10 11 12 13 14 15 16 17 18 19 20 21 22 23 0
Execution time: 1849 ms

Elapsed time: 292842 ms


Execution #151/10000

Seed: 151
Estimated max possible cost 564.493783
for path: 
0 1 2 3 4 5 6 7 8 9 10 11 12 13 14 15 16 17 18 19 20 21 22 23 0
Execution time: 2030 ms

Elapsed time: 294872 ms


Execution #152/10000

Seed: 152
Estimated max possible cost 564.493783
for path: 
0 1 2 3 4 5 6 7 8 9 10 11 12 13 14 15 16 17 18 19 20 21 22 23 0
Execution time: 1920 ms

Elapsed time: 296792 ms


Execution #153/10000

Seed: 153
Estimated max possible cost 564.493783
for path: 
0 1 2 3 4 5 6 7 8 9 10 11 12 13 14 15 16 17 18 19 20 21 22 23 0
Execution time: 1892 ms

Elapsed time: 298684 ms


Execution #154/10000

Seed: 154
Estimated max possible cost 564.493783
for path: 
0 1 2 3 4 5 6 7 8 9 10 11 12 13 14 15 16 17 18 19 20 21 22 23 0
Execution time: 1840 ms

Elapsed time: 300524 ms


Terminating due to timeout: 300524 ms >= 300000 ms

Executed runs: 153/10000
Total execution time: 300.524 s
Avg execution time: 1964.21 ms
