Solving TSP


Execution #1/10000

Seed: 1
Estimated max possible cost 566.961617
for path: 
0 1 2 3 4 5 6 7 8 9 10 11 12 13 14 15 16 17 18 19 20 21 22 23 24 0
Memory needed for path: 68212848 locs, for costs: 59907456 locs.
Desired precision: 1e+12
Mem constraint for cost_t: 16 bits
Rounded to pow of 2 bytes mem constraint (capped at 64bits) for cost_t: 16 bits
Bits needed for an int to preserve precision: 49
Warning: cannot preserve precision.
Warning: Using an integer; there is not enough memory for decimals.
Bits used per cost_t: 16
Selected cost_t = (u)int16_t
Solving with cost_t = t
Memory [GB] needed: 0.175114
Requested precision is too high;managed to differentiate costs by: 0.001929
Distances:
0, 5.08, 242.54, 232.423, 228.124, 218.013, 212.172, 212.044, 211.947, 211.88, 211.843, 211.837, 211.862, 211.917, 212.002, 212.117, 212.263, 212.44, 212.646, 212.882, 213.149, 196.958, 196.821, 196.716, 196.643, 
5.08, 0, 247.599, 237.481, 233.181, 223.068, 217.244, 217.119, 217.024, 216.959, 216.923, 216.917, 216.941, 216.995, 217.078, 217.191, 217.333, 217.505, 217.707, 217.938, 218.198, 202.029, 201.895, 201.793, 201.722, 
242.54, 247.599, 0, 10.16, 14.478, 24.638, 31.3255, 32.219, 33.2827, 34.501, 35.8581, 37.3389, 38.9292, 40.6162, 42.3883, 44.2354, 46.1484, 48.1194, 50.1417, 52.2092, 54.3168, 46.0364, 46.649, 47.3899, 48.2533, 
232.423, 237.481, 10.16, 0, 4.318, 14.478, 21.9236, 23.1823, 24.6393, 26.2617, 28.0207, 29.8922, 31.8565, 33.8973, 36.0018, 38.1592, 40.3612, 42.6009, 44.8725, 47.1716, 49.4942, 36.1805, 36.9568, 37.8877, 38.9623, 
228.124, 233.181, 14.478, 4.318, 0, 10.16, 18.1765, 19.6764, 21.3738, 23.2254, 25.1973, 27.2633, 29.4037, 31.6034, 33.8507, 36.1368, 38.4548, 40.7992, 43.1658, 45.5511, 47.9522, 32.0493, 32.9231, 33.9648, 35.1595, 
218.013, 223.068, 24.638, 14.478, 10.16, 0, 11.1326, 13.4428, 15.8236, 18.2474, 20.6991, 23.1698, 25.654, 28.1482, 30.6499, 33.1575, 35.6696, 38.1854, 40.7042, 43.2255, 45.7489, 22.606, 23.8287, 25.2484, 26.834, 
212.172, 217.244, 31.3255, 21.9236, 18.1765, 11.1326, 0, 2.54, 5.08, 7.62, 10.16, 12.7, 15.24, 17.78, 20.32, 22.86, 25.4, 27.94, 30.48, 33.02, 35.56, 15.24, 15.4502, 16.0644, 17.0388, 
212.044, 217.119, 32.219, 23.1823, 19.6764, 13.4428, 2.54, 0, 2.54, 5.08, 7.62, 10.16, 12.7, 15.24, 17.78, 20.32, 22.86, 25.4, 27.94, 30.48, 33.02, 15.4502, 15.24, 15.4502, 16.0644, 
211.947, 217.024, 33.2827, 24.6393, 21.3738, 15.8236, 5.08, 2.54, 0, 2.54, 5.08, 7.62, 10.16, 12.7, 15.24, 17.78, 20.32, 22.86, 25.4, 27.94, 30.48, 16.0644, 15.4502, 15.24, 15.4502, 
211.88, 216.959, 34.501, 26.2617, 23.2254, 18.2474, 7.62, 5.08, 2.54, 0, 2.54, 5.08, 7.62, 10.16, 12.7, 15.24, 17.78, 20.32, 22.86, 25.4, 27.94, 17.0388, 16.0644, 15.4502, 15.24, 
211.843, 216.923, 35.8581, 28.0207, 25.1973, 20.6991, 10.16, 7.62, 5.08, 2.54, 0, 2.54, 5.08, 7.62, 10.16, 12.7, 15.24, 17.78, 20.32, 22.86, 25.4, 18.3162, 17.0388, 16.0644, 15.4502, 
211.837, 216.917, 37.3389, 29.8922, 27.2633, 23.1698, 12.7, 10.16, 7.62, 5.08, 2.54, 0, 2.54, 5.08, 7.62, 10.16, 12.7, 15.24, 17.78, 20.32, 22.86, 19.838, 18.3162, 17.0388, 16.0644, 
211.862, 216.941, 38.9292, 31.8565, 29.4037, 25.654, 15.24, 12.7, 10.16, 7.62, 5.08, 2.54, 0, 2.54, 5.08, 7.62, 10.16, 12.7, 15.24, 17.78, 20.32, 21.5526, 19.838, 18.3162, 17.0388, 
211.917, 216.995, 40.6162, 33.8973, 31.6034, 28.1482, 17.78, 15.24, 12.7, 10.16, 7.62, 5.08, 2.54, 0, 2.54, 5.08, 7.62, 10.16, 12.7, 15.24, 17.78, 23.4176, 21.5526, 19.838, 18.3162, 
212.002, 217.078, 42.3883, 36.0018, 33.8507, 30.6499, 20.32, 17.78, 15.24, 12.7, 10.16, 7.62, 5.08, 2.54, 0, 2.54, 5.08, 7.62, 10.16, 12.7, 15.24, 25.4, 23.4176, 21.5526, 19.838, 
212.117, 217.191, 44.2354, 38.1592, 36.1368, 33.1575, 22.86, 20.32, 17.78, 15.24, 12.7, 10.16, 7.62, 5.08, 2.54, 0, 2.54, 5.08, 7.62, 10.16, 12.7, 27.4743, 25.4, 23.4176, 21.5526, 
212.263, 217.333, 46.1484, 40.3612, 38.4548, 35.6696, 25.4, 22.86, 20.32, 17.78, 15.24, 12.7, 10.16, 7.62, 5.08, 2.54, 0, 2.54, 5.08, 7.62, 10.16, 29.6212, 27.4743, 25.4, 23.4176, 
212.44, 217.505, 48.1194, 42.6009, 40.7992, 38.1854, 27.94, 25.4, 22.86, 20.32, 17.78, 15.24, 12.7, 10.16, 7.62, 5.08, 2.54, 0, 2.54, 5.08, 7.62, 31.8261, 29.6212, 27.4743, 25.4, 
212.646, 217.707, 50.1417, 44.8725, 43.1658, 40.7042, 30.48, 27.94, 25.4, 22.86, 20.32, 17.78, 15.24, 12.7, 10.16, 7.62, 5.08, 2.54, 0, 2.54, 5.08, 34.0777, 31.8261, 29.6212, 27.4743, 
212.882, 217.938, 52.2092, 47.1716, 45.5511, 43.2255, 33.02, 30.48, 27.94, 25.4, 22.86, 20.32, 17.78, 15.24, 12.7, 10.16, 7.62, 5.08, 2.54, 0, 2.54, 36.3673, 34.0777, 31.8261, 29.6212, 
213.149, 218.198, 54.3168, 49.4942, 47.9522, 45.7489, 35.56, 33.02, 30.48, 27.94, 25.4, 22.86, 20.32, 17.78, 15.24, 12.7, 10.16, 7.62, 5.08, 2.54, 0, 38.6881, 36.3673, 34.0777, 31.8261, 
196.958, 202.029, 46.0364, 36.1805, 32.0493, 22.606, 15.24, 15.4502, 16.0644, 17.0388, 18.3162, 19.838, 21.5526, 23.4176, 25.4, 27.4743, 29.6212, 31.8261, 34.0777, 36.3673, 38.6881, 0, 2.54, 5.08, 7.62, 
196.821, 201.895, 46.649, 36.9568, 32.9231, 23.8287, 15.4502, 15.24, 15.4502, 16.0644, 17.0388, 18.3162, 19.838, 21.5526, 23.4176, 25.4, 27.4743, 29.6212, 31.8261, 34.0777, 36.3673, 2.54, 0, 2.54, 5.08, 
196.716, 201.793, 47.3899, 37.8877, 33.9648, 25.2484, 16.0644, 15.4502, 15.24, 15.4502, 16.0644, 17.0388, 18.3162, 19.838, 21.5526, 23.4176, 25.4, 27.4743, 29.6212, 31.8261, 34.0777, 5.08, 2.54, 0, 2.54, 
196.643, 201.722, 48.2533, 38.9623, 35.1595, 26.834, 17.0388, 16.0644, 15.4502, 15.24, 15.4502, 16.0644, 17.0388, 18.3162, 19.838, 21.5526, 23.4176, 25.4, 27.4743, 29.6212, 31.8261, 7.62, 5.08, 2.54, 0, 
Scaled Distances:
0, 315, 29762, 28508, 27975, 26721, 25997, 25981, 25969, 25960, 25956, 25955, 25958, 25965, 25975, 25990, 26008, 26030, 26055, 26085, 26118, 24110, 24093, 24080, 24071, 
315, 0, 30390, 29135, 28602, 27348, 26626, 26610, 26598, 26590, 26586, 26585, 26588, 26595, 26605, 26619, 26637, 26658, 26683, 26712, 26744, 24739, 24722, 24709, 24701, 
29762, 30390, 0, 945, 1480, 2740, 3570, 3681, 3812, 3964, 4132, 4315, 4513, 4722, 4942, 5171, 5408, 5652, 5903, 6160, 6421, 5394, 5470, 5562, 5669, 
28508, 29135, 945, 0, 220, 1480, 2404, 2560, 2741, 2942, 3160, 3392, 3636, 3889, 4150, 4417, 4690, 4968, 5250, 5535, 5823, 4172, 4268, 4383, 4517, 
27975, 28602, 1480, 220, 0, 945, 1939, 2125, 2336, 2565, 2810, 3066, 3331, 3604, 3883, 4166, 4454, 4745, 5038, 5334, 5632, 3659, 3768, 3897, 4045, 
26721, 27348, 2740, 1480, 945, 0, 1066, 1352, 1647, 1948, 2252, 2558, 2866, 3176, 3486, 3797, 4108, 4420, 4733, 5045, 5358, 2488, 2640, 2816, 3013, 
25997, 26626, 3570, 2404, 1939, 1066, 0, 0, 315, 630, 945, 1260, 1575, 1890, 2205, 2520, 2835, 3150, 3465, 3780, 4095, 1575, 1601, 1677, 1798, 
25981, 26610, 3681, 2560, 2125, 1352, 0, 0, 0, 315, 630, 945, 1260, 1575, 1890, 2205, 2520, 2835, 3150, 3465, 3780, 1601, 1575, 1601, 1677, 
25969, 26598, 3812, 2741, 2336, 1647, 315, 0, 0, 0, 315, 630, 945, 1260, 1575, 1890, 2205, 2520, 2835, 3150, 3465, 1677, 1601, 1575, 1601, 
25960, 26590, 3964, 2942, 2565, 1948, 630, 315, 0, 0, 0, 315, 630, 945, 1260, 1575, 1890, 2205, 2520, 2835, 3150, 1798, 1677, 1601, 1575, 
25956, 26586, 4132, 3160, 2810, 2252, 945, 630, 315, 0, 0, 0, 315, 630, 945, 1260, 1575, 1890, 2205, 2520, 2835, 1956, 1798, 1677, 1601, 
25955, 26585, 4315, 3392, 3066, 2558, 1260, 945, 630, 315, 0, 0, 0, 315, 630, 945, 1260, 1575, 1890, 2205, 2520, 2145, 1956, 1798, 1677, 
25958, 26588, 4513, 3636, 3331, 2866, 1575, 1260, 945, 630, 315, 0, 0, 0, 315, 630, 945, 1260, 1575, 1890, 2205, 2358, 2145, 1956, 1798, 
25965, 26595, 4722, 3889, 3604, 3176, 1890, 1575, 1260, 945, 630, 315, 0, 0, 0, 315, 630, 945, 1260, 1575, 1890, 2589, 2358, 2145, 1956, 
25975, 26605, 4942, 4150, 3883, 3486, 2205, 1890, 1575, 1260, 945, 630, 315, 0, 0, 0, 315, 630, 945, 1260, 1575, 2835, 2589, 2358, 2145, 
25990, 26619, 5171, 4417, 4166, 3797, 2520, 2205, 1890, 1575, 1260, 945, 630, 315, 0, 0, 0, 315, 630, 945, 1260, 3092, 2835, 2589, 2358, 
26008, 26637, 5408, 4690, 4454, 4108, 2835, 2520, 2205, 1890, 1575, 1260, 945, 630, 315, 0, 0, 0, 315, 630, 945, 3358, 3092, 2835, 2589, 
26030, 26658, 5652, 4968, 4745, 4420, 3150, 2835, 2520, 2205, 1890, 1575, 1260, 945, 630, 315, 0, 0, 0, 315, 630, 3632, 3358, 3092, 2835, 
26055, 26683, 5903, 5250, 5038, 4733, 3465, 3150, 2835, 2520, 2205, 1890, 1575, 1260, 945, 630, 315, 0, 0, 0, 315, 3911, 3632, 3358, 3092, 
26085, 26712, 6160, 5535, 5334, 5045, 3780, 3465, 3150, 2835, 2520, 2205, 1890, 1575, 1260, 945, 630, 315, 0, 0, 0, 4195, 3911, 3632, 3358, 
26118, 26744, 6421, 5823, 5632, 5358, 4095, 3780, 3465, 3150, 2835, 2520, 2205, 1890, 1575, 1260, 945, 630, 315, 0, 0, 4483, 4195, 3911, 3632, 
24110, 24739, 5394, 4172, 3659, 2488, 1575, 1601, 1677, 1798, 1956, 2145, 2358, 2589, 2835, 3092, 3358, 3632, 3911, 4195, 4483, 0, 0, 315, 630, 
24093, 24722, 5470, 4268, 3768, 2640, 1601, 1575, 1601, 1677, 1798, 1956, 2145, 2358, 2589, 2835, 3092, 3358, 3632, 3911, 4195, 0, 0, 0, 315, 
24080, 24709, 5562, 4383, 3897, 2816, 1677, 1601, 1575, 1601, 1677, 1798, 1956, 2145, 2358, 2589, 2835, 3092, 3358, 3632, 3911, 315, 0, 0, 0, 
24071, 24701, 5669, 4517, 4045, 3013, 1798, 1677, 1601, 1575, 1601, 1677, 1798, 1956, 2145, 2358, 2589, 2835, 3092, 3358, 3632, 630, 315, 0, 0, 
Optimal total distance (scaled) for 25 points: 59298
Optimal total distance for 25 points: 541.671355
Corresponding path (0-indexed):
Point #24
Point #0
Point #1
Point #20
Point #19
Point #18
Point #17
Point #16
Point #15
Point #14
Point #13
Point #12
Point #11
Point #10
Point #9
Point #8
Point #7
Point #6
Point #2
Point #3
Point #4
Point #5
Point #21
Point #22
Point #23
Point #24
Execution time: 3756 ms

Elapsed time: 3756 ms


Execution #2/10000

Seed: 2
Estimated max possible cost 566.961617
for path: 
0 1 2 3 4 5 6 7 8 9 10 11 12 13 14 15 16 17 18 19 20 21 22 23 24 0
Execution time: 3195 ms

Elapsed time: 6951 ms


Execution #3/10000

Seed: 3
Estimated max possible cost 566.961617
for path: 
0 1 2 3 4 5 6 7 8 9 10 11 12 13 14 15 16 17 18 19 20 21 22 23 24 0
Execution time: 2789 ms

Elapsed time: 9740 ms


Execution #4/10000

Seed: 4
Estimated max possible cost 566.961617
for path: 
0 1 2 3 4 5 6 7 8 9 10 11 12 13 14 15 16 17 18 19 20 21 22 23 24 0
Execution time: 3957 ms

Elapsed time: 13697 ms


Execution #5/10000

Seed: 5
Estimated max possible cost 566.961617
for path: 
0 1 2 3 4 5 6 7 8 9 10 11 12 13 14 15 16 17 18 19 20 21 22 23 24 0
Execution time: 3305 ms

Elapsed time: 17002 ms


Execution #6/10000

Seed: 6
Estimated max possible cost 566.961617
for path: 
0 1 2 3 4 5 6 7 8 9 10 11 12 13 14 15 16 17 18 19 20 21 22 23 24 0
Execution time: 2481 ms

Elapsed time: 19483 ms


Execution #7/10000

Seed: 7
Estimated max possible cost 566.961617
for path: 
0 1 2 3 4 5 6 7 8 9 10 11 12 13 14 15 16 17 18 19 20 21 22 23 24 0
Execution time: 2504 ms

Elapsed time: 21987 ms


Terminating due to timeout: 21987 ms >= 20000 ms

Executed runs: 6/10000
Total execution time: 21.987 s
Avg execution time: 3664.5 ms
