Solving TSP


Execution #1/10000

Seed: 1
Estimated max possible cost 569.462243
for path: 
0 1 2 3 4 5 6 7 8 9 10 11 12 13 14 15 16 17 18 19 20 21 22 23 24 25 0
Memory needed for path: 113509025 locs, for costs: 111435000 locs.
Desired precision: 1e+12
Mem constraint for cost_t: 16 bits
Rounded to pow of 2 bytes mem constraint (capped at 64bits) for cost_t: 16 bits
Bits needed for an int to preserve precision: 49
Warning: cannot preserve precision.
Warning: Using an integer; there is not enough memory for decimals.
Bits used per cost_t: 16
Selected cost_t = (u)int16_t
Solving with cost_t = t
Memory [GB] needed: 0.313277
Requested precision is too high;managed to differentiate costs by: 0.000570
Distances:
0, 5.08, 242.54, 232.423, 228.124, 218.013, 212.172, 212.044, 211.947, 211.88, 211.843, 211.837, 211.862, 211.917, 212.002, 212.117, 212.263, 212.44, 212.646, 212.882, 213.149, 196.958, 196.821, 196.716, 196.643, 196.604, 
5.08, 0, 247.599, 237.481, 233.181, 223.068, 217.244, 217.119, 217.024, 216.959, 216.923, 216.917, 216.941, 216.995, 217.078, 217.191, 217.333, 217.505, 217.707, 217.938, 218.198, 202.029, 201.895, 201.793, 201.722, 201.684, 
242.54, 247.599, 0, 10.16, 14.478, 24.638, 31.3255, 32.219, 33.2827, 34.501, 35.8581, 37.3389, 38.9292, 40.6162, 42.3883, 44.2354, 46.1484, 48.1194, 50.1417, 52.2092, 54.3168, 46.0364, 46.649, 47.3899, 48.2533, 49.2328, 
232.423, 237.481, 10.16, 0, 4.318, 14.478, 21.9236, 23.1823, 24.6393, 26.2617, 28.0207, 29.8922, 31.8565, 33.8973, 36.0018, 38.1592, 40.3612, 42.6009, 44.8725, 47.1716, 49.4942, 36.1805, 36.9568, 37.8877, 38.9623, 40.169, 
228.124, 233.181, 14.478, 4.318, 0, 10.16, 18.1765, 19.6764, 21.3738, 23.2254, 25.1973, 27.2633, 29.4037, 31.6034, 33.8507, 36.1368, 38.4548, 40.7992, 43.1658, 45.5511, 47.9522, 32.0493, 32.9231, 33.9648, 35.1595, 36.4921, 
218.013, 223.068, 24.638, 14.478, 10.16, 0, 11.1326, 13.4428, 15.8236, 18.2474, 20.6991, 23.1698, 25.654, 28.1482, 30.6499, 33.1575, 35.6696, 38.1854, 40.7042, 43.2255, 45.7489, 22.606, 23.8287, 25.2484, 26.834, 28.5578, 
212.172, 217.244, 31.3255, 21.9236, 18.1765, 11.1326, 0, 2.54, 5.08, 7.62, 10.16, 12.7, 15.24, 17.78, 20.32, 22.86, 25.4, 27.94, 30.48, 33.02, 35.56, 15.24, 15.4502, 16.0644, 17.0388, 18.3162, 
212.044, 217.119, 32.219, 23.1823, 19.6764, 13.4428, 2.54, 0, 2.54, 5.08, 7.62, 10.16, 12.7, 15.24, 17.78, 20.32, 22.86, 25.4, 27.94, 30.48, 33.02, 15.4502, 15.24, 15.4502, 16.0644, 17.0388, 
211.947, 217.024, 33.2827, 24.6393, 21.3738, 15.8236, 5.08, 2.54, 0, 2.54, 5.08, 7.62, 10.16, 12.7, 15.24, 17.78, 20.32, 22.86, 25.4, 27.94, 30.48, 16.0644, 15.4502, 15.24, 15.4502, 16.0644, 
211.88, 216.959, 34.501, 26.2617, 23.2254, 18.2474, 7.62, 5.08, 2.54, 0, 2.54, 5.08, 7.62, 10.16, 12.7, 15.24, 17.78, 20.32, 22.86, 25.4, 27.94, 17.0388, 16.0644, 15.4502, 15.24, 15.4502, 
211.843, 216.923, 35.8581, 28.0207, 25.1973, 20.6991, 10.16, 7.62, 5.08, 2.54, 0, 2.54, 5.08, 7.62, 10.16, 12.7, 15.24, 17.78, 20.32, 22.86, 25.4, 18.3162, 17.0388, 16.0644, 15.4502, 15.24, 
211.837, 216.917, 37.3389, 29.8922, 27.2633, 23.1698, 12.7, 10.16, 7.62, 5.08, 2.54, 0, 2.54, 5.08, 7.62, 10.16, 12.7, 15.24, 17.78, 20.32, 22.86, 19.838, 18.3162, 17.0388, 16.0644, 15.4502, 
211.862, 216.941, 38.9292, 31.8565, 29.4037, 25.654, 15.24, 12.7, 10.16, 7.62, 5.08, 2.54, 0, 2.54, 5.08, 7.62, 10.16, 12.7, 15.24, 17.78, 20.32, 21.5526, 19.838, 18.3162, 17.0388, 16.0644, 
211.917, 216.995, 40.6162, 33.8973, 31.6034, 28.1482, 17.78, 15.24, 12.7, 10.16, 7.62, 5.08, 2.54, 0, 2.54, 5.08, 7.62, 10.16, 12.7, 15.24, 17.78, 23.4176, 21.5526, 19.838, 18.3162, 17.0388, 
212.002, 217.078, 42.3883, 36.0018, 33.8507, 30.6499, 20.32, 17.78, 15.24, 12.7, 10.16, 7.62, 5.08, 2.54, 0, 2.54, 5.08, 7.62, 10.16, 12.7, 15.24, 25.4, 23.4176, 21.5526, 19.838, 18.3162, 
212.117, 217.191, 44.2354, 38.1592, 36.1368, 33.1575, 22.86, 20.32, 17.78, 15.24, 12.7, 10.16, 7.62, 5.08, 2.54, 0, 2.54, 5.08, 7.62, 10.16, 12.7, 27.4743, 25.4, 23.4176, 21.5526, 19.838, 
212.263, 217.333, 46.1484, 40.3612, 38.4548, 35.6696, 25.4, 22.86, 20.32, 17.78, 15.24, 12.7, 10.16, 7.62, 5.08, 2.54, 0, 2.54, 5.08, 7.62, 10.16, 29.6212, 27.4743, 25.4, 23.4176, 21.5526, 
212.44, 217.505, 48.1194, 42.6009, 40.7992, 38.1854, 27.94, 25.4, 22.86, 20.32, 17.78, 15.24, 12.7, 10.16, 7.62, 5.08, 2.54, 0, 2.54, 5.08, 7.62, 31.8261, 29.6212, 27.4743, 25.4, 23.4176, 
212.646, 217.707, 50.1417, 44.8725, 43.1658, 40.7042, 30.48, 27.94, 25.4, 22.86, 20.32, 17.78, 15.24, 12.7, 10.16, 7.62, 5.08, 2.54, 0, 2.54, 5.08, 34.0777, 31.8261, 29.6212, 27.4743, 25.4, 
212.882, 217.938, 52.2092, 47.1716, 45.5511, 43.2255, 33.02, 30.48, 27.94, 25.4, 22.86, 20.32, 17.78, 15.24, 12.7, 10.16, 7.62, 5.08, 2.54, 0, 2.54, 36.3673, 34.0777, 31.8261, 29.6212, 27.4743, 
213.149, 218.198, 54.3168, 49.4942, 47.9522, 45.7489, 35.56, 33.02, 30.48, 27.94, 25.4, 22.86, 20.32, 17.78, 15.24, 12.7, 10.16, 7.62, 5.08, 2.54, 0, 38.6881, 36.3673, 34.0777, 31.8261, 29.6212, 
196.958, 202.029, 46.0364, 36.1805, 32.0493, 22.606, 15.24, 15.4502, 16.0644, 17.0388, 18.3162, 19.838, 21.5526, 23.4176, 25.4, 27.4743, 29.6212, 31.8261, 34.0777, 36.3673, 38.6881, 0, 2.54, 5.08, 7.62, 10.16, 
196.821, 201.895, 46.649, 36.9568, 32.9231, 23.8287, 15.4502, 15.24, 15.4502, 16.0644, 17.0388, 18.3162, 19.838, 21.5526, 23.4176, 25.4, 27.4743, 29.6212, 31.8261, 34.0777, 36.3673, 2.54, 0, 2.54, 5.08, 7.62, 
196.716, 201.793, 47.3899, 37.8877, 33.9648, 25.2484, 16.0644, 15.4502, 15.24, 15.4502, 16.0644, 17.0388, 18.3162, 19.838, 21.5526, 23.4176, 25.4, 27.4743, 29.6212, 31.8261, 34.0777, 5.08, 2.54, 0, 2.54, 5.08, 
196.643, 201.722, 48.2533, 38.9623, 35.1595, 26.834, 17.0388, 16.0644, 15.4502, 15.24, 15.4502, 16.0644, 17.0388, 18.3162, 19.838, 21.5526, 23.4176, 25.4, 27.4743, 29.6212, 31.8261, 7.62, 5.08, 2.54, 0, 2.54, 
196.604, 201.684, 49.2328, 40.169, 36.4921, 28.5578, 18.3162, 17.0388, 16.0644, 15.4502, 15.24, 15.4502, 16.0644, 17.0388, 18.3162, 19.838, 21.5526, 23.4176, 25.4, 27.4743, 29.6212, 10.16, 7.62, 5.08, 2.54, 0, 
Scaled Distances:
0, 314, 29709, 28456, 27924, 26672, 25949, 25934, 25922, 25913, 25909, 25908, 25911, 25918, 25928, 25943, 25961, 25983, 26008, 26037, 26070, 24066, 24049, 24036, 24027, 24022, 
314, 0, 30335, 29082, 28550, 27298, 26577, 26562, 26550, 26542, 26538, 26537, 26540, 26546, 26557, 26571, 26588, 26610, 26635, 26663, 26695, 24694, 24677, 24665, 24656, 24651, 
29709, 30335, 0, 943, 1478, 2735, 3563, 3674, 3806, 3956, 4124, 4308, 4504, 4713, 4933, 5161, 5398, 5642, 5892, 6148, 6409, 5384, 5460, 5552, 5659, 5780, 
28456, 29082, 943, 0, 220, 1478, 2399, 2555, 2736, 2936, 3154, 3386, 3629, 3882, 4142, 4409, 4682, 4959, 5240, 5525, 5812, 4164, 4260, 4376, 4509, 4658, 
27924, 28550, 1478, 220, 0, 943, 1936, 2121, 2331, 2561, 2805, 3060, 3325, 3598, 3876, 4159, 4446, 4736, 5029, 5324, 5621, 3653, 3761, 3890, 4038, 4203, 
26672, 27298, 2735, 1478, 943, 0, 1064, 1350, 1644, 1944, 2248, 2554, 2861, 3170, 3480, 3790, 4101, 4412, 4724, 5036, 5349, 2484, 2635, 2811, 3007, 3221, 
25949, 26577, 3563, 2399, 1936, 1064, 0, 0, 314, 629, 943, 1258, 1572, 1886, 2201, 2515, 2830, 3144, 3459, 3773, 4087, 1572, 1598, 1674, 1795, 1953, 
25934, 26562, 3674, 2555, 2121, 1350, 0, 0, 0, 314, 629, 943, 1258, 1572, 1886, 2201, 2515, 2830, 3144, 3459, 3773, 1598, 1572, 1598, 1674, 1795, 
25922, 26550, 3806, 2736, 2331, 1644, 314, 0, 0, 0, 314, 629, 943, 1258, 1572, 1886, 2201, 2515, 2830, 3144, 3459, 1674, 1598, 1572, 1598, 1674, 
25913, 26542, 3956, 2936, 2561, 1944, 629, 314, 0, 0, 0, 314, 629, 943, 1258, 1572, 1886, 2201, 2515, 2830, 3144, 1795, 1674, 1598, 1572, 1598, 
25909, 26538, 4124, 3154, 2805, 2248, 943, 629, 314, 0, 0, 0, 314, 629, 943, 1258, 1572, 1886, 2201, 2515, 2830, 1953, 1795, 1674, 1598, 1572, 
25908, 26537, 4308, 3386, 3060, 2554, 1258, 943, 629, 314, 0, 0, 0, 314, 629, 943, 1258, 1572, 1886, 2201, 2515, 2141, 1953, 1795, 1674, 1598, 
25911, 26540, 4504, 3629, 3325, 2861, 1572, 1258, 943, 629, 314, 0, 0, 0, 314, 629, 943, 1258, 1572, 1886, 2201, 2353, 2141, 1953, 1795, 1674, 
25918, 26546, 4713, 3882, 3598, 3170, 1886, 1572, 1258, 943, 629, 314, 0, 0, 0, 314, 629, 943, 1258, 1572, 1886, 2584, 2353, 2141, 1953, 1795, 
25928, 26557, 4933, 4142, 3876, 3480, 2201, 1886, 1572, 1258, 943, 629, 314, 0, 0, 0, 314, 629, 943, 1258, 1572, 2830, 2584, 2353, 2141, 1953, 
25943, 26571, 5161, 4409, 4159, 3790, 2515, 2201, 1886, 1572, 1258, 943, 629, 314, 0, 0, 0, 314, 629, 943, 1258, 3087, 2830, 2584, 2353, 2141, 
25961, 26588, 5398, 4682, 4446, 4101, 2830, 2515, 2201, 1886, 1572, 1258, 943, 629, 314, 0, 0, 0, 314, 629, 943, 3352, 3087, 2830, 2584, 2353, 
25983, 26610, 5642, 4959, 4736, 4412, 3144, 2830, 2515, 2201, 1886, 1572, 1258, 943, 629, 314, 0, 0, 0, 314, 629, 3625, 3352, 3087, 2830, 2584, 
26008, 26635, 5892, 5240, 5029, 4724, 3459, 3144, 2830, 2515, 2201, 1886, 1572, 1258, 943, 629, 314, 0, 0, 0, 314, 3904, 3625, 3352, 3087, 2830, 
26037, 26663, 6148, 5525, 5324, 5036, 3773, 3459, 3144, 2830, 2515, 2201, 1886, 1572, 1258, 943, 629, 314, 0, 0, 0, 4187, 3904, 3625, 3352, 3087, 
26070, 26695, 6409, 5812, 5621, 5349, 4087, 3773, 3459, 3144, 2830, 2515, 2201, 1886, 1572, 1258, 943, 629, 314, 0, 0, 4475, 4187, 3904, 3625, 3352, 
24066, 24694, 5384, 4164, 3653, 2484, 1572, 1598, 1674, 1795, 1953, 2141, 2353, 2584, 2830, 3087, 3352, 3625, 3904, 4187, 4475, 0, 0, 314, 629, 943, 
24049, 24677, 5460, 4260, 3761, 2635, 1598, 1572, 1598, 1674, 1795, 1953, 2141, 2353, 2584, 2830, 3087, 3352, 3625, 3904, 4187, 0, 0, 0, 314, 629, 
24036, 24665, 5552, 4376, 3890, 2811, 1674, 1598, 1572, 1598, 1674, 1795, 1953, 2141, 2353, 2584, 2830, 3087, 3352, 3625, 3904, 314, 0, 0, 0, 314, 
24027, 24656, 5659, 4509, 4038, 3007, 1795, 1674, 1598, 1572, 1598, 1674, 1795, 1953, 2141, 2353, 2584, 2830, 3087, 3352, 3625, 629, 314, 0, 0, 0, 
24022, 24651, 5780, 4658, 4203, 3221, 1953, 1795, 1674, 1598, 1572, 1598, 1674, 1795, 1953, 2141, 2353, 2584, 2830, 3087, 3352, 943, 629, 314, 0, 0, 
Optimal total distance (scaled) for 26 points: 59184
Optimal total distance for 26 points: 544.171981
Corresponding path (0-indexed):
Point #25
Point #0
Point #1
Point #20
Point #19
Point #18
Point #17
Point #16
Point #15
Point #14
Point #13
Point #12
Point #11
Point #10
Point #9
Point #8
Point #7
Point #6
Point #2
Point #3
Point #4
Point #5
Point #21
Point #22
Point #23
Point #24
Point #25
Execution time: 7790 ms

Elapsed time: 7790 ms


Execution #2/10000

Seed: 2
Estimated max possible cost 569.462243
for path: 
0 1 2 3 4 5 6 7 8 9 10 11 12 13 14 15 16 17 18 19 20 21 22 23 24 25 0
Execution time: 7768 ms

Elapsed time: 15558 ms


Execution #3/10000

Seed: 3
Estimated max possible cost 569.462243
for path: 
0 1 2 3 4 5 6 7 8 9 10 11 12 13 14 15 16 17 18 19 20 21 22 23 24 25 0
Execution time: 10169 ms

Elapsed time: 25727 ms


Terminating due to timeout: 25727 ms >= 20000 ms

Executed runs: 2/10000
Total execution time: 25.727 s
Avg execution time: 12863.5 ms
