Solving TSP


Execution #1/10000

Seed: 1
Estimated max possible cost 574.561931
for path: 
0 1 2 3 4 5 6 7 8 9 10 11 12 13 14 15 16 17 18 19 20 21 22 23 24 25 26 27 0
Memory needed for path: 504802935 locs, for costs: 469364220 locs.
Desired precision: 1e+12
Mem constraint for cost_t: 16 bits
Rounded to pow of 2 bytes mem constraint (capped at 64bits) for cost_t: 16 bits
Bits needed for an int to preserve precision: 49
Warning: cannot preserve precision.
Warning: Using an integer; there is not enough memory for decimals.
Bits used per cost_t: 16
Selected cost_t = (u)int16_t
Solving with cost_t = t
Memory [GB] needed: 1.34439
Requested precision is too high;managed to differentiate costs by: 0.005727
Distances:
0, 5.08, 242.54, 232.423, 228.124, 218.013, 212.172, 212.044, 211.947, 211.88, 211.843, 211.837, 211.862, 211.917, 212.002, 212.117, 212.263, 212.44, 212.646, 212.882, 213.149, 196.958, 196.821, 196.716, 196.643, 196.604, 196.597, 196.624, 
5.08, 0, 247.599, 237.481, 233.181, 223.068, 217.244, 217.119, 217.024, 216.959, 216.923, 216.917, 216.941, 216.995, 217.078, 217.191, 217.333, 217.505, 217.707, 217.938, 218.198, 202.029, 201.895, 201.793, 201.722, 201.684, 201.677, 201.703, 
242.54, 247.599, 0, 10.16, 14.478, 24.638, 31.3255, 32.219, 33.2827, 34.501, 35.8581, 37.3389, 38.9292, 40.6162, 42.3883, 44.2354, 46.1484, 48.1194, 50.1417, 52.2092, 54.3168, 46.0364, 46.649, 47.3899, 48.2533, 49.2328, 50.3215, 51.5126, 
232.423, 237.481, 10.16, 0, 4.318, 14.478, 21.9236, 23.1823, 24.6393, 26.2617, 28.0207, 29.8922, 31.8565, 33.8973, 36.0018, 38.1592, 40.3612, 42.6009, 44.8725, 47.1716, 49.4942, 36.1805, 36.9568, 37.8877, 38.9623, 40.169, 41.4962, 42.9328, 
228.124, 233.181, 14.478, 4.318, 0, 10.16, 18.1765, 19.6764, 21.3738, 23.2254, 25.1973, 27.2633, 29.4037, 31.6034, 33.8507, 36.1368, 38.4548, 40.7992, 43.1658, 45.5511, 47.9522, 32.0493, 32.9231, 33.9648, 35.1595, 36.4921, 37.9481, 39.5139, 
218.013, 223.068, 24.638, 14.478, 10.16, 0, 11.1326, 13.4428, 15.8236, 18.2474, 20.6991, 23.1698, 25.654, 28.1482, 30.6499, 33.1575, 35.6696, 38.1854, 40.7042, 43.2255, 45.7489, 22.606, 23.8287, 25.2484, 26.834, 28.5578, 30.3963, 32.3299, 
212.172, 217.244, 31.3255, 21.9236, 18.1765, 11.1326, 0, 2.54, 5.08, 7.62, 10.16, 12.7, 15.24, 17.78, 20.32, 22.86, 25.4, 27.94, 30.48, 33.02, 35.56, 15.24, 15.4502, 16.0644, 17.0388, 18.3162, 19.838, 21.5526, 
212.044, 217.119, 32.219, 23.1823, 19.6764, 13.4428, 2.54, 0, 2.54, 5.08, 7.62, 10.16, 12.7, 15.24, 17.78, 20.32, 22.86, 25.4, 27.94, 30.48, 33.02, 15.4502, 15.24, 15.4502, 16.0644, 17.0388, 18.3162, 19.838, 
211.947, 217.024, 33.2827, 24.6393, 21.3738, 15.8236, 5.08, 2.54, 0, 2.54, 5.08, 7.62, 10.16, 12.7, 15.24, 17.78, 20.32, 22.86, 25.4, 27.94, 30.48, 16.0644, 15.4502, 15.24, 15.4502, 16.0644, 17.0388, 18.3162, 
211.88, 216.959, 34.501, 26.2617, 23.2254, 18.2474, 7.62, 5.08, 2.54, 0, 2.54, 5.08, 7.62, 10.16, 12.7, 15.24, 17.78, 20.32, 22.86, 25.4, 27.94, 17.0388, 16.0644, 15.4502, 15.24, 15.4502, 16.0644, 17.0388, 
211.843, 216.923, 35.8581, 28.0207, 25.1973, 20.6991, 10.16, 7.62, 5.08, 2.54, 0, 2.54, 5.08, 7.62, 10.16, 12.7, 15.24, 17.78, 20.32, 22.86, 25.4, 18.3162, 17.0388, 16.0644, 15.4502, 15.24, 15.4502, 16.0644, 
211.837, 216.917, 37.3389, 29.8922, 27.2633, 23.1698, 12.7, 10.16, 7.62, 5.08, 2.54, 0, 2.54, 5.08, 7.62, 10.16, 12.7, 15.24, 17.78, 20.32, 22.86, 19.838, 18.3162, 17.0388, 16.0644, 15.4502, 15.24, 15.4502, 
211.862, 216.941, 38.9292, 31.8565, 29.4037, 25.654, 15.24, 12.7, 10.16, 7.62, 5.08, 2.54, 0, 2.54, 5.08, 7.62, 10.16, 12.7, 15.24, 17.78, 20.32, 21.5526, 19.838, 18.3162, 17.0388, 16.0644, 15.4502, 15.24, 
211.917, 216.995, 40.6162, 33.8973, 31.6034, 28.1482, 17.78, 15.24, 12.7, 10.16, 7.62, 5.08, 2.54, 0, 2.54, 5.08, 7.62, 10.16, 12.7, 15.24, 17.78, 23.4176, 21.5526, 19.838, 18.3162, 17.0388, 16.0644, 15.4502, 
212.002, 217.078, 42.3883, 36.0018, 33.8507, 30.6499, 20.32, 17.78, 15.24, 12.7, 10.16, 7.62, 5.08, 2.54, 0, 2.54, 5.08, 7.62, 10.16, 12.7, 15.24, 25.4, 23.4176, 21.5526, 19.838, 18.3162, 17.0388, 16.0644, 
212.117, 217.191, 44.2354, 38.1592, 36.1368, 33.1575, 22.86, 20.32, 17.78, 15.24, 12.7, 10.16, 7.62, 5.08, 2.54, 0, 2.54, 5.08, 7.62, 10.16, 12.7, 27.4743, 25.4, 23.4176, 21.5526, 19.838, 18.3162, 17.0388, 
212.263, 217.333, 46.1484, 40.3612, 38.4548, 35.6696, 25.4, 22.86, 20.32, 17.78, 15.24, 12.7, 10.16, 7.62, 5.08, 2.54, 0, 2.54, 5.08, 7.62, 10.16, 29.6212, 27.4743, 25.4, 23.4176, 21.5526, 19.838, 18.3162, 
212.44, 217.505, 48.1194, 42.6009, 40.7992, 38.1854, 27.94, 25.4, 22.86, 20.32, 17.78, 15.24, 12.7, 10.16, 7.62, 5.08, 2.54, 0, 2.54, 5.08, 7.62, 31.8261, 29.6212, 27.4743, 25.4, 23.4176, 21.5526, 19.838, 
212.646, 217.707, 50.1417, 44.8725, 43.1658, 40.7042, 30.48, 27.94, 25.4, 22.86, 20.32, 17.78, 15.24, 12.7, 10.16, 7.62, 5.08, 2.54, 0, 2.54, 5.08, 34.0777, 31.8261, 29.6212, 27.4743, 25.4, 23.4176, 21.5526, 
212.882, 217.938, 52.2092, 47.1716, 45.5511, 43.2255, 33.02, 30.48, 27.94, 25.4, 22.86, 20.32, 17.78, 15.24, 12.7, 10.16, 7.62, 5.08, 2.54, 0, 2.54, 36.3673, 34.0777, 31.8261, 29.6212, 27.4743, 25.4, 23.4176, 
213.149, 218.198, 54.3168, 49.4942, 47.9522, 45.7489, 35.56, 33.02, 30.48, 27.94, 25.4, 22.86, 20.32, 17.78, 15.24, 12.7, 10.16, 7.62, 5.08, 2.54, 0, 38.6881, 36.3673, 34.0777, 31.8261, 29.6212, 27.4743, 25.4, 
196.958, 202.029, 46.0364, 36.1805, 32.0493, 22.606, 15.24, 15.4502, 16.0644, 17.0388, 18.3162, 19.838, 21.5526, 23.4176, 25.4, 27.4743, 29.6212, 31.8261, 34.0777, 36.3673, 38.6881, 0, 2.54, 5.08, 7.62, 10.16, 12.7, 15.24, 
196.821, 201.895, 46.649, 36.9568, 32.9231, 23.8287, 15.4502, 15.24, 15.4502, 16.0644, 17.0388, 18.3162, 19.838, 21.5526, 23.4176, 25.4, 27.4743, 29.6212, 31.8261, 34.0777, 36.3673, 2.54, 0, 2.54, 5.08, 7.62, 10.16, 12.7, 
196.716, 201.793, 47.3899, 37.8877, 33.9648, 25.2484, 16.0644, 15.4502, 15.24, 15.4502, 16.0644, 17.0388, 18.3162, 19.838, 21.5526, 23.4176, 25.4, 27.4743, 29.6212, 31.8261, 34.0777, 5.08, 2.54, 0, 2.54, 5.08, 7.62, 10.16, 
196.643, 201.722, 48.2533, 38.9623, 35.1595, 26.834, 17.0388, 16.0644, 15.4502, 15.24, 15.4502, 16.0644, 17.0388, 18.3162, 19.838, 21.5526, 23.4176, 25.4, 27.4743, 29.6212, 31.8261, 7.62, 5.08, 2.54, 0, 2.54, 5.08, 7.62, 
196.604, 201.684, 49.2328, 40.169, 36.4921, 28.5578, 18.3162, 17.0388, 16.0644, 15.4502, 15.24, 15.4502, 16.0644, 17.0388, 18.3162, 19.838, 21.5526, 23.4176, 25.4, 27.4743, 29.6212, 10.16, 7.62, 5.08, 2.54, 0, 2.54, 5.08, 
196.597, 201.677, 50.3215, 41.4962, 37.9481, 30.3963, 19.838, 18.3162, 17.0388, 16.0644, 15.4502, 15.24, 15.4502, 16.0644, 17.0388, 18.3162, 19.838, 21.5526, 23.4176, 25.4, 27.4743, 12.7, 10.16, 7.62, 5.08, 2.54, 0, 2.54, 
196.624, 201.703, 51.5126, 42.9328, 39.5139, 32.3299, 21.5526, 19.838, 18.3162, 17.0388, 16.0644, 15.4502, 15.24, 15.4502, 16.0644, 17.0388, 18.3162, 19.838, 21.5526, 23.4176, 25.4, 15.24, 12.7, 10.16, 7.62, 5.08, 2.54, 0, 
Scaled Distances:
0, 313, 29595, 28348, 27818, 26571, 25851, 25835, 25823, 25815, 25810, 25809, 25812, 25819, 25830, 25844, 25862, 25884, 25909, 25938, 25971, 23974, 23958, 23945, 23936, 23931, 23930, 23933, 
313, 0, 30219, 28972, 28441, 27194, 26476, 26461, 26449, 26441, 26436, 26436, 26439, 26445, 26456, 26469, 26487, 26508, 26533, 26562, 26594, 24600, 24583, 24571, 24562, 24557, 24556, 24560, 
29595, 30219, 0, 940, 1472, 2725, 3550, 3660, 3791, 3941, 4109, 4291, 4487, 4695, 4914, 5142, 5378, 5621, 5870, 6125, 6385, 5364, 5439, 5531, 5637, 5758, 5892, 6039, 
28348, 28972, 940, 0, 219, 1472, 2390, 2545, 2725, 2925, 3142, 3373, 3615, 3867, 4126, 4392, 4664, 4940, 5220, 5504, 5790, 4148, 4244, 4359, 4491, 4640, 4804, 4981, 
27818, 28441, 1472, 219, 0, 940, 1928, 2113, 2322, 2551, 2794, 3049, 3313, 3584, 3861, 4143, 4429, 4718, 5010, 5304, 5600, 3639, 3747, 3875, 4022, 4187, 4366, 4559, 
26571, 27194, 2725, 1472, 940, 0, 1060, 1344, 1638, 1937, 2239, 2544, 2850, 3158, 3466, 3776, 4085, 4396, 4706, 5017, 5328, 2474, 2625, 2800, 2996, 3208, 3435, 3674, 
25851, 26476, 3550, 2390, 1928, 1060, 0, 0, 313, 626, 940, 1253, 1566, 1879, 2193, 2506, 2819, 3132, 3445, 3759, 4072, 1566, 1592, 1668, 1788, 1945, 2133, 2345, 
25835, 26461, 3660, 2545, 2113, 1344, 0, 0, 0, 313, 626, 940, 1253, 1566, 1879, 2193, 2506, 2819, 3132, 3445, 3759, 1592, 1566, 1592, 1668, 1788, 1945, 2133, 
25823, 26449, 3791, 2725, 2322, 1638, 313, 0, 0, 0, 313, 626, 940, 1253, 1566, 1879, 2193, 2506, 2819, 3132, 3445, 1668, 1592, 1566, 1592, 1668, 1788, 1945, 
25815, 26441, 3941, 2925, 2551, 1937, 626, 313, 0, 0, 0, 313, 626, 940, 1253, 1566, 1879, 2193, 2506, 2819, 3132, 1788, 1668, 1592, 1566, 1592, 1668, 1788, 
25810, 26436, 4109, 3142, 2794, 2239, 940, 626, 313, 0, 0, 0, 313, 626, 940, 1253, 1566, 1879, 2193, 2506, 2819, 1945, 1788, 1668, 1592, 1566, 1592, 1668, 
25809, 26436, 4291, 3373, 3049, 2544, 1253, 940, 626, 313, 0, 0, 0, 313, 626, 940, 1253, 1566, 1879, 2193, 2506, 2133, 1945, 1788, 1668, 1592, 1566, 1592, 
25812, 26439, 4487, 3615, 3313, 2850, 1566, 1253, 940, 626, 313, 0, 0, 0, 313, 626, 940, 1253, 1566, 1879, 2193, 2345, 2133, 1945, 1788, 1668, 1592, 1566, 
25819, 26445, 4695, 3867, 3584, 3158, 1879, 1566, 1253, 940, 626, 313, 0, 0, 0, 313, 626, 940, 1253, 1566, 1879, 2575, 2345, 2133, 1945, 1788, 1668, 1592, 
25830, 26456, 4914, 4126, 3861, 3466, 2193, 1879, 1566, 1253, 940, 626, 313, 0, 0, 0, 313, 626, 940, 1253, 1566, 2819, 2575, 2345, 2133, 1945, 1788, 1668, 
25844, 26469, 5142, 4392, 4143, 3776, 2506, 2193, 1879, 1566, 1253, 940, 626, 313, 0, 0, 0, 313, 626, 940, 1253, 3075, 2819, 2575, 2345, 2133, 1945, 1788, 
25862, 26487, 5378, 4664, 4429, 4085, 2819, 2506, 2193, 1879, 1566, 1253, 940, 626, 313, 0, 0, 0, 313, 626, 940, 3339, 3075, 2819, 2575, 2345, 2133, 1945, 
25884, 26508, 5621, 4940, 4718, 4396, 3132, 2819, 2506, 2193, 1879, 1566, 1253, 940, 626, 313, 0, 0, 0, 313, 626, 3611, 3339, 3075, 2819, 2575, 2345, 2133, 
25909, 26533, 5870, 5220, 5010, 4706, 3445, 3132, 2819, 2506, 2193, 1879, 1566, 1253, 940, 626, 313, 0, 0, 0, 313, 3889, 3611, 3339, 3075, 2819, 2575, 2345, 
25938, 26562, 6125, 5504, 5304, 5017, 3759, 3445, 3132, 2819, 2506, 2193, 1879, 1566, 1253, 940, 626, 313, 0, 0, 0, 4171, 3889, 3611, 3339, 3075, 2819, 2575, 
25971, 26594, 6385, 5790, 5600, 5328, 4072, 3759, 3445, 3132, 2819, 2506, 2193, 1879, 1566, 1253, 940, 626, 313, 0, 0, 4458, 4171, 3889, 3611, 3339, 3075, 2819, 
23974, 24600, 5364, 4148, 3639, 2474, 1566, 1592, 1668, 1788, 1945, 2133, 2345, 2575, 2819, 3075, 3339, 3611, 3889, 4171, 4458, 0, 0, 313, 626, 940, 1253, 1566, 
23958, 24583, 5439, 4244, 3747, 2625, 1592, 1566, 1592, 1668, 1788, 1945, 2133, 2345, 2575, 2819, 3075, 3339, 3611, 3889, 4171, 0, 0, 0, 313, 626, 940, 1253, 
23945, 24571, 5531, 4359, 3875, 2800, 1668, 1592, 1566, 1592, 1668, 1788, 1945, 2133, 2345, 2575, 2819, 3075, 3339, 3611, 3889, 313, 0, 0, 0, 313, 626, 940, 
23936, 24562, 5637, 4491, 4022, 2996, 1788, 1668, 1592, 1566, 1592, 1668, 1788, 1945, 2133, 2345, 2575, 2819, 3075, 3339, 3611, 626, 313, 0, 0, 0, 313, 626, 
23931, 24557, 5758, 4640, 4187, 3208, 1945, 1788, 1668, 1592, 1566, 1592, 1668, 1788, 1945, 2133, 2345, 2575, 2819, 3075, 3339, 940, 626, 313, 0, 0, 0, 313, 
23930, 24556, 5892, 4804, 4366, 3435, 2133, 1945, 1788, 1668, 1592, 1566, 1592, 1668, 1788, 1945, 2133, 2345, 2575, 2819, 3075, 1253, 940, 626, 313, 0, 0, 0, 
23933, 24560, 6039, 4981, 4559, 3674, 2345, 2133, 1945, 1788, 1668, 1592, 1566, 1592, 1668, 1788, 1945, 2133, 2345, 2575, 2819, 1566, 1253, 940, 626, 313, 0, 0, 
Optimal total distance (scaled) for 28 points: 58963
Optimal total distance for 28 points: 549.271669
Corresponding path (0-indexed):
Point #27
Point #0
Point #1
Point #20
Point #19
Point #18
Point #17
Point #16
Point #15
Point #14
Point #13
Point #12
Point #11
Point #10
Point #9
Point #8
Point #7
Point #6
Point #2
Point #3
Point #4
Point #5
Point #21
Point #22
Point #23
Point #24
Point #25
Point #26
Point #27
Execution time: 27795 ms

Elapsed time: 27795 ms


Terminating due to timeout: 27795 ms >= 20000 ms

Executed runs: 1/10000
Total execution time: 27.795 s
Avg execution time: 27795 ms
