Solving TSP


Execution #1/10000

Seed: 1
Estimated max possible cost 577.160984
for path: 
0 1 2 3 4 5 6 7 8 9 10 11 12 13 14 15 16 17 18 19 20 21 22 23 24 25 26 27 28 0
Memory needed for path: 1317415008 locs, for costs: 1048380480 locs.
Desired precision: 1e+12
Mem constraint for cost_t: 16 bits
Rounded to pow of 2 bytes mem constraint (capped at 64bits) for cost_t: 16 bits
Bits needed for an int to preserve precision: 49
Warning: cannot preserve precision.
Warning: Using an integer; there is not enough memory for decimals.
Bits used per cost_t: 16
Selected cost_t = (u)int16_t
Solving with cost_t = t
Memory [GB] needed: 3.1797
Requested precision is too high;managed to differentiate costs by: 0.003998
Distances:
0, 5.08, 242.54, 232.423, 228.124, 218.013, 212.172, 212.044, 211.947, 211.88, 211.843, 211.837, 211.862, 211.917, 212.002, 212.117, 212.263, 212.44, 212.646, 212.882, 213.149, 196.958, 196.821, 196.716, 196.643, 196.604, 196.597, 196.624, 196.683, 
5.08, 0, 247.599, 237.481, 233.181, 223.068, 217.244, 217.119, 217.024, 216.959, 216.923, 216.917, 216.941, 216.995, 217.078, 217.191, 217.333, 217.505, 217.707, 217.938, 218.198, 202.029, 201.895, 201.793, 201.722, 201.684, 201.677, 201.703, 201.761, 
242.54, 247.599, 0, 10.16, 14.478, 24.638, 31.3255, 32.219, 33.2827, 34.501, 35.8581, 37.3389, 38.9292, 40.6162, 42.3883, 44.2354, 46.1484, 48.1194, 50.1417, 52.2092, 54.3168, 46.0364, 46.649, 47.3899, 48.2533, 49.2328, 50.3215, 51.5126, 52.799, 
232.423, 237.481, 10.16, 0, 4.318, 14.478, 21.9236, 23.1823, 24.6393, 26.2617, 28.0207, 29.8922, 31.8565, 33.8973, 36.0018, 38.1592, 40.3612, 42.6009, 44.8725, 47.1716, 49.4942, 36.1805, 36.9568, 37.8877, 38.9623, 40.169, 41.4962, 42.9328, 44.4681, 
228.124, 233.181, 14.478, 4.318, 0, 10.16, 18.1765, 19.6764, 21.3738, 23.2254, 25.1973, 27.2633, 29.4037, 31.6034, 33.8507, 36.1368, 38.4548, 40.7992, 43.1658, 45.5511, 47.9522, 32.0493, 32.9231, 33.9648, 35.1595, 36.4921, 37.9481, 39.5139, 41.177, 
218.013, 223.068, 24.638, 14.478, 10.16, 0, 11.1326, 13.4428, 15.8236, 18.2474, 20.6991, 23.1698, 25.654, 28.1482, 30.6499, 33.1575, 35.6696, 38.1854, 40.7042, 43.2255, 45.7489, 22.606, 23.8287, 25.2484, 26.834, 28.5578, 30.3963, 32.3299, 34.3426, 
212.172, 217.244, 31.3255, 21.9236, 18.1765, 11.1326, 0, 2.54, 5.08, 7.62, 10.16, 12.7, 15.24, 17.78, 20.32, 22.86, 25.4, 27.94, 30.48, 33.02, 35.56, 15.24, 15.4502, 16.0644, 17.0388, 18.3162, 19.838, 21.5526, 23.4176, 
212.044, 217.119, 32.219, 23.1823, 19.6764, 13.4428, 2.54, 0, 2.54, 5.08, 7.62, 10.16, 12.7, 15.24, 17.78, 20.32, 22.86, 25.4, 27.94, 30.48, 33.02, 15.4502, 15.24, 15.4502, 16.0644, 17.0388, 18.3162, 19.838, 21.5526, 
211.947, 217.024, 33.2827, 24.6393, 21.3738, 15.8236, 5.08, 2.54, 0, 2.54, 5.08, 7.62, 10.16, 12.7, 15.24, 17.78, 20.32, 22.86, 25.4, 27.94, 30.48, 16.0644, 15.4502, 15.24, 15.4502, 16.0644, 17.0388, 18.3162, 19.838, 
211.88, 216.959, 34.501, 26.2617, 23.2254, 18.2474, 7.62, 5.08, 2.54, 0, 2.54, 5.08, 7.62, 10.16, 12.7, 15.24, 17.78, 20.32, 22.86, 25.4, 27.94, 17.0388, 16.0644, 15.4502, 15.24, 15.4502, 16.0644, 17.0388, 18.3162, 
211.843, 216.923, 35.8581, 28.0207, 25.1973, 20.6991, 10.16, 7.62, 5.08, 2.54, 0, 2.54, 5.08, 7.62, 10.16, 12.7, 15.24, 17.78, 20.32, 22.86, 25.4, 18.3162, 17.0388, 16.0644, 15.4502, 15.24, 15.4502, 16.0644, 17.0388, 
211.837, 216.917, 37.3389, 29.8922, 27.2633, 23.1698, 12.7, 10.16, 7.62, 5.08, 2.54, 0, 2.54, 5.08, 7.62, 10.16, 12.7, 15.24, 17.78, 20.32, 22.86, 19.838, 18.3162, 17.0388, 16.0644, 15.4502, 15.24, 15.4502, 16.0644, 
211.862, 216.941, 38.9292, 31.8565, 29.4037, 25.654, 15.24, 12.7, 10.16, 7.62, 5.08, 2.54, 0, 2.54, 5.08, 7.62, 10.16, 12.7, 15.24, 17.78, 20.32, 21.5526, 19.838, 18.3162, 17.0388, 16.0644, 15.4502, 15.24, 15.4502, 
211.917, 216.995, 40.6162, 33.8973, 31.6034, 28.1482, 17.78, 15.24, 12.7, 10.16, 7.62, 5.08, 2.54, 0, 2.54, 5.08, 7.62, 10.16, 12.7, 15.24, 17.78, 23.4176, 21.5526, 19.838, 18.3162, 17.0388, 16.0644, 15.4502, 15.24, 
212.002, 217.078, 42.3883, 36.0018, 33.8507, 30.6499, 20.32, 17.78, 15.24, 12.7, 10.16, 7.62, 5.08, 2.54, 0, 2.54, 5.08, 7.62, 10.16, 12.7, 15.24, 25.4, 23.4176, 21.5526, 19.838, 18.3162, 17.0388, 16.0644, 15.4502, 
212.117, 217.191, 44.2354, 38.1592, 36.1368, 33.1575, 22.86, 20.32, 17.78, 15.24, 12.7, 10.16, 7.62, 5.08, 2.54, 0, 2.54, 5.08, 7.62, 10.16, 12.7, 27.4743, 25.4, 23.4176, 21.5526, 19.838, 18.3162, 17.0388, 16.0644, 
212.263, 217.333, 46.1484, 40.3612, 38.4548, 35.6696, 25.4, 22.86, 20.32, 17.78, 15.24, 12.7, 10.16, 7.62, 5.08, 2.54, 0, 2.54, 5.08, 7.62, 10.16, 29.6212, 27.4743, 25.4, 23.4176, 21.5526, 19.838, 18.3162, 17.0388, 
212.44, 217.505, 48.1194, 42.6009, 40.7992, 38.1854, 27.94, 25.4, 22.86, 20.32, 17.78, 15.24, 12.7, 10.16, 7.62, 5.08, 2.54, 0, 2.54, 5.08, 7.62, 31.8261, 29.6212, 27.4743, 25.4, 23.4176, 21.5526, 19.838, 18.3162, 
212.646, 217.707, 50.1417, 44.8725, 43.1658, 40.7042, 30.48, 27.94, 25.4, 22.86, 20.32, 17.78, 15.24, 12.7, 10.16, 7.62, 5.08, 2.54, 0, 2.54, 5.08, 34.0777, 31.8261, 29.6212, 27.4743, 25.4, 23.4176, 21.5526, 19.838, 
212.882, 217.938, 52.2092, 47.1716, 45.5511, 43.2255, 33.02, 30.48, 27.94, 25.4, 22.86, 20.32, 17.78, 15.24, 12.7, 10.16, 7.62, 5.08, 2.54, 0, 2.54, 36.3673, 34.0777, 31.8261, 29.6212, 27.4743, 25.4, 23.4176, 21.5526, 
213.149, 218.198, 54.3168, 49.4942, 47.9522, 45.7489, 35.56, 33.02, 30.48, 27.94, 25.4, 22.86, 20.32, 17.78, 15.24, 12.7, 10.16, 7.62, 5.08, 2.54, 0, 38.6881, 36.3673, 34.0777, 31.8261, 29.6212, 27.4743, 25.4, 23.4176, 
196.958, 202.029, 46.0364, 36.1805, 32.0493, 22.606, 15.24, 15.4502, 16.0644, 17.0388, 18.3162, 19.838, 21.5526, 23.4176, 25.4, 27.4743, 29.6212, 31.8261, 34.0777, 36.3673, 38.6881, 0, 2.54, 5.08, 7.62, 10.16, 12.7, 15.24, 17.78, 
196.821, 201.895, 46.649, 36.9568, 32.9231, 23.8287, 15.4502, 15.24, 15.4502, 16.0644, 17.0388, 18.3162, 19.838, 21.5526, 23.4176, 25.4, 27.4743, 29.6212, 31.8261, 34.0777, 36.3673, 2.54, 0, 2.54, 5.08, 7.62, 10.16, 12.7, 15.24, 
196.716, 201.793, 47.3899, 37.8877, 33.9648, 25.2484, 16.0644, 15.4502, 15.24, 15.4502, 16.0644, 17.0388, 18.3162, 19.838, 21.5526, 23.4176, 25.4, 27.4743, 29.6212, 31.8261, 34.0777, 5.08, 2.54, 0, 2.54, 5.08, 7.62, 10.16, 12.7, 
196.643, 201.722, 48.2533, 38.9623, 35.1595, 26.834, 17.0388, 16.0644, 15.4502, 15.24, 15.4502, 16.0644, 17.0388, 18.3162, 19.838, 21.5526, 23.4176, 25.4, 27.4743, 29.6212, 31.8261, 7.62, 5.08, 2.54, 0, 2.54, 5.08, 7.62, 10.16, 
196.604, 201.684, 49.2328, 40.169, 36.4921, 28.5578, 18.3162, 17.0388, 16.0644, 15.4502, 15.24, 15.4502, 16.0644, 17.0388, 18.3162, 19.838, 21.5526, 23.4176, 25.4, 27.4743, 29.6212, 10.16, 7.62, 5.08, 2.54, 0, 2.54, 5.08, 7.62, 
196.597, 201.677, 50.3215, 41.4962, 37.9481, 30.3963, 19.838, 18.3162, 17.0388, 16.0644, 15.4502, 15.24, 15.4502, 16.0644, 17.0388, 18.3162, 19.838, 21.5526, 23.4176, 25.4, 27.4743, 12.7, 10.16, 7.62, 5.08, 2.54, 0, 2.54, 5.08, 
196.624, 201.703, 51.5126, 42.9328, 39.5139, 32.3299, 21.5526, 19.838, 18.3162, 17.0388, 16.0644, 15.4502, 15.24, 15.4502, 16.0644, 17.0388, 18.3162, 19.838, 21.5526, 23.4176, 25.4, 15.24, 12.7, 10.16, 7.62, 5.08, 2.54, 0, 2.54, 
196.683, 201.761, 52.799, 44.4681, 41.177, 34.3426, 23.4176, 21.5526, 19.838, 18.3162, 17.0388, 16.0644, 15.4502, 15.24, 15.4502, 16.0644, 17.0388, 18.3162, 19.838, 21.5526, 23.4176, 17.78, 15.24, 12.7, 10.16, 7.62, 5.08, 2.54, 0, 
Scaled Distances:
0, 313, 29537, 28292, 27762, 26518, 25799, 25784, 25772, 25763, 25759, 25758, 25761, 25768, 25778, 25793, 25810, 25832, 25858, 25887, 25919, 23927, 23910, 23897, 23888, 23883, 23883, 23886, 23893, 
313, 0, 30159, 28914, 28385, 27140, 26423, 26408, 26396, 26388, 26384, 26383, 26386, 26393, 26403, 26417, 26434, 26456, 26480, 26509, 26541, 24551, 24534, 24522, 24513, 24508, 24508, 24511, 24518, 
29537, 30159, 0, 938, 1469, 2720, 3543, 3653, 3783, 3933, 4100, 4283, 4478, 4686, 4904, 5131, 5367, 5609, 5858, 6113, 6372, 5353, 5428, 5520, 5626, 5746, 5880, 6027, 6185, 
28292, 28914, 938, 0, 219, 1469, 2386, 2540, 2720, 2919, 3136, 3366, 3608, 3859, 4118, 4384, 4655, 4930, 5210, 5493, 5779, 4140, 4236, 4350, 4482, 4631, 4794, 4971, 5160, 
27762, 28385, 1469, 219, 0, 938, 1924, 2109, 2318, 2546, 2788, 3043, 3306, 3577, 3853, 4135, 4420, 4709, 5000, 5293, 5589, 3632, 3739, 3867, 4014, 4178, 4358, 4550, 4755, 
26518, 27140, 2720, 1469, 938, 0, 1057, 1342, 1635, 1933, 2235, 2539, 2845, 3152, 3459, 3768, 4077, 4387, 4697, 5007, 5318, 2470, 2620, 2795, 2990, 3202, 3428, 3666, 3914, 
25799, 26423, 3543, 2386, 1924, 1057, 0, 0, 313, 625, 938, 1250, 1563, 1876, 2188, 2501, 2813, 3126, 3439, 3751, 4064, 1563, 1589, 1664, 1784, 1942, 2129, 2340, 2569, 
25784, 26408, 3653, 2540, 2109, 1342, 0, 0, 0, 313, 625, 938, 1250, 1563, 1876, 2188, 2501, 2813, 3126, 3439, 3751, 1589, 1563, 1589, 1664, 1784, 1942, 2129, 2340, 
25772, 26396, 3783, 2720, 2318, 1635, 313, 0, 0, 0, 313, 625, 938, 1250, 1563, 1876, 2188, 2501, 2813, 3126, 3439, 1664, 1589, 1563, 1589, 1664, 1784, 1942, 2129, 
25763, 26388, 3933, 2919, 2546, 1933, 625, 313, 0, 0, 0, 313, 625, 938, 1250, 1563, 1876, 2188, 2501, 2813, 3126, 1784, 1664, 1589, 1563, 1589, 1664, 1784, 1942, 
25759, 26384, 4100, 3136, 2788, 2235, 938, 625, 313, 0, 0, 0, 313, 625, 938, 1250, 1563, 1876, 2188, 2501, 2813, 1942, 1784, 1664, 1589, 1563, 1589, 1664, 1784, 
25758, 26383, 4283, 3366, 3043, 2539, 1250, 938, 625, 313, 0, 0, 0, 313, 625, 938, 1250, 1563, 1876, 2188, 2501, 2129, 1942, 1784, 1664, 1589, 1563, 1589, 1664, 
25761, 26386, 4478, 3608, 3306, 2845, 1563, 1250, 938, 625, 313, 0, 0, 0, 313, 625, 938, 1250, 1563, 1876, 2188, 2340, 2129, 1942, 1784, 1664, 1589, 1563, 1589, 
25768, 26393, 4686, 3859, 3577, 3152, 1876, 1563, 1250, 938, 625, 313, 0, 0, 0, 313, 625, 938, 1250, 1563, 1876, 2569, 2340, 2129, 1942, 1784, 1664, 1589, 1563, 
25778, 26403, 4904, 4118, 3853, 3459, 2188, 1876, 1563, 1250, 938, 625, 313, 0, 0, 0, 313, 625, 938, 1250, 1563, 2813, 2569, 2340, 2129, 1942, 1784, 1664, 1589, 
25793, 26417, 5131, 4384, 4135, 3768, 2501, 2188, 1876, 1563, 1250, 938, 625, 313, 0, 0, 0, 313, 625, 938, 1250, 3069, 2813, 2569, 2340, 2129, 1942, 1784, 1664, 
25810, 26434, 5367, 4655, 4420, 4077, 2813, 2501, 2188, 1876, 1563, 1250, 938, 625, 313, 0, 0, 0, 313, 625, 938, 3333, 3069, 2813, 2569, 2340, 2129, 1942, 1784, 
25832, 26456, 5609, 4930, 4709, 4387, 3126, 2813, 2501, 2188, 1876, 1563, 1250, 938, 625, 313, 0, 0, 0, 313, 625, 3604, 3333, 3069, 2813, 2569, 2340, 2129, 1942, 
25858, 26480, 5858, 5210, 5000, 4697, 3439, 3126, 2813, 2501, 2188, 1876, 1563, 1250, 938, 625, 313, 0, 0, 0, 313, 3881, 3604, 3333, 3069, 2813, 2569, 2340, 2129, 
25887, 26509, 6113, 5493, 5293, 5007, 3751, 3439, 3126, 2813, 2501, 2188, 1876, 1563, 1250, 938, 625, 313, 0, 0, 0, 4163, 3881, 3604, 3333, 3069, 2813, 2569, 2340, 
25919, 26541, 6372, 5779, 5589, 5318, 4064, 3751, 3439, 3126, 2813, 2501, 2188, 1876, 1563, 1250, 938, 625, 313, 0, 0, 4449, 4163, 3881, 3604, 3333, 3069, 2813, 2569, 
23927, 24551, 5353, 4140, 3632, 2470, 1563, 1589, 1664, 1784, 1942, 2129, 2340, 2569, 2813, 3069, 3333, 3604, 3881, 4163, 4449, 0, 0, 313, 625, 938, 1250, 1563, 1876, 
23910, 24534, 5428, 4236, 3739, 2620, 1589, 1563, 1589, 1664, 1784, 1942, 2129, 2340, 2569, 2813, 3069, 3333, 3604, 3881, 4163, 0, 0, 0, 313, 625, 938, 1250, 1563, 
23897, 24522, 5520, 4350, 3867, 2795, 1664, 1589, 1563, 1589, 1664, 1784, 1942, 2129, 2340, 2569, 2813, 3069, 3333, 3604, 3881, 313, 0, 0, 0, 313, 625, 938, 1250, 
23888, 24513, 5626, 4482, 4014, 2990, 1784, 1664, 1589, 1563, 1589, 1664, 1784, 1942, 2129, 2340, 2569, 2813, 3069, 3333, 3604, 625, 313, 0, 0, 0, 313, 625, 938, 
23883, 24508, 5746, 4631, 4178, 3202, 1942, 1784, 1664, 1589, 1563, 1589, 1664, 1784, 1942, 2129, 2340, 2569, 2813, 3069, 3333, 938, 625, 313, 0, 0, 0, 313, 625, 
23883, 24508, 5880, 4794, 4358, 3428, 2129, 1942, 1784, 1664, 1589, 1563, 1589, 1664, 1784, 1942, 2129, 2340, 2569, 2813, 3069, 1250, 938, 625, 313, 0, 0, 0, 313, 
23886, 24511, 6027, 4971, 4550, 3666, 2340, 2129, 1942, 1784, 1664, 1589, 1563, 1589, 1664, 1784, 1942, 2129, 2340, 2569, 2813, 1563, 1250, 938, 625, 313, 0, 0, 0, 
23893, 24518, 6185, 5160, 4755, 3914, 2569, 2340, 2129, 1942, 1784, 1664, 1589, 1563, 1589, 1664, 1784, 1942, 2129, 2340, 2569, 1876, 1563, 1250, 938, 625, 313, 0, 0, 
Optimal total distance (scaled) for 29 points: 58855
Optimal total distance for 29 points: 551.870722
Corresponding path (0-indexed):
Point #28
Point #0
Point #1
Point #20
Point #19
Point #18
Point #17
Point #16
Point #15
Point #14
Point #13
Point #12
Point #11
Point #10
Point #9
Point #8
Point #7
Point #6
Point #2
Point #3
Point #4
Point #5
Point #21
Point #22
Point #23
Point #24
Point #25
Point #26
Point #27
Point #28
Execution time: 51689 ms

Elapsed time: 51689 ms


Terminating due to timeout: 51689 ms >= 20000 ms

Executed runs: 1/10000
Total execution time: 51.689 s
Avg execution time: 51689 ms
