Solving TSP


Execution #1/10000

Seed: 1
Estimated max possible cost 579.792808
for path: 
0 1 2 3 4 5 6 7 8 9 10 11 12 13 14 15 16 17 18 19 20 21 22 23 24 25 26 27 28 29 0
Memory needed for path: 2224799931 locs, for costs: 1968053535 locs.
Desired precision: 1e+12
Mem constraint for cost_t: 16 bits
Rounded to pow of 2 bytes mem constraint (capped at 64bits) for cost_t: 16 bits
Bits needed for an int to preserve precision: 49
Warning: cannot preserve precision.
Warning: Using an integer; there is not enough memory for decimals.
Bits used per cost_t: 16
Selected cost_t = (u)int16_t
Solving with cost_t = t
Memory [GB] needed: 5.73779
Requested precision is too high;managed to differentiate costs by: 0.007429
Distances:
0, 5.08, 242.54, 232.423, 228.124, 218.013, 212.172, 212.044, 211.947, 211.88, 211.843, 211.837, 211.862, 211.917, 212.002, 212.117, 212.263, 212.44, 212.646, 212.882, 213.149, 196.958, 196.821, 196.716, 196.643, 196.604, 196.597, 196.624, 196.683, 196.775, 
5.08, 0, 247.599, 237.481, 233.181, 223.068, 217.244, 217.119, 217.024, 216.959, 216.923, 216.917, 216.941, 216.995, 217.078, 217.191, 217.333, 217.505, 217.707, 217.938, 218.198, 202.029, 201.895, 201.793, 201.722, 201.684, 201.677, 201.703, 201.761, 201.85, 
242.54, 247.599, 0, 10.16, 14.478, 24.638, 31.3255, 32.219, 33.2827, 34.501, 35.8581, 37.3389, 38.9292, 40.6162, 42.3883, 44.2354, 46.1484, 48.1194, 50.1417, 52.2092, 54.3168, 46.0364, 46.649, 47.3899, 48.2533, 49.2328, 50.3215, 51.5126, 52.799, 54.1741, 
232.423, 237.481, 10.16, 0, 4.318, 14.478, 21.9236, 23.1823, 24.6393, 26.2617, 28.0207, 29.8922, 31.8565, 33.8973, 36.0018, 38.1592, 40.3612, 42.6009, 44.8725, 47.1716, 49.4942, 36.1805, 36.9568, 37.8877, 38.9623, 40.169, 41.4962, 42.9328, 44.4681, 46.0924, 
228.124, 233.181, 14.478, 4.318, 0, 10.16, 18.1765, 19.6764, 21.3738, 23.2254, 25.1973, 27.2633, 29.4037, 31.6034, 33.8507, 36.1368, 38.4548, 40.7992, 43.1658, 45.5511, 47.9522, 32.0493, 32.9231, 33.9648, 35.1595, 36.4921, 37.9481, 39.5139, 41.177, 42.926, 
218.013, 223.068, 24.638, 14.478, 10.16, 0, 11.1326, 13.4428, 15.8236, 18.2474, 20.6991, 23.1698, 25.654, 28.1482, 30.6499, 33.1575, 35.6696, 38.1854, 40.7042, 43.2255, 45.7489, 22.606, 23.8287, 25.2484, 26.834, 28.5578, 30.3963, 32.3299, 34.3426, 36.4213, 
212.172, 217.244, 31.3255, 21.9236, 18.1765, 11.1326, 0, 2.54, 5.08, 7.62, 10.16, 12.7, 15.24, 17.78, 20.32, 22.86, 25.4, 27.94, 30.48, 33.02, 35.56, 15.24, 15.4502, 16.0644, 17.0388, 18.3162, 19.838, 21.5526, 23.4176, 25.4, 
212.044, 217.119, 32.219, 23.1823, 19.6764, 13.4428, 2.54, 0, 2.54, 5.08, 7.62, 10.16, 12.7, 15.24, 17.78, 20.32, 22.86, 25.4, 27.94, 30.48, 33.02, 15.4502, 15.24, 15.4502, 16.0644, 17.0388, 18.3162, 19.838, 21.5526, 23.4176, 
211.947, 217.024, 33.2827, 24.6393, 21.3738, 15.8236, 5.08, 2.54, 0, 2.54, 5.08, 7.62, 10.16, 12.7, 15.24, 17.78, 20.32, 22.86, 25.4, 27.94, 30.48, 16.0644, 15.4502, 15.24, 15.4502, 16.0644, 17.0388, 18.3162, 19.838, 21.5526, 
211.88, 216.959, 34.501, 26.2617, 23.2254, 18.2474, 7.62, 5.08, 2.54, 0, 2.54, 5.08, 7.62, 10.16, 12.7, 15.24, 17.78, 20.32, 22.86, 25.4, 27.94, 17.0388, 16.0644, 15.4502, 15.24, 15.4502, 16.0644, 17.0388, 18.3162, 19.838, 
211.843, 216.923, 35.8581, 28.0207, 25.1973, 20.6991, 10.16, 7.62, 5.08, 2.54, 0, 2.54, 5.08, 7.62, 10.16, 12.7, 15.24, 17.78, 20.32, 22.86, 25.4, 18.3162, 17.0388, 16.0644, 15.4502, 15.24, 15.4502, 16.0644, 17.0388, 18.3162, 
211.837, 216.917, 37.3389, 29.8922, 27.2633, 23.1698, 12.7, 10.16, 7.62, 5.08, 2.54, 0, 2.54, 5.08, 7.62, 10.16, 12.7, 15.24, 17.78, 20.32, 22.86, 19.838, 18.3162, 17.0388, 16.0644, 15.4502, 15.24, 15.4502, 16.0644, 17.0388, 
211.862, 216.941, 38.9292, 31.8565, 29.4037, 25.654, 15.24, 12.7, 10.16, 7.62, 5.08, 2.54, 0, 2.54, 5.08, 7.62, 10.16, 12.7, 15.24, 17.78, 20.32, 21.5526, 19.838, 18.3162, 17.0388, 16.0644, 15.4502, 15.24, 15.4502, 16.0644, 
211.917, 216.995, 40.6162, 33.8973, 31.6034, 28.1482, 17.78, 15.24, 12.7, 10.16, 7.62, 5.08, 2.54, 0, 2.54, 5.08, 7.62, 10.16, 12.7, 15.24, 17.78, 23.4176, 21.5526, 19.838, 18.3162, 17.0388, 16.0644, 15.4502, 15.24, 15.4502, 
212.002, 217.078, 42.3883, 36.0018, 33.8507, 30.6499, 20.32, 17.78, 15.24, 12.7, 10.16, 7.62, 5.08, 2.54, 0, 2.54, 5.08, 7.62, 10.16, 12.7, 15.24, 25.4, 23.4176, 21.5526, 19.838, 18.3162, 17.0388, 16.0644, 15.4502, 15.24, 
212.117, 217.191, 44.2354, 38.1592, 36.1368, 33.1575, 22.86, 20.32, 17.78, 15.24, 12.7, 10.16, 7.62, 5.08, 2.54, 0, 2.54, 5.08, 7.62, 10.16, 12.7, 27.4743, 25.4, 23.4176, 21.5526, 19.838, 18.3162, 17.0388, 16.0644, 15.4502, 
212.263, 217.333, 46.1484, 40.3612, 38.4548, 35.6696, 25.4, 22.86, 20.32, 17.78, 15.24, 12.7, 10.16, 7.62, 5.08, 2.54, 0, 2.54, 5.08, 7.62, 10.16, 29.6212, 27.4743, 25.4, 23.4176, 21.5526, 19.838, 18.3162, 17.0388, 16.0644, 
212.44, 217.505, 48.1194, 42.6009, 40.7992, 38.1854, 27.94, 25.4, 22.86, 20.32, 17.78, 15.24, 12.7, 10.16, 7.62, 5.08, 2.54, 0, 2.54, 5.08, 7.62, 31.8261, 29.6212, 27.4743, 25.4, 23.4176, 21.5526, 19.838, 18.3162, 17.0388, 
212.646, 217.707, 50.1417, 44.8725, 43.1658, 40.7042, 30.48, 27.94, 25.4, 22.86, 20.32, 17.78, 15.24, 12.7, 10.16, 7.62, 5.08, 2.54, 0, 2.54, 5.08, 34.0777, 31.8261, 29.6212, 27.4743, 25.4, 23.4176, 21.5526, 19.838, 18.3162, 
212.882, 217.938, 52.2092, 47.1716, 45.5511, 43.2255, 33.02, 30.48, 27.94, 25.4, 22.86, 20.32, 17.78, 15.24, 12.7, 10.16, 7.62, 5.08, 2.54, 0, 2.54, 36.3673, 34.0777, 31.8261, 29.6212, 27.4743, 25.4, 23.4176, 21.5526, 19.838, 
213.149, 218.198, 54.3168, 49.4942, 47.9522, 45.7489, 35.56, 33.02, 30.48, 27.94, 25.4, 22.86, 20.32, 17.78, 15.24, 12.7, 10.16, 7.62, 5.08, 2.54, 0, 38.6881, 36.3673, 34.0777, 31.8261, 29.6212, 27.4743, 25.4, 23.4176, 21.5526, 
196.958, 202.029, 46.0364, 36.1805, 32.0493, 22.606, 15.24, 15.4502, 16.0644, 17.0388, 18.3162, 19.838, 21.5526, 23.4176, 25.4, 27.4743, 29.6212, 31.8261, 34.0777, 36.3673, 38.6881, 0, 2.54, 5.08, 7.62, 10.16, 12.7, 15.24, 17.78, 20.32, 
196.821, 201.895, 46.649, 36.9568, 32.9231, 23.8287, 15.4502, 15.24, 15.4502, 16.0644, 17.0388, 18.3162, 19.838, 21.5526, 23.4176, 25.4, 27.4743, 29.6212, 31.8261, 34.0777, 36.3673, 2.54, 0, 2.54, 5.08, 7.62, 10.16, 12.7, 15.24, 17.78, 
196.716, 201.793, 47.3899, 37.8877, 33.9648, 25.2484, 16.0644, 15.4502, 15.24, 15.4502, 16.0644, 17.0388, 18.3162, 19.838, 21.5526, 23.4176, 25.4, 27.4743, 29.6212, 31.8261, 34.0777, 5.08, 2.54, 0, 2.54, 5.08, 7.62, 10.16, 12.7, 15.24, 
196.643, 201.722, 48.2533, 38.9623, 35.1595, 26.834, 17.0388, 16.0644, 15.4502, 15.24, 15.4502, 16.0644, 17.0388, 18.3162, 19.838, 21.5526, 23.4176, 25.4, 27.4743, 29.6212, 31.8261, 7.62, 5.08, 2.54, 0, 2.54, 5.08, 7.62, 10.16, 12.7, 
196.604, 201.684, 49.2328, 40.169, 36.4921, 28.5578, 18.3162, 17.0388, 16.0644, 15.4502, 15.24, 15.4502, 16.0644, 17.0388, 18.3162, 19.838, 21.5526, 23.4176, 25.4, 27.4743, 29.6212, 10.16, 7.62, 5.08, 2.54, 0, 2.54, 5.08, 7.62, 10.16, 
196.597, 201.677, 50.3215, 41.4962, 37.9481, 30.3963, 19.838, 18.3162, 17.0388, 16.0644, 15.4502, 15.24, 15.4502, 16.0644, 17.0388, 18.3162, 19.838, 21.5526, 23.4176, 25.4, 27.4743, 12.7, 10.16, 7.62, 5.08, 2.54, 0, 2.54, 5.08, 7.62, 
196.624, 201.703, 51.5126, 42.9328, 39.5139, 32.3299, 21.5526, 19.838, 18.3162, 17.0388, 16.0644, 15.4502, 15.24, 15.4502, 16.0644, 17.0388, 18.3162, 19.838, 21.5526, 23.4176, 25.4, 15.24, 12.7, 10.16, 7.62, 5.08, 2.54, 0, 2.54, 5.08, 
196.683, 201.761, 52.799, 44.4681, 41.177, 34.3426, 23.4176, 21.5526, 19.838, 18.3162, 17.0388, 16.0644, 15.4502, 15.24, 15.4502, 16.0644, 17.0388, 18.3162, 19.838, 21.5526, 23.4176, 17.78, 15.24, 12.7, 10.16, 7.62, 5.08, 2.54, 0, 2.54, 
196.775, 201.85, 54.1741, 46.0924, 42.926, 36.4213, 25.4, 23.4176, 21.5526, 19.838, 18.3162, 17.0388, 16.0644, 15.4502, 15.24, 15.4502, 16.0644, 17.0388, 18.3162, 19.838, 21.5526, 20.32, 17.78, 15.24, 12.7, 10.16, 7.62, 5.08, 2.54, 0, 
Scaled Distances:
0, 312, 29476, 28233, 27706, 26464, 25746, 25731, 25719, 25710, 25706, 25705, 25708, 25715, 25725, 25740, 25758, 25779, 25805, 25834, 25866, 23878, 23861, 23848, 23839, 23834, 23833, 23837, 23844, 23855, 
312, 0, 30097, 28855, 28327, 27085, 26369, 26354, 26342, 26334, 26330, 26329, 26332, 26339, 26349, 26363, 26380, 26401, 26426, 26454, 26486, 24501, 24484, 24472, 24463, 24458, 24457, 24461, 24468, 24479, 
29476, 30097, 0, 936, 1466, 2714, 3535, 3645, 3776, 3925, 4092, 4274, 4469, 4676, 4894, 5121, 5356, 5598, 5846, 6100, 6359, 5342, 5417, 5508, 5614, 5735, 5868, 6015, 6173, 6342, 
28233, 28855, 936, 0, 218, 1466, 2381, 2535, 2714, 2913, 3129, 3359, 3601, 3851, 4110, 4375, 4645, 4920, 5199, 5482, 5767, 4132, 4227, 4341, 4473, 4621, 4784, 4961, 5149, 5349, 
27706, 28327, 1466, 218, 0, 936, 1920, 2105, 2313, 2541, 2783, 3036, 3299, 3569, 3845, 4126, 4411, 4699, 4990, 5282, 5577, 3624, 3732, 3859, 4006, 4170, 4349, 4541, 4745, 4960, 
26464, 27085, 2714, 1466, 936, 0, 1055, 1339, 1631, 1929, 2230, 2534, 2839, 3145, 3452, 3760, 4069, 4378, 4687, 4997, 5307, 2464, 2615, 2789, 2984, 3195, 3421, 3659, 3906, 4161, 
25746, 26369, 3535, 2381, 1920, 1055, 0, 0, 312, 624, 936, 1248, 1560, 1872, 2184, 2496, 2808, 3120, 3431, 3743, 4055, 1560, 1586, 1661, 1781, 1938, 2124, 2335, 2564, 2808, 
25731, 26354, 3645, 2535, 2105, 1339, 0, 0, 0, 312, 624, 936, 1248, 1560, 1872, 2184, 2496, 2808, 3120, 3431, 3743, 1586, 1560, 1586, 1661, 1781, 1938, 2124, 2335, 2564, 
25719, 26342, 3776, 2714, 2313, 1631, 312, 0, 0, 0, 312, 624, 936, 1248, 1560, 1872, 2184, 2496, 2808, 3120, 3431, 1661, 1586, 1560, 1586, 1661, 1781, 1938, 2124, 2335, 
25710, 26334, 3925, 2913, 2541, 1929, 624, 312, 0, 0, 0, 312, 624, 936, 1248, 1560, 1872, 2184, 2496, 2808, 3120, 1781, 1661, 1586, 1560, 1586, 1661, 1781, 1938, 2124, 
25706, 26330, 4092, 3129, 2783, 2230, 936, 624, 312, 0, 0, 0, 312, 624, 936, 1248, 1560, 1872, 2184, 2496, 2808, 1938, 1781, 1661, 1586, 1560, 1586, 1661, 1781, 1938, 
25705, 26329, 4274, 3359, 3036, 2534, 1248, 936, 624, 312, 0, 0, 0, 312, 624, 936, 1248, 1560, 1872, 2184, 2496, 2124, 1938, 1781, 1661, 1586, 1560, 1586, 1661, 1781, 
25708, 26332, 4469, 3601, 3299, 2839, 1560, 1248, 936, 624, 312, 0, 0, 0, 312, 624, 936, 1248, 1560, 1872, 2184, 2335, 2124, 1938, 1781, 1661, 1586, 1560, 1586, 1661, 
25715, 26339, 4676, 3851, 3569, 3145, 1872, 1560, 1248, 936, 624, 312, 0, 0, 0, 312, 624, 936, 1248, 1560, 1872, 2564, 2335, 2124, 1938, 1781, 1661, 1586, 1560, 1586, 
25725, 26349, 4894, 4110, 3845, 3452, 2184, 1872, 1560, 1248, 936, 624, 312, 0, 0, 0, 312, 624, 936, 1248, 1560, 2808, 2564, 2335, 2124, 1938, 1781, 1661, 1586, 1560, 
25740, 26363, 5121, 4375, 4126, 3760, 2496, 2184, 1872, 1560, 1248, 936, 624, 312, 0, 0, 0, 312, 624, 936, 1248, 3062, 2808, 2564, 2335, 2124, 1938, 1781, 1661, 1586, 
25758, 26380, 5356, 4645, 4411, 4069, 2808, 2496, 2184, 1872, 1560, 1248, 936, 624, 312, 0, 0, 0, 312, 624, 936, 3326, 3062, 2808, 2564, 2335, 2124, 1938, 1781, 1661, 
25779, 26401, 5598, 4920, 4699, 4378, 3120, 2808, 2496, 2184, 1872, 1560, 1248, 936, 624, 312, 0, 0, 0, 312, 624, 3597, 3326, 3062, 2808, 2564, 2335, 2124, 1938, 1781, 
25805, 26426, 5846, 5199, 4990, 4687, 3431, 3120, 2808, 2496, 2184, 1872, 1560, 1248, 936, 624, 312, 0, 0, 0, 312, 3873, 3597, 3326, 3062, 2808, 2564, 2335, 2124, 1938, 
25834, 26454, 6100, 5482, 5282, 4997, 3743, 3431, 3120, 2808, 2496, 2184, 1872, 1560, 1248, 936, 624, 312, 0, 0, 0, 4155, 3873, 3597, 3326, 3062, 2808, 2564, 2335, 2124, 
25866, 26486, 6359, 5767, 5577, 5307, 4055, 3743, 3431, 3120, 2808, 2496, 2184, 1872, 1560, 1248, 936, 624, 312, 0, 0, 4440, 4155, 3873, 3597, 3326, 3062, 2808, 2564, 2335, 
23878, 24501, 5342, 4132, 3624, 2464, 1560, 1586, 1661, 1781, 1938, 2124, 2335, 2564, 2808, 3062, 3326, 3597, 3873, 4155, 4440, 0, 0, 312, 624, 936, 1248, 1560, 1872, 2184, 
23861, 24484, 5417, 4227, 3732, 2615, 1586, 1560, 1586, 1661, 1781, 1938, 2124, 2335, 2564, 2808, 3062, 3326, 3597, 3873, 4155, 0, 0, 0, 312, 624, 936, 1248, 1560, 1872, 
23848, 24472, 5508, 4341, 3859, 2789, 1661, 1586, 1560, 1586, 1661, 1781, 1938, 2124, 2335, 2564, 2808, 3062, 3326, 3597, 3873, 312, 0, 0, 0, 312, 624, 936, 1248, 1560, 
23839, 24463, 5614, 4473, 4006, 2984, 1781, 1661, 1586, 1560, 1586, 1661, 1781, 1938, 2124, 2335, 2564, 2808, 3062, 3326, 3597, 624, 312, 0, 0, 0, 312, 624, 936, 1248, 
23834, 24458, 5735, 4621, 4170, 3195, 1938, 1781, 1661, 1586, 1560, 1586, 1661, 1781, 1938, 2124, 2335, 2564, 2808, 3062, 3326, 936, 624, 312, 0, 0, 0, 312, 624, 936, 
23833, 24457, 5868, 4784, 4349, 3421, 2124, 1938, 1781, 1661, 1586, 1560, 1586, 1661, 1781, 1938, 2124, 2335, 2564, 2808, 3062, 1248, 936, 624, 312, 0, 0, 0, 312, 624, 
23837, 24461, 6015, 4961, 4541, 3659, 2335, 2124, 1938, 1781, 1661, 1586, 1560, 1586, 1661, 1781, 1938, 2124, 2335, 2564, 2808, 1560, 1248, 936, 624, 312, 0, 0, 0, 312, 
23844, 24468, 6173, 5149, 4745, 3906, 2564, 2335, 2124, 1938, 1781, 1661, 1586, 1560, 1586, 1661, 1781, 1938, 2124, 2335, 2564, 1872, 1560, 1248, 936, 624, 312, 0, 0, 0, 
23855, 24479, 6342, 5349, 4960, 4161, 2808, 2564, 2335, 2124, 1938, 1781, 1661, 1586, 1560, 1586, 1661, 1781, 1938, 2124, 2335, 2184, 1872, 1560, 1248, 936, 624, 312, 0, 0, 
Optimal total distance (scaled) for 30 points: 58742
Optimal total distance for 30 points: 554.502546
Corresponding path (0-indexed):
Point #29
Point #0
Point #1
Point #20
Point #19
Point #18
Point #17
Point #16
Point #15
Point #14
Point #13
Point #12
Point #11
Point #10
Point #9
Point #8
Point #7
Point #6
Point #2
Point #3
Point #4
Point #5
Point #21
Point #22
Point #23
Point #24
Point #25
Point #26
Point #27
Point #28
Point #29
Execution time: 124672 ms

Elapsed time: 124672 ms


Terminating due to timeout: 124672 ms >= 20000 ms

Executed runs: 1/10000
Total execution time: 124.672 s
Avg execution time: 124672 ms
